NaN	-2.5401	-2.2606	-2.0076	-1.7787	-1.5716	-1.3842	-1.2147	-1.0612	-0.92242	-0.79681	-0.68315	-0.5803	-0.48725	-0.40305	-0.32686	-0.25792	-0.19554	-0.1391	-0.088028	-0.041817	-3.98E-06	0.038898	0.084801	0.13553	0.1916	0.25356	0.32204	0.39773	0.48137	0.57381	0.67597	0.78887	0.91365	1.0516	1.204	1.3724	1.5585	1.7643	1.9916	2.2429	2.5206
0	5.14E+12	6.26E+12	7.71E+12	9.43E+12	1.14E+13	1.35E+13	1.56E+13	1.76E+13	1.90E+13	2.00E+13	2.03E+13	2.01E+13	1.97E+13	1.91E+13	1.85E+13	1.79E+13	1.74E+13	1.70E+13	1.66E+13	1.63E+13	1.60E+13	1.58E+13	1.55E+13	1.51E+13	1.47E+13	1.42E+13	1.37E+13	1.31E+13	1.24E+13	1.17E+13	1.09E+13	1.00E+13	9.13E+12	8.22E+12	7.32E+12	6.46E+12	5.64E+12	4.88E+12	4.20E+12	3.58E+12	3.03E+12
0.1002	5.13E+12	6.23E+12	7.66E+12	9.37E+12	1.13E+13	1.35E+13	1.56E+13	1.77E+13	1.93E+13	2.05E+13	2.11E+13	2.11E+13	2.08E+13	2.02E+13	1.96E+13	1.90E+13	1.84E+13	1.79E+13	1.74E+13	1.70E+13	1.66E+13	1.63E+13	1.59E+13	1.55E+13	1.50E+13	1.44E+13	1.38E+13	1.32E+13	1.25E+13	1.17E+13	1.08E+13	9.96E+12	9.06E+12	8.15E+12	7.26E+12	6.41E+12	5.60E+12	4.85E+12	4.17E+12	3.56E+12	3.02E+12
0.2004	5.09E+12	6.18E+12	7.58E+12	9.25E+12	1.12E+13	1.33E+13	1.56E+13	1.78E+13	1.97E+13	2.12E+13	2.21E+13	2.25E+13	2.23E+13	2.19E+13	2.12E+13	2.05E+13	1.98E+13	1.92E+13	1.85E+13	1.80E+13	1.75E+13	1.70E+13	1.65E+13	1.59E+13	1.53E+13	1.47E+13	1.40E+13	1.32E+13	1.24E+13	1.16E+13	1.07E+13	9.83E+12	8.93E+12	8.03E+12	7.16E+12	6.32E+12	5.53E+12	4.80E+12	4.13E+12	3.53E+12	3.00E+12
0.3006	5.02E+12	6.09E+12	7.45E+12	9.07E+12	1.10E+13	1.31E+13	1.53E+13	1.76E+13	1.97E+13	2.15E+13	2.28E+13	2.35E+13	2.36E+13	2.33E+13	2.27E+13	2.20E+13	2.11E+13	2.03E+13	1.96E+13	1.89E+13	1.82E+13	1.77E+13	1.70E+13	1.63E+13	1.56E+13	1.48E+13	1.40E+13	1.31E+13	1.23E+13	1.14E+13	1.05E+13	9.62E+12	8.73E+12	7.86E+12	7.01E+12	6.19E+12	5.43E+12	4.72E+12	4.07E+12	3.49E+12	2.97E+12
0.4008	4.92E+12	5.98E+12	7.27E+12	8.81E+12	1.06E+13	1.26E+13	1.48E+13	1.70E+13	1.92E+13	2.11E+13	2.25E+13	2.34E+13	2.38E+13	2.36E+13	2.31E+13	2.24E+13	2.16E+13	2.07E+13	1.99E+13	1.91E+13	1.85E+13	1.78E+13	1.71E+13	1.63E+13	1.55E+13	1.46E+13	1.38E+13	1.29E+13	1.20E+13	1.11E+13	1.02E+13	9.33E+12	8.46E+12	7.62E+12	6.81E+12	6.03E+12	5.30E+12	4.62E+12	3.99E+12	3.43E+12	2.93E+12
0.501	4.81E+12	5.83E+12	7.05E+12	8.48E+12	1.01E+13	1.20E+13	1.39E+13	1.59E+13	1.78E+13	1.95E+13	2.09E+13	2.18E+13	2.23E+13	2.23E+13	2.19E+13	2.14E+13	2.07E+13	1.99E+13	1.92E+13	1.85E+13	1.78E+13	1.72E+13	1.65E+13	1.57E+13	1.49E+13	1.41E+13	1.32E+13	1.24E+13	1.15E+13	1.06E+13	9.77E+12	8.94E+12	8.12E+12	7.32E+12	6.56E+12	5.83E+12	5.14E+12	4.50E+12	3.90E+12	3.36E+12	2.88E+12
0.6012	4.67E+12	5.65E+12	6.77E+12	8.07E+12	9.53E+12	1.11E+13	1.27E+13	1.43E+13	1.58E+13	1.71E+13	1.82E+13	1.89E+13	1.93E+13	1.94E+13	1.93E+13	1.89E+13	1.85E+13	1.80E+13	1.74E+13	1.69E+13	1.63E+13	1.58E+13	1.53E+13	1.46E+13	1.39E+13	1.32E+13	1.24E+13	1.16E+13	1.08E+13	1.00E+13	9.22E+12	8.45E+12	7.70E+12	6.98E+12	6.27E+12	5.60E+12	4.96E+12	4.35E+12	3.79E+12	3.28E+12	2.82E+12
0.7014	4.50E+12	5.44E+12	6.46E+12	7.60E+12	8.83E+12	1.01E+13	1.13E+13	1.25E+13	1.34E+13	1.42E+13	1.48E+13	1.53E+13	1.56E+13	1.57E+13	1.58E+13	1.57E+13	1.55E+13	1.52E+13	1.49E+13	1.46E+13	1.42E+13	1.39E+13	1.35E+13	1.30E+13	1.25E+13	1.19E+13	1.13E+13	1.06E+13	9.95E+12	9.26E+12	8.58E+12	7.90E+12	7.23E+12	6.58E+12	5.95E+12	5.34E+12	4.75E+12	4.19E+12	3.67E+12	3.19E+12	2.75E+12
0.8016	4.33E+12	5.18E+12	6.09E+12	7.07E+12	8.06E+12	9.01E+12	9.85E+12	1.05E+13	1.10E+13	1.12E+13	1.14E+13	1.15E+13	1.17E+13	1.18E+13	1.20E+13	1.21E+13	1.21E+13	1.21E+13	1.20E+13	1.19E+13	1.18E+13	1.16E+13	1.14E+13	1.12E+13	1.08E+13	1.04E+13	9.99E+12	9.50E+12	8.97E+12	8.42E+12	7.86E+12	7.28E+12	6.72E+12	6.15E+12	5.59E+12	5.05E+12	4.52E+12	4.02E+12	3.54E+12	3.09E+12	2.68E+12
0.9018	4.13E+12	4.90E+12	5.70E+12	6.50E+12	7.25E+12	7.89E+12	8.35E+12	8.57E+12	8.59E+12	8.45E+12	8.28E+12	8.17E+12	8.18E+12	8.30E+12	8.49E+12	8.71E+12	8.92E+12	9.09E+12	9.21E+12	9.28E+12	9.31E+12	9.31E+12	9.28E+12	9.20E+12	9.06E+12	8.87E+12	8.61E+12	8.30E+12	7.93E+12	7.53E+12	7.09E+12	6.64E+12	6.17E+12	5.70E+12	5.22E+12	4.75E+12	4.28E+12	3.83E+12	3.40E+12	2.98E+12	2.60E+12
1.002	3.93E+12	4.59E+12	5.27E+12	5.90E+12	6.42E+12	6.78E+12	6.91E+12	6.79E+12	6.48E+12	6.07E+12	5.69E+12	5.43E+12	5.34E+12	5.41E+12	5.61E+12	5.87E+12	6.15E+12	6.42E+12	6.66E+12	6.85E+12	7.00E+12	7.12E+12	7.22E+12	7.30E+12	7.33E+12	7.31E+12	7.23E+12	7.08E+12	6.88E+12	6.62E+12	6.31E+12	5.97E+12	5.61E+12	5.23E+12	4.84E+12	4.44E+12	4.03E+12	3.63E+12	3.24E+12	2.87E+12	2.51E+12
1.1022	3.71E+12	4.27E+12	4.83E+12	5.30E+12	5.61E+12	5.72E+12	5.59E+12	5.23E+12	4.72E+12	4.18E+12	3.71E+12	3.39E+12	3.25E+12	3.28E+12	3.44E+12	3.69E+12	3.98E+12	4.27E+12	4.55E+12	4.80E+12	5.01E+12	5.20E+12	5.39E+12	5.58E+12	5.73E+12	5.84E+12	5.91E+12	5.91E+12	5.84E+12	5.72E+12	5.54E+12	5.31E+12	5.05E+12	4.76E+12	4.45E+12	4.12E+12	3.78E+12	3.43E+12	3.09E+12	2.75E+12	2.42E+12
1.2024	3.49E+12	3.95E+12	4.38E+12	4.69E+12	4.82E+12	4.74E+12	4.42E+12	3.91E+12	3.32E+12	2.75E+12	2.29E+12	1.99E+12	1.85E+12	1.85E+12	1.96E+12	2.16E+12	2.41E+12	2.68E+12	2.94E+12	3.19E+12	3.42E+12	3.63E+12	3.87E+12	4.10E+12	4.33E+12	4.53E+12	4.70E+12	4.82E+12	4.87E+12	4.86E+12	4.80E+12	4.67E+12	4.50E+12	4.30E+12	4.06E+12	3.80E+12	3.52E+12	3.22E+12	2.92E+12	2.62E+12	2.33E+12
1.3026	3.26E+12	3.63E+12	3.93E+12	4.11E+12	4.09E+12	3.85E+12	3.41E+12	2.85E+12	2.26E+12	1.75E+12	1.35E+12	1.10E+12	9.79E+11	9.65E+11	1.04E+12	1.18E+12	1.36E+12	1.58E+12	1.80E+12	2.02E+12	2.23E+12	2.43E+12	2.66E+12	2.91E+12	3.16E+12	3.41E+12	3.64E+12	3.84E+12	3.98E+12	4.07E+12	4.10E+12	4.06E+12	3.98E+12	3.85E+12	3.68E+12	3.48E+12	3.26E+12	3.01E+12	2.76E+12	2.49E+12	2.23E+12
1.4028	3.03E+12	3.31E+12	3.50E+12	3.55E+12	3.41E+12	3.07E+12	2.58E+12	2.02E+12	1.50E+12	1.07E+12	7.64E+11	5.77E+11	4.84E+11	4.66E+11	5.06E+11	5.94E+11	7.20E+11	8.72E+11	1.04E+12	1.21E+12	1.38E+12	1.55E+12	1.76E+12	1.99E+12	2.24E+12	2.50E+12	2.75E+12	2.99E+12	3.19E+12	3.35E+12	3.45E+12	3.49E+12	3.48E+12	3.42E+12	3.31E+12	3.17E+12	3.00E+12	2.81E+12	2.59E+12	2.36E+12	2.13E+12
1.503	2.80E+12	3.01E+12	3.08E+12	3.03E+12	2.80E+12	2.40E+12	1.90E+12	1.40E+12	9.56E+11	6.29E+11	4.13E+11	2.87E+11	2.24E+11	2.07E+11	2.26E+11	2.77E+11	3.54E+11	4.52E+11	5.67E+11	6.91E+11	8.19E+11	9.50E+11	1.12E+12	1.31E+12	1.53E+12	1.77E+12	2.03E+12	2.28E+12	2.51E+12	2.71E+12	2.87E+12	2.97E+12	3.01E+12	3.01E+12	2.96E+12	2.88E+12	2.75E+12	2.60E+12	2.43E+12	2.23E+12	2.03E+12
1.6032	2.58E+12	2.70E+12	2.70E+12	2.56E+12	2.26E+12	1.84E+12	1.37E+12	9.36E+11	5.92E+11	3.58E+11	2.15E+11	1.37E+11	9.77E+10	8.49E+10	9.23E+10	1.18E+11	1.61E+11	2.20E+11	2.92E+11	3.74E+11	4.63E+11	5.57E+11	6.81E+11	8.34E+11	1.01E+12	1.22E+12	1.45E+12	1.70E+12	1.94E+12	2.16E+12	2.35E+12	2.49E+12	2.59E+12	2.63E+12	2.63E+12	2.59E+12	2.51E+12	2.40E+12	2.26E+12	2.10E+12	1.93E+12
1.7034	2.36E+12	2.42E+12	2.34E+12	2.13E+12	1.80E+12	1.39E+12	9.65E+11	6.09E+11	3.54E+11	1.96E+11	1.08E+11	6.27E+10	4.05E+10	3.22E+10	3.40E+10	4.55E+10	6.73E+10	9.95E+10	1.42E+11	1.92E+11	2.50E+11	3.13E+11	4.01E+11	5.12E+11	6.52E+11	8.21E+11	1.02E+12	1.24E+12	1.47E+12	1.69E+12	1.90E+12	2.07E+12	2.20E+12	2.29E+12	2.33E+12	2.32E+12	2.28E+12	2.21E+12	2.10E+12	1.97E+12	1.83E+12
1.8036	2.15E+12	2.15E+12	2.02E+12	1.76E+12	1.41E+12	1.02E+12	6.63E+11	3.85E+11	2.04E+11	1.03E+11	5.22E+10	2.78E+10	1.63E+10	1.14E+10	1.12E+10	1.57E+10	2.57E+10	4.19E+10	6.49E+10	9.41E+10	1.29E+11	1.69E+11	2.27E+11	3.05E+11	4.07E+11	5.36E+11	6.95E+11	8.82E+11	1.09E+12	1.30E+12	1.51E+12	1.70E+12	1.85E+12	1.97E+12	2.04E+12	2.07E+12	2.06E+12	2.02E+12	1.95E+12	1.85E+12	1.72E+12
1.9038	1.94E+12	1.89E+12	1.73E+12	1.45E+12	1.10E+12	7.43E+11	4.45E+11	2.36E+11	1.13E+11	5.18E+10	2.40E+10	1.19E+10	6.44E+09	3.92E+09	3.28E+09	4.68E+09	8.78E+09	1.63E+10	2.80E+10	4.38E+10	6.37E+10	8.78E+10	1.24E+11	1.76E+11	2.46E+11	3.41E+11	4.64E+11	6.16E+11	7.93E+11	9.88E+11	1.19E+12	1.38E+12	1.55E+12	1.68E+12	1.78E+12	1.84E+12	1.86E+12	1.84E+12	1.80E+12	1.72E+12	1.62E+12
2.004	1.75E+12	1.66E+12	1.46E+12	1.17E+12	8.41E+11	5.32E+11	2.93E+11	1.41E+11	6.06E+10	2.47E+10	1.03E+10	4.83E+09	2.52E+09	1.38E+09	8.85E+08	1.15E+09	2.62E+09	5.85E+09	1.13E+10	1.94E+10	3.02E+10	4.40E+10	6.58E+10	9.81E+10	1.45E+11	2.12E+11	3.03E+11	4.21E+11	5.68E+11	7.38E+11	9.22E+11	1.11E+12	1.28E+12	1.43E+12	1.54E+12	1.62E+12	1.67E+12	1.68E+12	1.65E+12	1.60E+12	1.53E+12
2.1042	1.57E+12	1.44E+12	1.23E+12	9.43E+11	6.39E+11	3.76E+11	1.90E+11	8.22E+10	3.13E+10	1.11E+10	4.10E+09	1.79E+09	9.53E+08	5.26E+08	2.55E+08	2.15E+08	6.50E+08	1.90E+09	4.33E+09	8.22E+09	1.38E+10	2.13E+10	3.37E+10	5.33E+10	8.33E+10	1.28E+11	1.93E+11	2.82E+11	3.99E+11	5.42E+11	7.05E+11	8.78E+11	1.05E+12	1.20E+12	1.33E+12	1.42E+12	1.49E+12	1.52E+12	1.52E+12	1.49E+12	1.43E+12
2.2044	1.40E+12	1.25E+12	1.02E+12	7.49E+11	4.79E+11	2.62E+11	1.21E+11	4.74E+10	1.59E+10	4.81E+09	1.46E+09	5.67E+08	3.28E+08	2.13E+08	1.03E+08	2.91E+07	1.16E+08	5.49E+08	1.55E+09	3.33E+09	6.06E+09	9.96E+09	1.68E+10	2.82E+10	4.66E+10	7.58E+10	1.20E+11	1.86E+11	2.75E+11	3.92E+11	5.32E+11	6.88E+11	8.49E+11	1.00E+12	1.14E+12	1.24E+12	1.32E+12	1.37E+12	1.39E+12	1.38E+12	1.34E+12
2.3046	1.24E+12	1.07E+12	8.39E+11	5.87E+11	3.55E+11	1.81E+11	7.67E+10	2.71E+10	8.09E+09	2.08E+09	4.75E+08	1.33E+08	9.19E+07	8.76E+07	5.77E+07	1.31E+07	8.86E+06	1.38E+08	5.24E+08	1.30E+09	2.59E+09	4.54E+09	8.18E+09	1.46E+10	2.55E+10	4.39E+10	7.37E+10	1.20E+11	1.87E+11	2.79E+11	3.96E+11	5.34E+11	6.82E+11	8.30E+11	9.65E+11	1.08E+12	1.17E+12	1.23E+12	1.26E+12	1.27E+12	1.25E+12
2.4048	1.09E+12	9.12E+11	6.86E+11	4.54E+11	2.59E+11	1.23E+11	4.79E+10	1.55E+10	4.21E+09	9.64E+08	1.65E+08	1.58E+07	1.80E+07	3.70E+07	3.75E+07	1.89E+07	2.95E+06	3.27E+07	1.71E+08	4.94E+08	1.08E+09	2.02E+09	3.89E+09	7.36E+09	1.37E+10	2.49E+10	4.42E+10	7.58E+10	1.25E+11	1.96E+11	2.91E+11	4.09E+11	5.42E+11	6.82E+11	8.15E+11	9.34E+11	1.03E+12	1.10E+12	1.15E+12	1.17E+12	1.16E+12
2.505	9.54E+11	7.72E+11	5.57E+11	3.47E+11	1.85E+11	8.14E+10	2.93E+10	8.72E+09	2.24E+09	5.08E+08	8.93E+07	5.66E+06	5.78E+06	2.03E+07	2.73E+07	2.21E+07	1.16E+07	1.43E+07	6.02E+07	1.90E+08	4.47E+08	8.91E+08	1.82E+09	3.66E+09	7.21E+09	1.39E+10	2.61E+10	4.72E+10	8.20E+10	1.35E+11	2.11E+11	3.10E+11	4.27E+11	5.56E+11	6.84E+11	8.03E+11	9.04E+11	9.84E+11	1.04E+12	1.07E+12	1.08E+12
2.6052	8.32E+11	6.49E+11	4.48E+11	2.63E+11	1.30E+11	5.26E+10	1.73E+10	4.74E+09	1.18E+09	2.91E+08	7.08E+07	1.75E+07	1.13E+07	1.76E+07	2.31E+07	2.30E+07	1.83E+07	1.62E+07	3.06E+07	8.13E+07	1.93E+08	3.98E+08	8.54E+08	1.80E+09	3.75E+09	7.63E+09	1.51E+10	2.89E+10	5.30E+10	9.22E+10	1.51E+11	2.32E+11	3.33E+11	4.49E+11	5.70E+11	6.87E+11	7.90E+11	8.76E+11	9.40E+11	9.80E+11	9.97E+11
2.7054	7.21E+11	5.42E+11	3.56E+11	1.98E+11	8.99E+10	3.30E+10	9.74E+09	2.41E+09	5.78E+08	1.62E+08	5.67E+07	2.50E+07	1.76E+07	1.90E+07	2.21E+07	2.32E+07	2.19E+07	2.06E+07	2.54E+07	4.57E+07	9.42E+07	1.89E+08	4.09E+08	8.93E+08	1.94E+09	4.14E+09	8.65E+09	1.75E+10	3.38E+10	6.19E+10	1.07E+11	1.72E+11	2.57E+11	3.60E+11	4.72E+11	5.84E+11	6.88E+11	7.77E+11	8.47E+11	8.95E+11	9.22E+11
2.8056	6.22E+11	4.49E+11	2.81E+11	1.48E+11	6.17E+10	2.03E+10	5.23E+09	1.11E+09	2.43E+08	8.02E+07	4.03E+07	2.54E+07	2.03E+07	2.02E+07	2.18E+07	2.31E+07	2.34E+07	2.35E+07	2.59E+07	3.51E+07	5.73E+07	1.02E+08	2.09E+08	4.54E+08	1.01E+09	2.24E+09	4.90E+09	1.04E+10	2.12E+10	4.10E+10	7.44E+10	1.26E+11	1.97E+11	2.86E+11	3.88E+11	4.95E+11	5.96E+11	6.86E+11	7.60E+11	8.16E+11	8.50E+11
2.9058	5.33E+11	3.70E+11	2.20E+11	1.09E+11	4.22E+10	1.24E+10	2.72E+09	4.54E+08	7.77E+07	3.30E+07	2.59E+07	2.20E+07	2.00E+07	2.00E+07	2.11E+07	2.25E+07	2.35E+07	2.46E+07	2.67E+07	3.19E+07	4.33E+07	6.54E+07	1.19E+08	2.45E+08	5.38E+08	1.22E+09	2.77E+09	6.15E+09	1.32E+10	2.69E+10	5.13E+10	9.09E+10	1.49E+11	2.26E+11	3.17E+11	4.16E+11	5.14E+11	6.04E+11	6.81E+11	7.41E+11	7.82E+11
3.006	4.55E+11	3.03E+11	1.71E+11	7.89E+10	2.86E+10	7.62E+09	1.43E+09	1.73E+08	1.39E+07	1.14E+07	1.64E+07	1.78E+07	1.81E+07	1.88E+07	1.99E+07	2.13E+07	2.27E+07	2.42E+07	2.64E+07	3.02E+07	3.70E+07	4.93E+07	7.80E+07	1.44E+08	3.01E+08	6.77E+08	1.57E+09	3.62E+09	8.12E+09	1.74E+10	3.49E+10	6.51E+10	1.12E+11	1.77E+11	2.57E+11	3.48E+11	4.42E+11	5.30E+11	6.08E+11	6.72E+11	7.18E+11
3.1062	3.86E+11	2.46E+11	1.32E+11	5.64E+10	1.91E+10	4.71E+09	8.03E+08	7.95E+07	7.20E+05	4.97E+06	1.13E+07	1.43E+07	1.58E+07	1.70E+07	1.82E+07	1.97E+07	2.12E+07	2.29E+07	2.51E+07	2.82E+07	3.30E+07	4.07E+07	5.74E+07	9.45E+07	1.81E+08	3.90E+08	9.00E+08	2.13E+09	4.97E+09	1.12E+10	2.36E+10	4.62E+10	8.31E+10	1.37E+11	2.07E+11	2.90E+11	3.78E+11	4.64E+11	5.42E+11	6.08E+11	6.59E+11
3.2064	3.26E+11	1.99E+11	1.00E+11	4.00E+10	1.24E+10	2.86E+09	4.74E+08	5.34E+07	4.24E+06	4.87E+06	8.97E+06	1.18E+07	1.36E+07	1.50E+07	1.64E+07	1.78E+07	1.93E+07	2.10E+07	2.31E+07	2.57E+07	2.94E+07	3.48E+07	4.55E+07	6.77E+07	1.17E+08	2.36E+08	5.30E+08	1.26E+09	3.03E+09	7.10E+09	1.57E+10	3.24E+10	6.12E+10	1.05E+11	1.66E+11	2.40E+11	3.22E+11	4.04E+11	4.82E+11	5.49E+11	6.03E+11
3.3066	2.73E+11	1.59E+11	7.59E+10	2.83E+10	7.80E+09	1.65E+09	2.71E+08	3.96E+07	8.02E+06	5.86E+06	7.85E+06	9.96E+06	1.17E+07	1.32E+07	1.45E+07	1.59E+07	1.74E+07	1.90E+07	2.08E+07	2.31E+07	2.60E+07	3.00E+07	3.73E+07	5.16E+07	8.18E+07	1.52E+08	3.24E+08	7.59E+08	1.86E+09	4.50E+09	1.04E+10	2.25E+10	4.46E+10	8.05E+10	1.32E+11	1.97E+11	2.73E+11	3.51E+11	4.27E+11	4.94E+11	5.50E+11
3.4068	2.28E+11	1.27E+11	5.71E+10	1.98E+10	4.87E+09	8.84E+08	1.34E+08	2.40E+07	8.06E+06	6.06E+06	7.04E+06	8.59E+06	1.01E+07	1.15E+07	1.28E+07	1.41E+07	1.54E+07	1.69E+07	1.85E+07	2.04E+07	2.27E+07	2.58E+07	3.11E+07	4.07E+07	6.00E+07	1.03E+08	2.06E+08	4.68E+08	1.14E+09	2.85E+09	6.87E+09	1.56E+10	3.23E+10	6.09E+10	1.04E+11	1.62E+11	2.30E+11	3.04E+11	3.77E+11	4.44E+11	5.02E+11
3.507	1.89E+11	1.00E+11	4.24E+10	1.36E+10	3.08E+09	4.53E+08	5.12E+07	1.02E+07	5.94E+06	5.47E+06	6.25E+06	7.47E+06	8.76E+06	1.00E+07	1.12E+07	1.24E+07	1.36E+07	1.49E+07	1.63E+07	1.79E+07	1.97E+07	2.21E+07	2.59E+07	3.27E+07	4.56E+07	7.28E+07	1.36E+08	2.96E+08	7.15E+08	1.81E+09	4.51E+09	1.07E+10	2.32E+10	4.58E+10	8.16E+10	1.31E+11	1.93E+11	2.62E+11	3.32E+11	3.98E+11	4.56E+11
3.6072	1.56E+11	7.88E+10	3.12E+10	9.19E+09	1.97E+09	2.44E+08	1.48E+07	2.51E+06	3.86E+06	4.62E+06	5.47E+06	6.50E+06	7.62E+06	8.73E+06	9.82E+06	1.09E+07	1.20E+07	1.31E+07	1.43E+07	1.56E+07	1.71E+07	1.89E+07	2.18E+07	2.66E+07	3.54E+07	5.32E+07	9.35E+07	1.93E+08	4.54E+08	1.15E+09	2.95E+09	7.26E+09	1.65E+10	3.41E+10	6.35E+10	1.06E+11	1.61E+11	2.25E+11	2.92E+11	3.56E+11	4.14E+11
3.7074	1.29E+11	6.15E+10	2.28E+10	6.17E+09	1.22E+09	1.49E+08	6.39E+06	5.16E+05	2.71E+06	3.87E+06	4.75E+06	5.67E+06	6.64E+06	7.62E+06	8.59E+06	9.55E+06	1.05E+07	1.15E+07	1.25E+07	1.36E+07	1.48E+07	1.62E+07	1.83E+07	2.18E+07	2.78E+07	3.98E+07	6.59E+07	1.29E+08	2.94E+08	7.40E+08	1.93E+09	4.93E+09	1.17E+10	2.53E+10	4.91E+10	8.55E+10	1.34E+11	1.92E+11	2.55E+11	3.18E+11	3.76E+11
3.8076	1.05E+11	4.76E+10	1.66E+10	4.16E+09	7.10E+08	9.24E+07	7.05E+06	1.18E+06	2.30E+06	3.30E+06	4.12E+06	4.95E+06	5.80E+06	6.66E+06	7.52E+06	8.37E+06	9.22E+06	1.01E+07	1.10E+07	1.19E+07	1.28E+07	1.39E+07	1.55E+07	1.80E+07	2.22E+07	3.03E+07	4.74E+07	8.80E+07	1.93E+08	4.80E+08	1.27E+09	3.33E+09	8.25E+09	1.86E+10	3.77E+10	6.83E+10	1.11E+11	1.64E+11	2.23E+11	2.83E+11	3.40E+11
3.9078	8.53E+10	3.66E+10	1.19E+10	2.77E+09	3.98E+08	4.83E+07	6.43E+06	1.90E+06	2.14E+06	2.87E+06	3.59E+06	4.32E+06	5.07E+06	5.83E+06	6.59E+06	7.34E+06	8.09E+06	8.84E+06	9.59E+06	1.04E+07	1.12E+07	1.20E+07	1.32E+07	1.51E+07	1.80E+07	2.35E+07	3.47E+07	6.10E+07	1.29E+08	3.15E+08	8.36E+08	2.25E+09	5.78E+09	1.36E+10	2.88E+10	5.43E+10	9.16E+10	1.39E+11	1.94E+11	2.51E+11	3.07E+11
4.008	6.90E+10	2.80E+10	8.45E+09	1.78E+09	2.34E+08	1.88E+07	3.52E+06	1.86E+06	1.97E+06	2.51E+06	3.14E+06	3.78E+06	4.44E+06	5.11E+06	5.78E+06	6.45E+06	7.11E+06	7.77E+06	8.42E+06	9.07E+06	9.73E+06	1.04E+07	1.14E+07	1.27E+07	1.48E+07	1.85E+07	2.59E+07	4.30E+07	8.67E+07	2.07E+08	5.52E+08	1.52E+09	4.04E+09	9.91E+09	2.19E+10	4.30E+10	7.51E+10	1.18E+11	1.68E+11	2.23E+11	2.77E+11
4.1082	5.54E+10	2.13E+10	6.00E+09	1.13E+09	1.48E+08	6.40E+06	9.73E+05	1.41E+06	1.73E+06	2.21E+06	2.75E+06	3.32E+06	3.90E+06	4.49E+06	5.08E+06	5.67E+06	6.26E+06	6.83E+06	7.40E+06	7.96E+06	8.51E+06	9.09E+06	9.86E+06	1.09E+07	1.24E+07	1.49E+07	1.98E+07	3.07E+07	5.89E+07	1.37E+08	3.66E+08	1.02E+09	2.81E+09	7.18E+09	1.65E+10	3.38E+10	6.13E+10	9.93E+10	1.46E+11	1.97E+11	2.49E+11
4.2084	4.43E+10	1.60E+10	4.19E+09	7.34E+08	8.80E+07	4.57E+06	1.80E+05	1.04E+06	1.50E+06	1.94E+06	2.42E+06	2.92E+06	3.43E+06	3.95E+06	4.48E+06	5.00E+06	5.51E+06	6.02E+06	6.51E+06	7.00E+06	7.48E+06	7.96E+06	8.59E+06	9.41E+06	1.05E+07	1.23E+07	1.55E+07	2.24E+07	4.03E+07	9.12E+07	2.42E+08	6.90E+08	1.95E+09	5.18E+09	1.24E+10	2.64E+10	4.98E+10	8.33E+10	1.26E+11	1.74E+11	2.24E+11
4.3086	3.53E+10	1.20E+10	2.90E+09	4.75E+08	4.44E+07	4.37E+06	4.68E+05	8.71E+05	1.30E+06	1.70E+06	2.13E+06	2.57E+06	3.03E+06	3.49E+06	3.95E+06	4.41E+06	4.86E+06	5.31E+06	5.74E+06	6.17E+06	6.58E+06	6.99E+06	7.53E+06	8.19E+06	9.06E+06	1.03E+07	1.24E+07	1.68E+07	2.80E+07	6.05E+07	1.60E+08	4.64E+08	1.35E+09	3.72E+09	9.28E+09	2.06E+10	4.02E+10	6.97E+10	1.08E+11	1.53E+11	2.00E+11
4.4088	2.79E+10	8.94E+09	2.01E+09	2.90E+08	2.13E+07	2.50E+06	7.33E+05	8.06E+05	1.14E+06	1.50E+06	1.88E+06	2.27E+06	2.67E+06	3.08E+06	3.49E+06	3.90E+06	4.30E+06	4.69E+06	5.08E+06	5.45E+06	5.81E+06	6.17E+06	6.62E+06	7.17E+06	7.87E+06	8.81E+06	1.02E+07	1.30E+07	1.99E+07	4.02E+07	1.05E+08	3.10E+08	9.31E+08	2.66E+09	6.91E+09	1.59E+10	3.24E+10	5.80E+10	9.27E+10	1.34E+11	1.79E+11
4.509	2.19E+10	6.60E+09	1.37E+09	1.73E+08	1.35E+07	5.44E+05	6.33E+05	7.38E+05	1.01E+06	1.32E+06	1.66E+06	2.01E+06	2.37E+06	2.73E+06	3.09E+06	3.46E+06	3.81E+06	4.16E+06	4.50E+06	4.82E+06	5.14E+06	5.45E+06	5.84E+06	6.32E+06	6.89E+06	7.63E+06	8.65E+06	1.04E+07	1.45E+07	2.69E+07	6.83E+07	2.06E+08	6.39E+08	1.89E+09	5.12E+09	1.23E+10	2.60E+10	4.81E+10	7.92E+10	1.18E+11	1.60E+11
4.6092	1.72E+10	4.84E+09	9.20E+08	1.10E+08	9.25E+06	6883.7	4.21E+05	6.50E+05	8.94E+05	1.17E+06	1.47E+06	1.78E+06	2.10E+06	2.42E+06	2.75E+06	3.07E+06	3.38E+06	3.69E+06	3.99E+06	4.28E+06	4.56E+06	4.83E+06	5.17E+06	5.58E+06	6.07E+06	6.68E+06	7.45E+06	8.62E+06	1.11E+07	1.84E+07	4.41E+07	1.35E+08	4.35E+08	1.34E+09	3.78E+09	9.45E+09	2.07E+10	3.98E+10	6.74E+10	1.03E+11	1.43E+11
4.7094	1.34E+10	3.53E+09	6.24E+08	6.91E+07	4.36E+06	3.19E+05	3.20E+05	5.65E+05	7.91E+05	1.04E+06	1.30E+06	1.58E+06	1.87E+06	2.16E+06	2.44E+06	2.73E+06	3.01E+06	3.28E+06	3.55E+06	3.80E+06	4.05E+06	4.29E+06	4.59E+06	4.95E+06	5.38E+06	5.89E+06	6.51E+06	7.34E+06	8.79E+06	1.29E+07	2.84E+07	8.70E+07	2.93E+08	9.46E+08	2.78E+09	7.23E+09	1.65E+10	3.27E+10	5.73E+10	8.94E+10	1.27E+11
4.8096	1.03E+10	2.56E+09	4.11E+08	3.84E+07	1.34E+06	4.32E+05	3.11E+05	4.97E+05	7.01E+05	9.23E+05	1.16E+06	1.41E+06	1.66E+06	1.92E+06	2.18E+06	2.43E+06	2.68E+06	2.93E+06	3.16E+06	3.39E+06	3.61E+06	3.82E+06	4.09E+06	4.40E+06	4.78E+06	5.22E+06	5.75E+06	6.38E+06	7.29E+06	9.53E+06	1.84E+07	5.52E+07	1.95E+08	6.61E+08	2.03E+09	5.50E+09	1.30E+10	2.69E+10	4.85E+10	7.77E+10	1.13E+11
4.9098	7.97E+09	1.84E+09	2.71E+08	2.24E+07	9.59E+05	2.25E+05	3.00E+05	4.42E+05	6.23E+05	8.22E+05	1.03E+06	1.26E+06	1.48E+06	1.71E+06	1.94E+06	2.17E+06	2.39E+06	2.61E+06	2.82E+06	3.03E+06	3.22E+06	3.41E+06	3.65E+06	3.92E+06	4.25E+06	4.64E+06	5.10E+06	5.63E+06	6.26E+06	7.45E+06	1.22E+07	3.44E+07	1.27E+08	4.57E+08	1.48E+09	4.17E+09	1.03E+10	2.19E+10	4.09E+10	6.74E+10	9.99E+10
5.01	6.10E+09	1.31E+09	1.80E+08	1.48E+07	9.77E+05	84457	2.61E+05	3.94E+05	5.55E+05	7.33E+05	9.24E+05	1.12E+06	1.33E+06	1.53E+06	1.74E+06	1.94E+06	2.14E+06	2.34E+06	2.52E+06	2.71E+06	2.88E+06	3.05E+06	3.26E+06	3.50E+06	3.80E+06	4.14E+06	4.55E+06	5.01E+06	5.51E+06	6.16E+06	8.46E+06	2.12E+07	8.10E+07	3.12E+08	1.06E+09	3.15E+09	8.07E+09	1.79E+10	3.44E+10	5.82E+10	8.84E+10
5.1102	4.65E+09	9.30E+08	1.14E+08	8.11E+06	3.90E+05	1.09E+05	2.23E+05	3.50E+05	4.95E+05	6.55E+05	8.26E+05	1.01E+06	1.19E+06	1.37E+06	1.56E+06	1.74E+06	1.92E+06	2.09E+06	2.26E+06	2.42E+06	2.58E+06	2.73E+06	2.92E+06	3.14E+06	3.40E+06	3.71E+06	4.07E+06	4.49E+06	4.92E+06	5.33E+06	6.32E+06	1.30E+07	5.02E+07	2.09E+08	7.61E+08	2.36E+09	6.31E+09	1.45E+10	2.88E+10	5.02E+10	7.80E+10
5.2104	3.52E+09	6.55E+08	7.45E+07	3.99E+06	20402	1.39E+05	1.98E+05	3.12E+05	4.42E+05	5.86E+05	7.40E+05	9.01E+05	1.07E+06	1.23E+06	1.40E+06	1.56E+06	1.72E+06	1.88E+06	2.03E+06	2.18E+06	2.31E+06	2.45E+06	2.62E+06	2.81E+06	3.05E+06	3.32E+06	3.65E+06	4.03E+06	4.43E+06	4.75E+06	5.12E+06	8.19E+06	3.02E+07	1.37E+08	5.38E+08	1.76E+09	4.92E+09	1.17E+10	2.41E+10	4.32E+10	6.87E+10
5.3106	2.65E+09	4.59E+08	4.73E+07	2.81E+06	1.13E+05	1.10E+05	1.79E+05	2.78E+05	3.96E+05	5.26E+05	6.65E+05	8.10E+05	9.58E+05	1.11E+06	1.26E+06	1.41E+06	1.55E+06	1.69E+06	1.83E+06	1.96E+06	2.08E+06	2.20E+06	2.35E+06	2.53E+06	2.74E+06	2.98E+06	3.28E+06	3.62E+06	4.00E+06	4.31E+06	4.44E+06	5.53E+06	1.76E+07	8.75E+07	3.74E+08	1.31E+09	3.81E+09	9.45E+09	2.01E+10	3.71E+10	6.04E+10
5.4108	1.99E+09	3.19E+08	2.94E+07	1.63E+06	1.47E+05	80857	1.60E+05	2.49E+05	3.55E+05	4.72E+05	5.98E+05	7.29E+05	8.63E+05	9.98E+05	1.13E+06	1.27E+06	1.40E+06	1.52E+06	1.65E+06	1.76E+06	1.87E+06	1.98E+06	2.12E+06	2.28E+06	2.46E+06	2.68E+06	2.95E+06	3.26E+06	3.61E+06	3.94E+06	4.03E+06	4.16E+06	1.00E+07	5.39E+07	2.56E+08	9.60E+08	2.94E+09	7.59E+09	1.67E+10	3.17E+10	5.30E+10
5.511	1.48E+09	2.20E+08	1.91E+07	6.09E+05	36735	77091	1.42E+05	2.23E+05	3.18E+05	4.24E+05	5.38E+05	6.57E+05	7.78E+05	9.01E+05	1.02E+06	1.14E+06	1.26E+06	1.38E+06	1.49E+06	1.59E+06	1.69E+06	1.79E+06	1.91E+06	2.05E+06	2.22E+06	2.42E+06	2.66E+06	2.94E+06	3.27E+06	3.60E+06	3.74E+06	3.51E+06	5.74E+06	3.18E+07	1.72E+08	6.98E+08	2.26E+09	6.07E+09	1.38E+10	2.71E+10	4.64E+10
5.6112	1.10E+09	1.51E+08	1.13E+07	4.99E+05	14651	74822	1.27E+05	2.00E+05	2.86E+05	3.82E+05	4.85E+05	5.93E+05	7.03E+05	8.14E+05	9.25E+05	1.03E+06	1.14E+06	1.24E+06	1.34E+06	1.44E+06	1.53E+06	1.62E+06	1.73E+06	1.85E+06	2.01E+06	2.18E+06	2.40E+06	2.65E+06	2.96E+06	3.29E+06	3.50E+06	3.24E+06	3.54E+06	1.78E+07	1.12E+08	5.00E+08	1.72E+09	4.84E+09	1.14E+10	2.31E+10	4.05E+10
5.7114	8.11E+08	1.03E+08	7.31E+06	3.16E+05	48360	64734	1.14E+05	1.80E+05	2.58E+05	3.45E+05	4.38E+05	5.36E+05	6.36E+05	7.37E+05	8.37E+05	9.36E+05	1.03E+06	1.13E+06	1.22E+06	1.30E+06	1.38E+06	1.46E+06	1.56E+06	1.68E+06	1.81E+06	1.97E+06	2.17E+06	2.40E+06	2.68E+06	3.00E+06	3.26E+06	3.11E+06	2.58E+06	9.42E+06	7.02E+07	3.53E+08	1.30E+09	3.84E+09	9.40E+09	1.96E+10	3.53E+10
5.8116	5.95E+08	6.94E+07	4.28E+06	68099	34492	56355	1.03E+05	1.62E+05	2.33E+05	3.12E+05	3.97E+05	4.85E+05	5.76E+05	6.68E+05	7.59E+05	8.49E+05	9.36E+05	1.02E+06	1.10E+06	1.18E+06	1.26E+06	1.33E+06	1.42E+06	1.52E+06	1.64E+06	1.79E+06	1.96E+06	2.17E+06	2.42E+06	2.72E+06	3.02E+06	3.02E+06	2.28E+06	4.70E+06	4.22E+07	2.45E+08	9.77E+08	3.03E+09	7.71E+09	1.66E+10	3.08E+10
5.9118	4.34E+08	4.66E+07	2.65E+06	97635	17031	51813	92503	1.46E+05	2.10E+05	2.82E+05	3.59E+05	4.40E+05	5.23E+05	6.06E+05	6.89E+05	7.71E+05	8.51E+05	9.28E+05	1.00E+06	1.07E+06	1.14E+06	1.21E+06	1.29E+06	1.38E+06	1.49E+06	1.62E+06	1.78E+06	1.97E+06	2.20E+06	2.47E+06	2.78E+06	2.92E+06	2.28E+06	2.34E+06	2.40E+07	1.66E+08	7.25E+08	2.38E+09	6.31E+09	1.40E+10	2.67E+10
6.012	3.15E+08	3.11E+07	1.60E+06	59096	23459	47125	83412	1.32E+05	1.90E+05	2.55E+05	3.26E+05	4.00E+05	4.75E+05	5.51E+05	6.27E+05	7.01E+05	7.74E+05	8.44E+05	9.12E+05	9.76E+05	1.04E+06	1.10E+06	1.17E+06	1.26E+06	1.36E+06	1.48E+06	1.62E+06	1.79E+06	1.99E+06	2.25E+06	2.55E+06	2.78E+06	2.38E+06	1.40E+06	1.26E+07	1.09E+08	5.32E+08	1.86E+09	5.14E+09	1.18E+10	2.31E+10
6.1122	2.27E+08	2.06E+07	9.12E+05	3142.5	22820	42112	75367	1.19E+05	1.72E+05	2.32E+05	2.96E+05	3.63E+05	4.32E+05	5.02E+05	5.71E+05	6.39E+05	7.05E+05	7.69E+05	8.30E+05	8.89E+05	9.45E+05	9.99E+05	1.07E+06	1.14E+06	1.24E+06	1.34E+06	1.47E+06	1.63E+06	1.81E+06	2.04E+06	2.33E+06	2.61E+06	2.46E+06	1.22E+06	5.92E+06	6.90E+07	3.84E+08	1.44E+09	4.17E+09	9.92E+09	2.00E+10
6.2124	1.63E+08	1.36E+07	5.84E+05	27936	16366	38085	68191	1.08E+05	1.56E+05	2.10E+05	2.69E+05	3.31E+05	3.94E+05	4.57E+05	5.20E+05	5.83E+05	6.43E+05	7.02E+05	7.58E+05	8.11E+05	8.62E+05	9.12E+05	9.73E+05	1.04E+06	1.13E+06	1.23E+06	1.34E+06	1.48E+06	1.65E+06	1.86E+06	2.12E+06	2.42E+06	2.47E+06	1.41E+06	2.38E+06	4.18E+07	2.73E+08	1.11E+09	3.37E+09	8.32E+09	1.73E+10
6.3126	1.17E+08	8.86E+06	3.01E+05	9816.4	16212	34667	61789	97917	1.42E+05	1.91E+05	2.45E+05	3.01E+05	3.59E+05	4.17E+05	4.75E+05	5.32E+05	5.87E+05	6.41E+05	6.92E+05	7.41E+05	7.88E+05	8.33E+05	8.89E+05	9.54E+05	1.03E+06	1.12E+06	1.23E+06	1.35E+06	1.50E+06	1.69E+06	1.93E+06	2.23E+06	2.42E+06	1.69E+06	8.07E+05	2.37E+07	1.89E+08	8.43E+08	2.71E+09	6.95E+09	1.49E+10
6.4128	8.28E+07	5.75E+06	2.08E+05	2906.7	15585	31426	56081	88922	1.29E+05	1.74E+05	2.23E+05	2.75E+05	3.28E+05	3.81E+05	4.34E+05	4.86E+05	5.37E+05	5.86E+05	6.33E+05	6.78E+05	7.21E+05	7.62E+05	8.13E+05	8.72E+05	9.42E+05	1.02E+06	1.12E+06	1.24E+06	1.37E+06	1.54E+06	1.76E+06	2.04E+06	2.31E+06	1.94E+06	3.79E+05	1.24E+07	1.28E+08	6.35E+08	2.17E+09	5.79E+09	1.28E+10
6.513	5.85E+07	3.71E+06	94573	10569	13103	28535	50976	80865	1.17E+05	1.59E+05	2.04E+05	2.51E+05	3.00E+05	3.49E+05	3.98E+05	4.45E+05	4.92E+05	5.37E+05	5.80E+05	6.21E+05	6.60E+05	6.98E+05	7.45E+05	7.99E+05	8.62E+05	9.37E+05	1.03E+06	1.13E+06	1.26E+06	1.41E+06	1.60E+06	1.86E+06	2.17E+06	2.09E+06	5.41E+05	5.65E+06	8.41E+07	4.73E+08	1.73E+09	4.81E+09	1.09E+10
6.6132	4.11E+07	2.38E+06	72032	2209.5	12203	26001	46400	73639	1.07E+05	1.45E+05	1.86E+05	2.30E+05	2.75E+05	3.20E+05	3.64E+05	4.08E+05	4.51E+05	4.92E+05	5.32E+05	5.70E+05	6.05E+05	6.40E+05	6.83E+05	7.33E+05	7.91E+05	8.59E+05	9.40E+05	1.04E+06	1.15E+06	1.29E+06	1.47E+06	1.70E+06	2.01E+06	2.15E+06	9.34E+05	2.05E+06	5.31E+07	3.47E+08	1.36E+09	3.98E+09	9.36E+09
6.7134	2.87E+07	1.51E+06	28311	4664	11325	23704	42297	67146	97587	1.32E+05	1.70E+05	2.10E+05	2.52E+05	2.93E+05	3.34E+05	3.75E+05	4.14E+05	4.52E+05	4.88E+05	5.23E+05	5.56E+05	5.88E+05	6.27E+05	6.73E+05	7.26E+05	7.89E+05	8.63E+05	9.51E+05	1.06E+06	1.19E+06	1.34E+06	1.55E+06	1.84E+06	2.11E+06	1.35E+06	4.37E+05	3.19E+07	2.50E+08	1.07E+09	3.28E+09	7.98E+09
6.8136	1.99E+07	9.55E+05	24413	4075.3	10081	21632	38610	61306	89169	1.21E+05	1.56E+05	1.93E+05	2.31E+05	2.69E+05	3.07E+05	3.44E+05	3.80E+05	4.15E+05	4.49E+05	4.81E+05	5.11E+05	5.41E+05	5.77E+05	6.19E+05	6.68E+05	7.25E+05	7.93E+05	8.74E+05	9.71E+05	1.09E+06	1.23E+06	1.42E+06	1.68E+06	2.01E+06	1.68E+06	5620.9	1.79E+07	1.77E+08	8.32E+08	2.69E+09	6.79E+09
6.9138	1.38E+07	5.99E+05	8271	2427.5	9288.7	19774	35289	56046	81573	1.11E+05	1.43E+05	1.77E+05	2.12E+05	2.47E+05	2.82E+05	3.17E+05	3.50E+05	3.82E+05	4.13E+05	4.43E+05	4.70E+05	4.98E+05	5.31E+05	5.70E+05	6.15E+05	6.68E+05	7.30E+05	8.05E+05	8.93E+05	1.00E+06	1.13E+06	1.30E+06	1.53E+06	1.88E+06	1.88E+06	1.96E+05	9.21E+06	1.22E+08	6.40E+08	2.20E+09	5.76E+09
7.014	9.48E+06	3.73E+05	7846.3	3449.2	8511.8	18097	32299	51299	74709	1.02E+05	1.31E+05	1.63E+05	1.95E+05	2.27E+05	2.60E+05	2.91E+05	3.22E+05	3.52E+05	3.81E+05	4.08E+05	4.34E+05	4.58E+05	4.89E+05	5.25E+05	5.67E+05	6.15E+05	6.73E+05	7.41E+05	8.23E+05	9.22E+05	1.04E+06	1.19E+06	1.39E+06	1.72E+06	1.96E+06	6.39E+05	4.14E+06	8.20E+07	4.87E+08	1.78E+09	4.88E+09
7.1142	6.48E+06	2.31E+05	2667.2	2237.9	7738	16582	29598	47013	68502	93331	1.21E+05	1.50E+05	1.79E+05	2.09E+05	2.39E+05	2.69E+05	2.97E+05	3.25E+05	3.51E+05	3.76E+05	4.00E+05	4.23E+05	4.51E+05	4.84E+05	5.23E+05	5.68E+05	6.21E+05	6.84E+05	7.59E+05	8.50E+05	9.60E+05	1.10E+06	1.28E+06	1.57E+06	1.93E+06	1.12E+06	1.53E+06	5.33E+07	3.66E+08	1.44E+09	4.11E+09
7.2144	4.41E+06	1.42E+05	2186.7	2473.7	7112.6	15210	27154	43136	62881	85738	1.11E+05	1.38E+05	1.65E+05	1.93E+05	2.21E+05	2.48E+05	2.74E+05	3.00E+05	3.24E+05	3.47E+05	3.69E+05	3.91E+05	4.17E+05	4.47E+05	4.83E+05	5.24E+05	5.73E+05	6.31E+05	7.01E+05	7.84E+05	8.86E+05	1.01E+06	1.17E+06	1.42E+06	1.84E+06	1.50E+06	4.54E+05	3.33E+07	2.71E+08	1.16E+09	3.46E+09
7.3146	2.98E+06	86750	1112.3	2100.5	6511.3	13967	24944	39624	57783	78844	1.02E+05	1.27E+05	1.52E+05	1.78E+05	2.04E+05	2.29E+05	2.53E+05	2.77E+05	2.99E+05	3.21E+05	3.41E+05	3.61E+05	3.85E+05	4.14E+05	4.46E+05	4.85E+05	5.30E+05	5.84E+05	6.48E+05	7.25E+05	8.18E+05	9.32E+05	1.08E+06	1.29E+06	1.70E+06	1.76E+06	2.79E+05	1.98E+07	1.98E+08	9.20E+08	2.90E+09
7.4148	2.01E+06	52622	431.39	1891.8	5968.7	12841	22940	36441	53158	72577	94033	1.17E+05	1.40E+05	1.64E+05	1.88E+05	2.11E+05	2.34E+05	2.56E+05	2.77E+05	2.97E+05	3.16E+05	3.34E+05	3.57E+05	3.83E+05	4.13E+05	4.49E+05	4.91E+05	5.40E+05	5.99E+05	6.70E+05	7.57E+05	8.62E+05	9.93E+05	1.18E+06	1.55E+06	1.88E+06	5.54E+05	1.11E+07	1.42E+08	7.27E+08	2.42E+09
7.515	1.34E+06	31713	532.49	1788.5	5487.3	11817	21118	33551	48953	66875	86709	1.08E+05	1.30E+05	1.52E+05	1.74E+05	1.96E+05	2.17E+05	2.37E+05	2.56E+05	2.75E+05	2.92E+05	3.09E+05	3.30E+05	3.55E+05	3.83E+05	4.16E+05	4.55E+05	5.00E+05	5.55E+05	6.21E+05	7.01E+05	7.98E+05	9.17E+05	1.08E+06	1.40E+06	1.88E+06	9.86E+05	5.90E+06	9.92E+07	5.69E+08	2.01E+09
7.6152	8.95E+05	18951	33.03	1553.1	5037.2	10884	19464	30922	45128	61681	80031	99605	1.20E+05	1.40E+05	1.61E+05	1.81E+05	2.01E+05	2.20E+05	2.38E+05	2.55E+05	2.71E+05	2.87E+05	3.06E+05	3.29E+05	3.55E+05	3.86E+05	4.22E+05	4.64E+05	5.15E+05	5.76E+05	6.49E+05	7.39E+05	8.50E+05	9.91E+05	1.26E+06	1.79E+06	1.40E+06	3.00E+06	6.79E+07	4.41E+08	1.66E+09
7.7154	5.93E+05	11279	218.16	1471.8	4631.6	10036	17959	28531	41645	56945	73933	92081	1.11E+05	1.30E+05	1.49E+05	1.68E+05	1.86E+05	2.04E+05	2.20E+05	2.36E+05	2.52E+05	2.66E+05	2.84E+05	3.05E+05	3.29E+05	3.58E+05	3.91E+05	4.31E+05	4.78E+05	5.34E+05	6.03E+05	6.86E+05	7.88E+05	9.15E+05	1.13E+06	1.66E+06	1.72E+06	1.64E+06	4.53E+07	3.38E+08	1.36E+09
7.8156	3.90E+05	6648.7	8.7315	1297.4	4264	9263	16584	26352	38469	52622	68361	85200	1.03E+05	1.20E+05	1.38E+05	1.56E+05	1.73E+05	1.89E+05	2.05E+05	2.19E+05	2.34E+05	2.47E+05	2.64E+05	2.83E+05	3.06E+05	3.33E+05	3.64E+05	4.00E+05	4.44E+05	4.96E+05	5.60E+05	6.37E+05	7.31E+05	8.47E+05	1.03E+06	1.49E+06	1.90E+06	1.19E+06	2.94E+07	2.56E+08	1.11E+09
7.9158	2.56E+05	3897.5	59.805	1202.1	3928.1	8555.3	15331	24362	35569	48674	63265	78899	95155	1.12E+05	1.28E+05	1.44E+05	1.60E+05	1.75E+05	1.90E+05	2.04E+05	2.17E+05	2.30E+05	2.45E+05	2.64E+05	2.85E+05	3.09E+05	3.38E+05	3.72E+05	4.13E+05	4.62E+05	5.20E+05	5.92E+05	6.80E+05	7.87E+05	9.36E+05	1.33E+06	1.95E+06	1.25E+06	1.85E+07	1.91E+08	9.05E+08
8.016	1.67E+05	2273.3	23.132	1076.6	3619.5	7908.7	14187	22546	32921	45061	58599	73123	88245	1.04E+05	1.19E+05	1.34E+05	1.49E+05	1.63E+05	1.77E+05	1.90E+05	2.02E+05	2.14E+05	2.28E+05	2.45E+05	2.65E+05	2.88E+05	3.15E+05	3.47E+05	3.84E+05	4.30E+05	4.84E+05	5.51E+05	6.32E+05	7.32E+05	8.60E+05	1.18E+06	1.89E+06	1.52E+06	1.14E+07	1.41E+08	7.29E+08
8.1162	1.08E+05	1310.1	7.7829	987.69	3335.8	7318.8	13138	20885	30497	41756	54324	67827	81900	96229	1.11E+05	1.25E+05	1.38E+05	1.52E+05	1.64E+05	1.76E+05	1.88E+05	1.99E+05	2.13E+05	2.28E+05	2.47E+05	2.68E+05	2.93E+05	3.23E+05	3.58E+05	4.00E+05	4.51E+05	5.13E+05	5.89E+05	6.81E+05	7.95E+05	1.04E+06	1.76E+06	1.81E+06	7.05E+06	1.02E+08	5.84E+08
8.2164	69568	755.3	16.722	895.85	3078.6	6777.6	12179	19363	28278	38726	50404	62963	76071	89429	1.03E+05	1.16E+05	1.29E+05	1.41E+05	1.53E+05	1.64E+05	1.75E+05	1.85E+05	1.98E+05	2.13E+05	2.30E+05	2.50E+05	2.73E+05	3.01E+05	3.34E+05	3.73E+05	4.21E+05	4.78E+05	5.49E+05	6.35E+05	7.39E+05	9.30E+05	1.59E+06	2.04E+06	4.52E+06	7.26E+07	4.63E+08
8.3166	44599	430.1	1.3572	819.16	2844.5	6279.8	11300	17970	26245	35947	46804	58495	70710	83171	95647	1.08E+05	1.20E+05	1.32E+05	1.43E+05	1.53E+05	1.63E+05	1.73E+05	1.85E+05	1.98E+05	2.14E+05	2.33E+05	2.55E+05	2.81E+05	3.12E+05	3.48E+05	3.93E+05	4.46E+05	5.12E+05	5.93E+05	6.89E+05	8.38E+05	1.40E+06	2.16E+06	3.21E+06	5.09E+07	3.64E+08
8.4168	28438	243.07	5.934	743.58	2628.4	5824	10492	16691	24378	33397	43497	54387	65776	77406	89060	1.01E+05	1.12E+05	1.23E+05	1.33E+05	1.43E+05	1.52E+05	1.61E+05	1.72E+05	1.85E+05	2.00E+05	2.18E+05	2.38E+05	2.62E+05	2.91E+05	3.25E+05	3.67E+05	4.17E+05	4.78E+05	5.53E+05	6.43E+05	7.64E+05	1.22E+06	2.16E+06	2.66E+06	3.51E+07	2.84E+08
8.517	18035	137.83	2.5179	674.86	2428	5406.3	9749.5	15515	22664	31054	40457	50605	61232	72094	82986	93744	1.04E+05	1.14E+05	1.24E+05	1.33E+05	1.42E+05	1.51E+05	1.61E+05	1.73E+05	1.87E+05	2.03E+05	2.23E+05	2.45E+05	2.72E+05	3.04E+05	3.43E+05	3.89E+05	4.46E+05	5.17E+05	6.02E+05	7.04E+05	1.05E+06	2.07E+06	2.53E+06	2.40E+07	2.19E+08
8.6172	11377	76.26	1.2978	610.06	2244.4	5020.8	9067.9	14436	21089	28898	37658	47122	57043	67192	77378	87446	97273	1.07E+05	1.16E+05	1.25E+05	1.33E+05	1.41E+05	1.50E+05	1.62E+05	1.75E+05	1.90E+05	2.08E+05	2.29E+05	2.55E+05	2.85E+05	3.21E+05	3.64E+05	4.18E+05	4.83E+05	5.64E+05	6.55E+05	9.12E+05	1.90E+06	2.57E+06	1.63E+07	1.67E+08
8.7174	7137.9	42.62	1.787	552.35	2077.2	4665.1	8439.9	13442	19638	26914	35080	43912	53178	62667	72199	81625	90832	99732	1.08E+05	1.16E+05	1.24E+05	1.32E+05	1.41E+05	1.51E+05	1.64E+05	1.78E+05	1.95E+05	2.15E+05	2.38E+05	2.66E+05	3.00E+05	3.41E+05	3.91E+05	4.52E+05	5.28E+05	6.12E+05	7.98E+05	1.69E+06	2.65E+06	1.12E+07	1.26E+08
8.8176	4454.3	23.596	0.59705	500.55	1923.8	4338.7	7860.1	12526	18302	25086	32704	40950	49611	58488	67411	76241	84871	93217	1.01E+05	1.09E+05	1.16E+05	1.23E+05	1.32E+05	1.42E+05	1.53E+05	1.67E+05	1.82E+05	2.01E+05	2.23E+05	2.50E+05	2.81E+05	3.19E+05	3.66E+05	4.24E+05	4.95E+05	5.75E+05	7.09E+05	1.47E+06	2.69E+06	8.01E+06	9.42E+07
8.9178	2764.7	12.684	0.6868	454.58	1781.4	4038.3	7326.2	11681	17071	23400	30511	38216	46314	54622	62981	71259	79352	87182	94694	1.02E+05	1.09E+05	1.15E+05	1.23E+05	1.33E+05	1.43E+05	1.56E+05	1.71E+05	1.88E+05	2.09E+05	2.34E+05	2.64E+05	2.99E+05	3.43E+05	3.97E+05	4.64E+05	5.41E+05	6.40E+05	1.25E+06	2.65E+06	6.05E+06	6.96E+07
9.018	1706.8	7.0905	0.4916	412.38	1649.4	3759.7	6834	10902	15935	21844	28487	35689	43267	51047	58881	66644	74238	81589	88643	95363	1.02E+05	1.08E+05	1.15E+05	1.24E+05	1.34E+05	1.46E+05	1.60E+05	1.77E+05	1.96E+05	2.19E+05	2.47E+05	2.81E+05	3.22E+05	3.72E+05	4.35E+05	5.09E+05	5.88E+05	1.05E+06	2.52E+06	4.94E+06	5.10E+07
9.1182	1048	3.7583	0.26686	372.98	1528.4	3501.8	6377.9	10181	14884	20407	26616	33353	40447	47737	55082	62366	69496	76400	83028	89344	95325	1.01E+05	1.08E+05	1.17E+05	1.26E+05	1.37E+05	1.50E+05	1.66E+05	1.84E+05	2.06E+05	2.32E+05	2.64E+05	3.02E+05	3.49E+05	4.08E+05	4.80E+05	5.48E+05	8.82E+05	2.31E+06	4.33E+06	3.71E+07
9.2184	640.05	1.9947	0.27034	335.53	1417.6	3264.6	5956	9515	13914	19077	24886	31192	37836	44670	51561	58399	65096	71585	77816	83754	89379	94831	1.02E+05	1.09E+05	1.18E+05	1.29E+05	1.41E+05	1.56E+05	1.73E+05	1.94E+05	2.18E+05	2.48E+05	2.84E+05	3.28E+05	3.83E+05	4.52E+05	5.16E+05	7.44E+05	2.06E+06	4.01E+06	2.70E+07
9.3186	388.8	1.1196	0.17135	300.3	1314.7	3045.6	5566.7	8899.3	13016	17848	23285	29190	35417	41827	48295	54717	61011	67112	72972	78559	83853	88985	95301	1.03E+05	1.11E+05	1.21E+05	1.33E+05	1.46E+05	1.63E+05	1.82E+05	2.05E+05	2.33E+05	2.67E+05	3.09E+05	3.60E+05	4.25E+05	4.88E+05	6.38E+05	1.79E+06	3.80E+06	1.98E+07
9.4188	234.9	0.54949	0.12633	267.73	1218.3	2841.8	5205.7	8328.3	12184	16709	21801	27334	33174	39189	45263	51298	57215	62954	68469	73729	78713	83546	89496	96388	1.04E+05	1.14E+05	1.25E+05	1.38E+05	1.53E+05	1.71E+05	1.93E+05	2.19E+05	2.51E+05	2.90E+05	3.39E+05	4.00E+05	4.64E+05	5.59E+05	1.51E+06	3.63E+06	1.48E+07
9.519	141.16	0.30288	0.10769	238.41	1128.9	2652.3	4870	7798.4	11414	15654	20426	25615	31093	36740	42447	48121	53687	59088	64280	69233	73929	78482	84090	90587	98142	1.07E+05	1.17E+05	1.29E+05	1.44E+05	1.61E+05	1.82E+05	2.06E+05	2.36E+05	2.73E+05	3.19E+05	3.77E+05	4.41E+05	5.02E+05	1.25E+06	3.42E+06	1.13E+07
9.6192	84.373	0.16596	0.074274	212.52	1047.3	2477.5	4559.1	7307.6	10699	14675	19151	24018	29161	34465	39830	45166	50404	55489	60380	65047	69473	73766	79053	85180	92307	1.01E+05	1.10E+05	1.22E+05	1.35E+05	1.52E+05	1.71E+05	1.94E+05	2.23E+05	2.57E+05	3.00E+05	3.54E+05	4.18E+05	4.62E+05	1.02E+06	3.17E+06	9.04E+06
9.7194	50.159	0.072523	0.059682	189.85	973.14	2316	4271.3	6852.1	10034	13766	17966	22535	27365	32351	37395	42417	47349	52139	56748	61148	65320	69370	74357	80139	86865	94719	1.04E+05	1.15E+05	1.28E+05	1.43E+05	1.61E+05	1.83E+05	2.10E+05	2.43E+05	2.83E+05	3.34E+05	3.96E+05	4.35E+05	8.25E+05	2.87E+06	7.53E+06
9.8196	29.659	0.046263	0.047934	169.85	904.57	2165.2	4003.1	6427.8	9417.8	12922	16866	21158	25696	30384	35130	39858	44503	49017	53362	57512	61449	65269	69976	75435	81786	89203	97902	1.08E+05	1.20E+05	1.35E+05	1.52E+05	1.73E+05	1.98E+05	2.29E+05	2.67E+05	3.14E+05	3.75E+05	4.14E+05	6.69E+05	2.54E+06	6.52E+06
9.9198	17.443	0.022257	0.036194	151.83	839.82	2024.4	3753	6033.5	8844.6	12137	15843	19876	24144	28554	33021	37473	41851	46107	50205	54120	57836	61442	65888	71043	77042	84051	92272	1.02E+05	1.13E+05	1.27E+05	1.43E+05	1.63E+05	1.87E+05	2.16E+05	2.52E+05	2.97E+05	3.54E+05	3.98E+05	5.50E+05	2.18E+06	5.83E+06
