NaN	-2.5401	-2.2606	-2.0076	-1.7787	-1.5716	-1.3842	-1.2147	-1.0612	-0.92242	-0.79681	-0.68315	-0.5803	-0.48725	-0.40305	-0.32686	-0.25792	-0.19554	-0.1391	-0.088028	-0.041817	-3.98E-06	0.038898	0.084801	0.13553	0.1916	0.25356	0.32204	0.39773	0.48137	0.57381	0.67597	0.78887	0.91365	1.0516	1.204	1.3724	1.5585	1.7643	1.9916	2.2429	2.5206
0	3.61E+10	4.43E+10	5.53E+10	6.91E+10	8.63E+10	1.07E+11	1.32E+11	1.62E+11	1.94E+11	2.29E+11	2.63E+11	2.94E+11	3.20E+11	3.39E+11	3.52E+11	3.57E+11	3.58E+11	3.54E+11	3.48E+11	3.41E+11	3.32E+11	3.23E+11	3.11E+11	2.98E+11	2.82E+11	2.64E+11	2.44E+11	2.23E+11	2.02E+11	1.80E+11	1.59E+11	1.38E+11	1.19E+11	1.02E+11	8.66E+10	7.29E+10	6.10E+10	5.08E+10	4.21E+10	3.48E+10	2.87E+10
0.1002	3.60E+10	4.40E+10	5.48E+10	6.83E+10	8.51E+10	1.05E+11	1.29E+11	1.57E+11	1.88E+11	2.19E+11	2.51E+11	2.79E+11	3.02E+11	3.19E+11	3.30E+11	3.35E+11	3.36E+11	3.33E+11	3.27E+11	3.21E+11	3.13E+11	3.05E+11	2.95E+11	2.82E+11	2.68E+11	2.52E+11	2.34E+11	2.15E+11	1.95E+11	1.74E+11	1.54E+11	1.35E+11	1.17E+11	1.00E+11	8.53E+10	7.20E+10	6.04E+10	5.04E+10	4.18E+10	3.46E+10	2.86E+10
0.2004	3.57E+10	4.36E+10	5.40E+10	6.70E+10	8.29E+10	1.02E+11	1.24E+11	1.49E+11	1.76E+11	2.04E+11	2.30E+11	2.54E+11	2.72E+11	2.86E+11	2.95E+11	2.99E+11	2.99E+11	2.97E+11	2.93E+11	2.88E+11	2.82E+11	2.76E+11	2.67E+11	2.57E+11	2.45E+11	2.32E+11	2.17E+11	2.00E+11	1.83E+11	1.65E+11	1.47E+11	1.29E+11	1.13E+11	9.71E+10	8.30E+10	7.04E+10	5.92E+10	4.96E+10	4.13E+10	3.42E+10	2.83E+10
0.3006	3.52E+10	4.29E+10	5.29E+10	6.51E+10	7.99E+10	9.73E+10	1.17E+11	1.39E+11	1.61E+11	1.83E+11	2.04E+11	2.21E+11	2.35E+11	2.44E+11	2.50E+11	2.53E+11	2.54E+11	2.52E+11	2.50E+11	2.46E+11	2.42E+11	2.38E+11	2.32E+11	2.25E+11	2.16E+11	2.06E+11	1.94E+11	1.81E+11	1.67E+11	1.52E+11	1.37E+11	1.22E+11	1.07E+11	9.28E+10	7.98E+10	6.81E+10	5.76E+10	4.84E+10	4.05E+10	3.37E+10	2.79E+10
0.4008	3.46E+10	4.21E+10	5.14E+10	6.27E+10	7.61E+10	9.15E+10	1.08E+11	1.26E+11	1.44E+11	1.60E+11	1.74E+11	1.85E+11	1.93E+11	1.99E+11	2.02E+11	2.04E+11	2.04E+11	2.04E+11	2.02E+11	2.00E+11	1.98E+11	1.96E+11	1.92E+11	1.88E+11	1.83E+11	1.76E+11	1.68E+11	1.59E+11	1.48E+11	1.37E+11	1.25E+11	1.12E+11	9.95E+10	8.74E+10	7.59E+10	6.52E+10	5.56E+10	4.70E+10	3.95E+10	3.30E+10	2.75E+10
0.501	3.37E+10	4.10E+10	4.96E+10	5.99E+10	7.17E+10	8.47E+10	9.84E+10	1.12E+11	1.24E+11	1.35E+11	1.43E+11	1.48E+11	1.52E+11	1.54E+11	1.55E+11	1.56E+11	1.56E+11	1.56E+11	1.56E+11	1.56E+11	1.55E+11	1.54E+11	1.53E+11	1.51E+11	1.48E+11	1.45E+11	1.40E+11	1.35E+11	1.28E+11	1.20E+11	1.11E+11	1.01E+11	9.12E+10	8.11E+10	7.12E+10	6.18E+10	5.32E+10	4.53E+10	3.83E+10	3.22E+10	2.69E+10
0.6012	3.28E+10	3.97E+10	4.75E+10	5.67E+10	6.68E+10	7.74E+10	8.78E+10	9.73E+10	1.05E+11	1.10E+11	1.13E+11	1.14E+11	1.14E+11	1.14E+11	1.14E+11	1.14E+11	1.14E+11	1.14E+11	1.15E+11	1.15E+11	1.16E+11	1.16E+11	1.16E+11	1.16E+11	1.16E+11	1.15E+11	1.13E+11	1.11E+11	1.07E+11	1.02E+11	9.66E+10	8.98E+10	8.23E+10	7.42E+10	6.61E+10	5.81E+10	5.04E+10	4.33E+10	3.69E+10	3.12E+10	2.62E+10
0.7014	3.16E+10	3.81E+10	4.52E+10	5.31E+10	6.14E+10	6.96E+10	7.70E+10	8.27E+10	8.62E+10	8.73E+10	8.66E+10	8.47E+10	8.25E+10	8.06E+10	7.93E+10	7.88E+10	7.89E+10	7.94E+10	8.02E+10	8.12E+10	8.22E+10	8.32E+10	8.44E+10	8.56E+10	8.68E+10	8.78E+10	8.84E+10	8.83E+10	8.74E+10	8.54E+10	8.23E+10	7.81E+10	7.29E+10	6.70E+10	6.06E+10	5.39E+10	4.74E+10	4.12E+10	3.54E+10	3.01E+10	2.55E+10
0.8016	3.04E+10	3.64E+10	4.27E+10	4.93E+10	5.59E+10	6.17E+10	6.62E+10	6.87E+10	6.89E+10	6.71E+10	6.39E+10	6.03E+10	5.70E+10	5.44E+10	5.28E+10	5.20E+10	5.20E+10	5.25E+10	5.34E+10	5.45E+10	5.58E+10	5.70E+10	5.87E+10	6.05E+10	6.25E+10	6.46E+10	6.66E+10	6.82E+10	6.92E+10	6.94E+10	6.86E+10	6.66E+10	6.36E+10	5.96E+10	5.48E+10	4.96E+10	4.42E+10	3.88E+10	3.37E+10	2.89E+10	2.46E+10
0.9018	2.90E+10	3.44E+10	3.99E+10	4.53E+10	5.01E+10	5.39E+10	5.59E+10	5.58E+10	5.37E+10	5.00E+10	4.56E+10	4.13E+10	3.78E+10	3.52E+10	3.35E+10	3.27E+10	3.26E+10	3.31E+10	3.39E+10	3.49E+10	3.61E+10	3.73E+10	3.90E+10	4.09E+10	4.32E+10	4.57E+10	4.84E+10	5.10E+10	5.33E+10	5.50E+10	5.58E+10	5.57E+10	5.45E+10	5.22E+10	4.90E+10	4.52E+10	4.09E+10	3.64E+10	3.19E+10	2.77E+10	2.37E+10
1.002	2.76E+10	3.22E+10	3.69E+10	4.11E+10	4.45E+10	4.63E+10	4.64E+10	4.44E+10	4.07E+10	3.61E+10	3.14E+10	2.73E+10	2.41E+10	2.18E+10	2.04E+10	1.97E+10	1.96E+10	1.99E+10	2.05E+10	2.13E+10	2.23E+10	2.33E+10	2.47E+10	2.65E+10	2.86E+10	3.11E+10	3.39E+10	3.69E+10	3.98E+10	4.24E+10	4.44E+10	4.57E+10	4.59E+10	4.51E+10	4.33E+10	4.07E+10	3.74E+10	3.38E+10	3.01E+10	2.63E+10	2.28E+10
1.1022	2.61E+10	3.00E+10	3.39E+10	3.70E+10	3.89E+10	3.92E+10	3.77E+10	3.44E+10	3.01E+10	2.53E+10	2.10E+10	1.74E+10	1.48E+10	1.30E+10	1.19E+10	1.13E+10	1.12E+10	1.14E+10	1.18E+10	1.24E+10	1.31E+10	1.39E+10	1.50E+10	1.64E+10	1.82E+10	2.04E+10	2.29E+10	2.58E+10	2.88E+10	3.18E+10	3.46E+10	3.67E+10	3.81E+10	3.84E+10	3.78E+10	3.63E+10	3.40E+10	3.12E+10	2.81E+10	2.49E+10	2.18E+10
1.2024	2.45E+10	2.77E+10	3.07E+10	3.28E+10	3.35E+10	3.26E+10	3.00E+10	2.61E+10	2.16E+10	1.72E+10	1.35E+10	1.07E+10	8.73E+09	7.44E+09	6.66E+09	6.26E+09	6.14E+09	6.24E+09	6.49E+09	6.87E+09	7.34E+09	7.89E+09	8.67E+09	9.71E+09	1.11E+10	1.28E+10	1.49E+10	1.74E+10	2.03E+10	2.33E+10	2.63E+10	2.89E+10	3.10E+10	3.23E+10	3.26E+10	3.20E+10	3.07E+10	2.86E+10	2.62E+10	2.35E+10	2.07E+10
1.3026	2.29E+10	2.55E+10	2.76E+10	2.87E+10	2.84E+10	2.66E+10	2.34E+10	1.93E+10	1.51E+10	1.13E+10	8.42E+09	6.36E+09	4.99E+09	4.13E+09	3.61E+09	3.34E+09	3.24E+09	3.28E+09	3.42E+09	3.64E+09	3.92E+09	4.27E+09	4.78E+09	5.48E+09	6.43E+09	7.69E+09	9.32E+09	1.14E+10	1.38E+10	1.66E+10	1.95E+10	2.23E+10	2.48E+10	2.67E+10	2.78E+10	2.80E+10	2.74E+10	2.61E+10	2.42E+10	2.20E+10	1.97E+10
1.4028	2.13E+10	2.33E+10	2.46E+10	2.49E+10	2.38E+10	2.13E+10	1.78E+10	1.39E+10	1.02E+10	7.21E+09	5.07E+09	3.65E+09	2.76E+09	2.22E+09	1.90E+09	1.73E+09	1.66E+09	1.66E+09	1.73E+09	1.85E+09	2.00E+09	2.20E+09	2.51E+09	2.94E+09	3.56E+09	4.43E+09	5.60E+09	7.14E+09	9.10E+09	1.14E+10	1.41E+10	1.68E+10	1.95E+10	2.17E+10	2.33E+10	2.42E+10	2.42E+10	2.35E+10	2.23E+10	2.05E+10	1.86E+10
1.503	1.97E+10	2.11E+10	2.16E+10	2.12E+10	1.96E+10	1.67E+10	1.32E+10	9.69E+09	6.67E+09	4.42E+09	2.94E+09	2.02E+09	1.48E+09	1.17E+09	9.81E+08	8.77E+08	8.29E+08	8.21E+08	8.46E+08	8.99E+08	9.78E+08	1.08E+09	1.25E+09	1.50E+09	1.88E+09	2.43E+09	3.22E+09	4.32E+09	5.80E+09	7.68E+09	9.94E+09	1.25E+10	1.50E+10	1.74E+10	1.94E+10	2.07E+10	2.13E+10	2.11E+10	2.03E+10	1.91E+10	1.75E+10
1.6032	1.81E+10	1.90E+10	1.89E+10	1.79E+10	1.58E+10	1.29E+10	9.59E+09	6.57E+09	4.20E+09	2.60E+09	1.63E+09	1.08E+09	7.71E+08	5.97E+08	4.97E+08	4.40E+08	4.09E+08	3.98E+08	4.04E+08	4.24E+08	4.59E+08	5.08E+08	5.91E+08	7.25E+08	9.36E+08	1.26E+09	1.76E+09	2.51E+09	3.57E+09	5.00E+09	6.84E+09	9.02E+09	1.14E+10	1.38E+10	1.59E+10	1.75E+10	1.85E+10	1.88E+10	1.85E+10	1.76E+10	1.64E+10
1.7034	1.66E+10	1.70E+10	1.64E+10	1.50E+10	1.26E+10	9.70E+09	6.77E+09	4.30E+09	2.55E+09	1.46E+09	8.64E+08	5.50E+08	3.87E+08	3.00E+08	2.50E+08	2.20E+08	2.03E+08	1.93E+08	1.92E+08	1.97E+08	2.09E+08	2.29E+08	2.66E+08	3.30E+08	4.39E+08	6.20E+08	9.18E+08	1.39E+09	2.11E+09	3.16E+09	4.58E+09	6.39E+09	8.49E+09	1.07E+10	1.29E+10	1.47E+10	1.60E+10	1.66E+10	1.67E+10	1.62E+10	1.53E+10
1.8036	1.51E+10	1.51E+10	1.42E+10	1.24E+10	9.90E+09	7.17E+09	4.66E+09	2.73E+09	1.48E+09	7.81E+08	4.31E+08	2.66E+08	1.87E+08	1.47E+08	1.25E+08	1.11E+08	1.02E+08	9.59E+07	9.25E+07	9.18E+07	9.43E+07	1.00E+08	1.14E+08	1.41E+08	1.91E+08	2.84E+08	4.49E+08	7.33E+08	1.20E+09	1.93E+09	2.99E+09	4.42E+09	6.20E+09	8.22E+09	1.03E+10	1.22E+10	1.36E+10	1.46E+10	1.50E+10	1.48E+10	1.42E+10
1.9038	1.36E+10	1.33E+10	1.21E+10	1.01E+10	7.67E+09	5.20E+09	3.12E+09	1.67E+09	8.18E+08	3.91E+08	2.00E+08	1.20E+08	8.61E+07	7.06E+07	6.23E+07	5.70E+07	5.28E+07	4.94E+07	4.66E+07	4.45E+07	4.36E+07	4.41E+07	4.72E+07	5.62E+07	7.67E+07	1.20E+08	2.04E+08	3.65E+08	6.51E+08	1.13E+09	1.89E+09	2.99E+09	4.45E+09	6.20E+09	8.11E+09	9.97E+09	1.16E+10	1.27E+10	1.34E+10	1.35E+10	1.31E+10
2.004	1.23E+10	1.16E+10	1.03E+10	8.21E+09	5.88E+09	3.71E+09	2.05E+09	9.89E+08	4.31E+08	1.82E+08	8.46E+07	4.95E+07	3.73E+07	3.30E+07	3.11E+07	2.98E+07	2.84E+07	2.68E+07	2.50E+07	2.33E+07	2.17E+07	2.05E+07	2.00E+07	2.14E+07	2.77E+07	4.48E+07	8.45E+07	1.69E+08	3.36E+08	6.43E+08	1.16E+09	1.98E+09	3.13E+09	4.61E+09	6.32E+09	8.08E+09	9.71E+09	1.10E+10	1.19E+10	1.22E+10	1.21E+10
2.1042	1.10E+10	1.01E+10	8.60E+09	6.60E+09	4.46E+09	2.62E+09	1.32E+09	5.72E+08	2.18E+08	7.86E+07	3.15E+07	1.79E+07	1.50E+07	1.51E+07	1.57E+07	1.60E+07	1.59E+07	1.53E+07	1.45E+07	1.34E+07	1.21E+07	1.09E+07	9.48E+06	8.44E+06	9.02E+06	1.42E+07	3.04E+07	7.15E+07	1.63E+08	3.49E+08	6.94E+08	1.28E+09	2.16E+09	3.37E+09	4.86E+09	6.49E+09	8.08E+09	9.45E+09	1.05E+10	1.10E+10	1.11E+10
2.2044	9.80E+09	8.75E+09	7.14E+09	5.25E+09	3.35E+09	1.83E+09	8.42E+08	3.26E+08	1.08E+08	3.17E+07	9.80E+06	5.30E+06	5.57E+06	6.83E+06	8.01E+06	8.81E+06	9.21E+06	9.23E+06	8.94E+06	8.38E+06	7.65E+06	6.77E+06	5.56E+06	4.17E+06	3.03E+06	3.42E+06	8.69E+06	2.67E+07	7.39E+07	1.82E+08	4.01E+08	8.03E+08	1.46E+09	2.43E+09	3.69E+09	5.15E+09	6.67E+09	8.06E+09	9.16E+09	9.86E+09	1.01E+10
2.3046	8.68E+09	7.51E+09	5.88E+09	4.12E+09	2.48E+09	1.26E+09	5.32E+08	1.86E+08	5.37E+07	1.26E+07	2.38E+06	1.06E+06	1.94E+06	3.17E+06	4.25E+06	5.05E+06	5.56E+06	5.81E+06	5.82E+06	5.62E+06	5.27E+06	4.78E+06	4.00E+06	2.94E+06	1.67E+06	6.82E+05	1.48E+06	8.20E+06	3.07E+07	9.00E+07	2.25E+08	4.94E+08	9.70E+08	1.72E+09	2.76E+09	4.05E+09	5.46E+09	6.82E+09	7.98E+09	8.80E+09	9.23E+09
2.4048	7.65E+09	6.40E+09	4.82E+09	3.19E+09	1.81E+09	8.58E+08	3.34E+08	1.07E+08	2.79E+07	5.63E+06	5.58E+05	88174	7.49E+05	1.61E+06	2.40E+06	3.04E+06	3.50E+06	3.80E+06	3.93E+06	3.94E+06	3.82E+06	3.60E+06	3.20E+06	2.56E+06	1.66E+06	6.08E+05	10433	1.86E+06	1.17E+07	4.27E+07	1.22E+08	2.97E+08	6.33E+08	1.20E+09	2.04E+09	3.15E+09	4.43E+09	5.74E+09	6.91E+09	7.82E+09	8.37E+09
2.505	6.70E+09	5.42E+09	3.91E+09	2.44E+09	1.30E+09	5.72E+08	2.05E+08	6.10E+07	1.53E+07	3.20E+06	4.30E+05	1.06E+05	4.48E+05	9.62E+05	1.48E+06	1.93E+06	2.30E+06	2.57E+06	2.74E+06	2.83E+06	2.84E+06	2.78E+06	2.62E+06	2.31E+06	1.80E+06	1.08E+06	3.42E+05	4.53E+05	4.29E+06	1.97E+07	6.48E+07	1.75E+08	4.06E+08	8.26E+08	1.49E+09	2.42E+09	3.56E+09	4.79E+09	5.95E+09	6.91E+09	7.56E+09
2.6052	5.84E+09	4.56E+09	3.14E+09	1.85E+09	9.13E+08	3.71E+08	1.22E+08	3.39E+07	8.51E+06	2.09E+06	5.40E+05	2.66E+05	4.00E+05	6.80E+05	1.00E+06	1.31E+06	1.58E+06	1.80E+06	1.96E+06	2.08E+06	2.14E+06	2.17E+06	2.14E+06	2.03E+06	1.81E+06	1.43E+06	9.29E+05	6.47E+05	1.98E+06	9.32E+06	3.42E+07	1.02E+08	2.56E+08	5.61E+08	1.08E+09	1.85E+09	2.84E+09	3.97E+09	5.09E+09	6.07E+09	6.80E+09
2.7054	5.06E+09	3.80E+09	2.50E+09	1.39E+09	6.32E+08	2.33E+08	6.96E+07	1.77E+07	4.44E+06	1.33E+06	5.29E+05	3.41E+05	3.84E+05	5.35E+05	7.31E+05	9.35E+05	1.13E+06	1.30E+06	1.44E+06	1.55E+06	1.63E+06	1.69E+06	1.73E+06	1.73E+06	1.67E+06	1.53E+06	1.30E+06	1.10E+06	1.56E+06	5.03E+06	1.85E+07	5.90E+07	1.61E+08	3.77E+08	7.71E+08	1.39E+09	2.24E+09	3.26E+09	4.33E+09	5.32E+09	6.09E+09
2.8056	4.37E+09	3.16E+09	1.97E+09	1.04E+09	4.33E+08	1.43E+08	3.75E+07	8.31E+06	2.00E+06	7.39E+05	4.17E+05	3.29E+05	3.51E+05	4.39E+05	5.62E+05	6.99E+05	8.35E+05	9.62E+05	1.07E+06	1.17E+06	1.25E+06	1.32E+06	1.38E+06	1.43E+06	1.46E+06	1.46E+06	1.42E+06	1.38E+06	1.64E+06	3.39E+06	1.07E+07	3.47E+07	1.00E+08	2.51E+08	5.46E+08	1.04E+09	1.76E+09	2.67E+09	3.67E+09	4.63E+09	5.44E+09
2.9058	3.74E+09	2.60E+09	1.55E+09	7.63E+08	2.96E+08	8.71E+07	1.93E+07	3.38E+06	6.96E+05	3.48E+05	2.88E+05	2.77E+05	3.03E+05	3.62E+05	4.45E+05	5.39E+05	6.37E+05	7.32E+05	8.20E+05	8.99E+05	9.68E+05	1.03E+06	1.10E+06	1.17E+06	1.23E+06	1.30E+06	1.36E+06	1.45E+06	1.70E+06	2.75E+06	6.88E+06	2.11E+07	6.28E+07	1.66E+08	3.84E+08	7.73E+08	1.37E+09	2.16E+09	3.08E+09	4.01E+09	4.83E+09
3.006	3.19E+09	2.13E+09	1.20E+09	5.54E+08	2.01E+08	5.32E+07	9.94E+06	1.21E+06	1.42E+05	1.43E+05	1.90E+05	2.19E+05	2.51E+05	2.98E+05	3.57E+05	4.25E+05	4.97E+05	5.68E+05	6.37E+05	7.00E+05	7.58E+05	8.12E+05	8.75E+05	9.43E+05	1.02E+06	1.10E+06	1.21E+06	1.36E+06	1.64E+06	2.40E+06	4.93E+06	1.35E+07	3.99E+07	1.10E+08	2.68E+08	5.70E+08	1.06E+09	1.75E+09	2.58E+09	3.46E+09	4.28E+09
3.1062	2.71E+09	1.73E+09	9.24E+08	3.96E+08	1.34E+08	3.29E+07	5.47E+06	4.89E+05	2945.8	66827	1.31E+05	1.71E+05	2.05E+05	2.44E+05	2.90E+05	3.41E+05	3.95E+05	4.49E+05	5.02E+05	5.52E+05	5.99E+05	6.44E+05	6.98E+05	7.60E+05	8.30E+05	9.15E+05	1.03E+06	1.19E+06	1.47E+06	2.09E+06	3.80E+06	9.20E+06	2.61E+07	7.33E+07	1.87E+08	4.17E+08	8.14E+08	1.40E+09	2.15E+09	2.97E+09	3.77E+09
3.2064	2.29E+09	1.40E+09	7.04E+08	2.81E+08	8.68E+07	2.00E+07	3.24E+06	3.24E+05	20443	52079	99175	1.35E+05	1.67E+05	2.00E+05	2.36E+05	2.76E+05	3.17E+05	3.59E+05	4.01E+05	4.41E+05	4.79E+05	5.16E+05	5.61E+05	6.13E+05	6.74E+05	7.50E+05	8.50E+05	1.00E+06	1.26E+06	1.77E+06	3.02E+06	6.60E+06	1.76E+07	4.93E+07	1.30E+08	3.04E+08	6.22E+08	1.12E+09	1.78E+09	2.54E+09	3.32E+09
3.3066	1.92E+09	1.12E+09	5.33E+08	1.99E+08	5.48E+07	1.16E+07	1.89E+06	2.63E+05	54363	54081	81531	1.10E+05	1.37E+05	1.65E+05	1.94E+05	2.25E+05	2.58E+05	2.91E+05	3.24E+05	3.56E+05	3.86E+05	4.16E+05	4.53E+05	4.97E+05	5.48E+05	6.12E+05	6.96E+05	8.22E+05	1.04E+06	1.46E+06	2.41E+06	4.91E+06	1.22E+07	3.37E+07	9.08E+07	2.21E+08	4.73E+08	8.86E+08	1.46E+09	2.16E+09	2.90E+09
3.4068	1.60E+09	8.91E+08	4.01E+08	1.39E+08	3.43E+07	6.25E+06	9.64E+05	1.76E+05	61315	53540	69463	90653	1.13E+05	1.36E+05	1.60E+05	1.85E+05	2.12E+05	2.38E+05	2.64E+05	2.90E+05	3.15E+05	3.39E+05	3.69E+05	4.05E+05	4.47E+05	4.99E+05	5.68E+05	6.68E+05	8.35E+05	1.16E+06	1.89E+06	3.70E+06	8.75E+06	2.35E+07	6.38E+07	1.61E+08	3.58E+08	6.99E+08	1.20E+09	1.83E+09	2.53E+09
3.507	1.33E+09	7.04E+08	2.98E+08	9.57E+07	2.17E+07	3.20E+06	3.80E+05	82462	48265	47773	59369	75757	93909	1.13E+05	1.33E+05	1.54E+05	1.75E+05	1.96E+05	2.17E+05	2.38E+05	2.58E+05	2.78E+05	3.03E+05	3.32E+05	3.67E+05	4.09E+05	4.64E+05	5.41E+05	6.68E+05	9.13E+05	1.45E+06	2.78E+06	6.37E+06	1.66E+07	4.52E+07	1.17E+08	2.70E+08	5.49E+08	9.80E+08	1.55E+09	2.20E+09
3.6072	1.10E+09	5.53E+08	2.19E+08	6.45E+07	1.38E+07	1.72E+06	1.09E+05	23400	32304	39934	50413	63730	78647	94508	1.11E+05	1.28E+05	1.46E+05	1.63E+05	1.80E+05	1.97E+05	2.14E+05	2.30E+05	2.50E+05	2.74E+05	3.03E+05	3.37E+05	3.81E+05	4.41E+05	5.34E+05	7.11E+05	1.10E+06	2.07E+06	4.66E+06	1.19E+07	3.23E+07	8.51E+07	2.04E+08	4.30E+08	7.97E+08	1.30E+09	1.90E+09
3.7074	9.03E+08	4.32E+08	1.60E+08	4.33E+07	8.55E+06	1.04E+06	41604	4759.5	22251	32826	42651	53848	66251	79473	93261	1.07E+05	1.22E+05	1.36E+05	1.50E+05	1.64E+05	1.78E+05	1.91E+05	2.08E+05	2.28E+05	2.51E+05	2.80E+05	3.15E+05	3.61E+05	4.30E+05	5.54E+05	8.30E+05	1.52E+06	3.39E+06	8.61E+06	2.33E+07	6.22E+07	1.54E+08	3.36E+08	6.45E+08	1.09E+09	1.64E+09
3.8076	7.37E+08	3.35E+08	1.17E+08	2.92E+07	4.98E+06	6.43E+05	45534	7679.5	17995	27358	36139	45678	56096	67183	78734	90580	1.03E+05	1.15E+05	1.26E+05	1.38E+05	1.49E+05	1.60E+05	1.74E+05	1.90E+05	2.10E+05	2.33E+05	2.62E+05	2.99E+05	3.50E+05	4.37E+05	6.24E+05	1.11E+06	2.45E+06	6.22E+06	1.69E+07	4.57E+07	1.16E+08	2.62E+08	5.21E+08	9.11E+08	1.41E+09
3.9078	5.99E+08	2.57E+08	8.34E+07	1.95E+07	2.80E+06	3.38E+05	43631	12868	16242	23256	30765	38906	47720	57074	66804	76764	86821	96853	1.07E+05	1.16E+05	1.26E+05	1.35E+05	1.47E+05	1.60E+05	1.77E+05	1.96E+05	2.20E+05	2.49E+05	2.88E+05	3.49E+05	4.73E+05	7.98E+05	1.74E+06	4.47E+06	1.23E+07	3.37E+07	8.73E+07	2.04E+08	4.20E+08	7.58E+08	1.21E+09
4.008	4.84E+08	1.97E+08	5.94E+07	1.25E+07	1.65E+06	1.33E+05	24844	13031	14696	20006	26330	33278	40774	48708	56948	65370	73859	82312	90639	98763	1.07E+05	1.14E+05	1.24E+05	1.36E+05	1.49E+05	1.66E+05	1.85E+05	2.09E+05	2.40E+05	2.84E+05	3.65E+05	5.75E+05	1.22E+06	3.17E+06	8.91E+06	2.49E+07	6.59E+07	1.59E+08	3.37E+08	6.29E+08	1.04E+09
4.1082	3.89E+08	1.49E+08	4.21E+07	7.95E+06	1.04E+06	45919	7131.9	10028	12841	17279	22639	28580	34985	41749	48763	55920	63124	70288	77338	84208	90847	97399	1.06E+05	1.15E+05	1.27E+05	1.41E+05	1.57E+05	1.77E+05	2.02E+05	2.35E+05	2.88E+05	4.20E+05	8.41E+05	2.22E+06	6.42E+06	1.84E+07	4.98E+07	1.23E+08	2.70E+08	5.21E+08	8.84E+08
4.2084	3.11E+08	1.13E+08	2.94E+07	5.16E+06	6.16E+05	32088	1192.2	7309.2	10995	14945	19542	24643	30137	35930	41928	48041	54185	60289	66288	72130	77772	83337	90312	98555	1.08E+05	1.20E+05	1.34E+05	1.51E+05	1.71E+05	1.97E+05	2.34E+05	3.14E+05	5.79E+05	1.52E+06	4.57E+06	1.35E+07	3.77E+07	9.57E+07	2.16E+08	4.30E+08	7.51E+08
4.3086	2.48E+08	8.43E+07	2.03E+07	3.33E+06	3.10E+05	30147	2984.7	6020.5	9437.9	12952	16929	21327	26059	31042	36194	41438	46704	51929	57060	62052	66871	71622	77574	84606	92954	1.03E+05	1.15E+05	1.29E+05	1.46E+05	1.67E+05	1.94E+05	2.43E+05	4.01E+05	1.02E+06	3.20E+06	9.91E+06	2.85E+07	7.43E+07	1.73E+08	3.54E+08	6.37E+08
4.4088	1.96E+08	6.27E+07	1.41E+07	2.03E+06	1.50E+05	17103	4846	5507.7	8195.1	11261	14714	18522	22614	26917	31361	35879	40411	44904	49313	53600	57735	61810	66913	72940	80092	88624	98848	1.11E+05	1.26E+05	1.43E+05	1.64E+05	1.94E+05	2.84E+05	6.72E+05	2.19E+06	7.18E+06	2.15E+07	5.77E+07	1.38E+08	2.91E+08	5.39E+08
4.509	1.54E+08	4.63E+07	9.60E+06	1.22E+06	95168	3686.1	4220.4	5022	7172.2	9825.4	12831	16140	19691	23421	27269	31178	35095	38975	42779	46476	50039	53550	57945	63133	69288	76630	85428	96008	1.09E+05	1.24E+05	1.41E+05	1.61E+05	2.10E+05	4.39E+05	1.46E+06	5.12E+06	1.61E+07	4.47E+07	1.10E+08	2.39E+08	4.55E+08
4.6092	1.21E+08	3.40E+07	6.46E+06	7.76E+05	64776	64.991	2785.5	4406.2	6293.5	8600.8	11224	14109	17201	20447	23791	27185	30583	33947	37243	40444	43528	46565	50365	54849	60169	66512	74114	83262	94276	1.07E+05	1.22E+05	1.38E+05	1.63E+05	2.88E+05	9.52E+05	3.59E+06	1.20E+07	3.46E+07	8.78E+07	1.96E+08	3.84E+08
4.7094	9.39E+07	2.48E+07	4.38E+06	4.85E+05	30258	2200.4	2101.7	3813.4	5529.1	7551.1	9847.4	12371	15073	17906	20823	23781	26740	29667	32533	35315	37994	40631	43930	47822	52436	57938	64532	72471	82050	93516	1.07E+05	1.20E+05	1.33E+05	1.95E+05	6.02E+05	2.46E+06	8.79E+06	2.66E+07	6.99E+07	1.60E+08	3.23E+08
4.8096	7.27E+07	1.79E+07	2.89E+06	2.69E+05	9397.9	2919.8	2048.5	3338.8	4868	6647.8	8664.4	10878	13247	15728	18281	20867	23452	26008	28509	30936	33272	35571	38445	41834	45852	50641	56381	63294	71649	81714	93445	1.05E+05	1.14E+05	1.39E+05	3.71E+05	1.64E+06	6.37E+06	2.04E+07	5.55E+07	1.31E+08	2.71E+08
4.9098	5.59E+07	1.29E+07	1.90E+06	1.57E+05	6874	1484.8	1976.8	2959.6	4298.3	5868.1	7644.3	9592.4	11675	13855	16095	18364	20630	22869	25060	27183	29227	31238	33750	36713	40223	44406	49419	55458	62766	71612	82105	93234	1.01E+05	1.08E+05	2.25E+05	1.05E+06	4.54E+06	1.55E+07	4.39E+07	1.07E+08	2.28E+08
5.01	4.28E+07	9.21E+06	1.26E+06	1.04E+05	6836.9	546.24	1723.7	2630	3806	5193.3	6761.9	8480.9	10317	12238	14210	16206	18199	20167	22091	23956	25750	27514	29718	32315	35392	39058	43450	48742	55150	62934	72295	82715	90551	90729	1.39E+05	6.52E+05	3.17E+06	1.17E+07	3.47E+07	8.73E+07	1.91E+08
5.1102	3.26E+07	6.53E+06	8.00E+05	56794	2664.9	735.57	1469.7	2334.8	3378.3	4607.4	5996.3	7517.3	9140.9	10838	12579	14340	16098	17833	19528	21170	22749	24302	26241	28526	31231	34454	38314	42965	48599	55456	63784	73441	81816	81057	91502	3.86E+05	2.15E+06	8.69E+06	2.72E+07	7.10E+07	1.59E+08
5.2104	2.47E+07	4.60E+06	5.23E+05	28012	143.69	938.02	1306	2075.6	3005.4	4097.3	5330.2	6679.4	8118.6	9621.6	11164	12722	14276	15810	17307	18758	20152	21523	23234	25249	27636	30477	33879	37978	42945	48996	56390	65224	73941	74925	67959	2.17E+05	1.41E+06	6.38E+06	2.13E+07	5.77E+07	1.33E+08
5.3106	1.86E+07	3.22E+06	3.32E+05	19787	814.15	737.15	1183.9	1850.8	2679.7	3651.9	4749	5948.7	7227.7	8562.6	9931.3	11314	12692	14051	15378	16663	17897	19110	20625	22408	24518	27030	30038	33660	38050	43401	49959	57951	66657	70080	58056	1.18E+05	8.92E+05	4.59E+06	1.65E+07	4.66E+07	1.11E+08
5.4108	1.40E+07	2.24E+06	2.06E+05	11400	1019.7	542.22	1061.1	1654.8	2394.4	3262.1	4240.5	5309.9	6449.2	7637.6	8855.5	10085	11310	12518	13697	14837	15933	17010	18354	19935	21807	24033	26699	29909	33799	38541	44361	51533	59903	65443	54932	63830	5.35E+05	3.24E+06	1.27E+07	3.76E+07	9.25E+07
5.511	1.04E+07	1.54E+06	1.34E+05	4275.5	245	521.73	945	1482.2	2144	2920	3794.6	4749.9	5767.1	6827.6	7913.9	9009.9	10102	11178	12227	13243	14218	15176	16371	17778	19441	21421	23789	26641	30096	34308	39480	45885	53696	60638	54386	38931	3.01E+05	2.23E+06	9.61E+06	3.02E+07	7.68E+07
5.6112	7.72E+06	1.06E+06	79249	3520.2	104.18	507.57	847.05	1330	1923.6	2619.1	3402.5	4257.7	5167.9	6116.4	7087.4	8066.9	9042.1	10003	10939	11846	12716	13570	14636	15890	17372	19136	21246	23786	26862	30612	35216	40926	48061	55659	54112	30865	1.56E+05	1.48E+06	7.20E+06	2.41E+07	6.37E+07
5.7114	5.69E+06	7.21E+05	51341	2204.2	338.54	439.19	763.19	1195.8	1729.1	2353.7	3056.9	3824.2	4640.3	5490.4	6360.4	7237.5	8110.5	8970	9808.1	10619	11397	12160	13113	14233	15558	17133	19017	21284	24029	27376	31483	36575	43005	50654	53071	31367	71757	9.47E+05	5.31E+06	1.91E+07	5.26E+07
5.8116	4.18E+06	4.87E+05	30058	477.53	237.22	383.45	687.77	1077.1	1557.3	2119.3	2751.7	3441.4	4174.7	4938.2	5719.2	6506.3	7289.5	8060.3	8811.7	9538.2	10235	10920	11773	12776	13962	15372	17057	19086	21542	24535	28207	32754	38507	45801	50991	35167	29113	5.76E+05	3.85E+06	1.50E+07	4.34E+07
5.9118	3.05E+06	3.27E+05	18600	690.78	117.67	353.67	620.18	971.92	1404.9	1911.6	2481.4	3102.6	3762.8	4449.9	5152.4	5860.2	6564.2	7256.9	7932	8584.5	9210.7	9825	10591	11491	12555	13820	15332	17150	19352	22035	25326	29395	34529	41243	48011	39210	12255	3.28E+05	2.73E+06	1.17E+07	3.56E+07
6.012	2.21E+06	2.18E+05	11233	410.93	163.88	322.2	560.49	878.5	1269.7	1727.3	2241.7	2802.2	3397.7	4017.1	4650.3	5288	5922.2	6545.9	7153.6	7740.9	8304.3	8857	9545.9	10356	11312	12449	13807	15441	17419	19829	22784	26435	31020	37069	44438	41991	10113	1.70E+05	1.88E+06	9.01E+06	2.90E+07
6.1122	1.60E+06	1.45E+05	6409.2	22.686	158.36	288.41	507.57	795.36	1149.5	1563.4	2028.6	2535.3	3073.3	3632.8	4204.6	4780.2	5352.5	5915.2	6463.3	6992.9	7500.8	7999	8619.9	9349.4	10211	11235	12458	13929	15710	17878	20537	23820	27925	33316	40600	43012	15115	75909	1.26E+06	6.86E+06	2.36E+07
6.2124	1.15E+06	95238	4100	197.11	113.57	261.34	460.24	721.23	1042.2	1417.4	1838.8	2297.6	2784.6	3290.9	3808.1	4328.6	4845.9	5354.5	5849.8	6328.2	6787.1	7237	7797.6	8456.2	9234.1	10158	11262	12588	14194	16149	18546	21505	25193	29979	36769	42358	22418	26034	8.10E+05	5.15E+06	1.91E+07
6.3126	8.18E+05	62245	2111.8	67.65	113.02	238.28	417.91	655.04	946.52	1287	1669.4	2085.5	2527.1	2986	3454.6	3926.2	4394.7	4855.1	5303.5	5736.5	6151.7	6558.7	7065.8	7661.5	8364.9	9200.1	10198	11397	12847	14613	16779	19451	22774	27031	33137	40401	29218	4649	4.97E+05	3.80E+06	1.53E+07
6.4128	5.81E+05	40407	1456.7	21.001	108.49	216.3	380.09	595.79	860.87	1170.4	1517.9	1895.9	2297	2713.6	3139	3566.8	3991.8	4409.5	4816	5208.6	5584.9	5953.8	6413.4	6953.1	7590.2	8346.6	9249.9	10335	11648	13246	15206	17623	20626	24431	29814	37599	34155	316.79	2.86E+05	2.76E+06	1.21E+07
6.513	4.10E+05	26058	664.46	74.099	91.223	196.68	346.17	542.68	784.11	1065.9	1382.2	1726.2	2091	2469.9	2856.5	3245.4	3631.6	4011	4380.3	4736.7	5078.4	5413.3	5830.5	6320.3	6898.4	7584.6	8403.9	9388.2	10578	12027	13803	15994	18715	22133	26844	34378	36819	4949.2	1.51E+05	1.96E+06	9.57E+06
6.6132	2.88E+05	16684	505.64	15.289	85.097	179.43	315.69	495	715.22	972.19	1260.5	1573.9	1906.3	2251.3	2603.4	2957.4	3308.8	3654	3990	4314.2	4625	4929.5	5308.7	5754	6279.4	6902.9	7647.3	8541.3	9622.2	10938	12550	14539	17009	20097	24225	31074	37370	13137	70288	1.35E+06	7.46E+06
6.7134	2.02E+05	10615	198.95	32.936	78.966	163.76	288.3	452.11	653.26	887.91	1151.1	1437.1	1740.3	2055.1	2376.1	2698.8	3019.1	3333.7	3639.8	3935.2	4218.2	4495.6	4840.9	5246.2	5724.6	6292.1	6969.4	7782.8	8766	9962.4	11428	13237	15483	18285	21928	27917	36253	21541	27212	9.07E+05	5.75E+06
6.8136	1.40E+05	6704.7	171.33	28.465	70.317	149.6	263.61	413.49	597.46	812.03	1052.6	1314	1591	1878.5	2171.7	2466.3	2758.7	3045.8	3325.1	3594.6	3852.8	4105.7	4420.7	4790.3	5226.3	5743.7	6360.9	7102.1	7997.8	9087.6	10423	12070	14115	16666	19913	25038	34001	28345	8645.9	5.88E+05	4.38E+06
6.9138	96837	4207.2	58.186	17.1	64.838	136.89	241.33	378.64	547.14	743.59	963.8	1203	1456.5	1719.4	1987.5	2256.9	2524.2	2786.6	3041.8	3288	3523.8	3754.9	4042.5	4380.1	4778.2	5250.5	5813.9	6490.3	7307.5	8301.6	9519.3	11021	12887	15215	18138	22494	31118	32803	4899.6	3.65E+05	3.28E+06
7.014	66585	2622.6	55.02	24.234	59.427	125.38	221.21	347.15	501.67	681.79	883.62	1102.9	1335	1575.8	1821.3	2068	2312.6	2552.8	2786.3	3011.6	3227.4	3438.7	3701.8	4010.5	4374.5	4806.2	5321.2	5939.3	6686	7594.2	8706.4	10078	11782	13910	16565	20285	28014	34855	9039.8	2.17E+05	2.42E+06
7.1142	45538	1622.6	18.808	15.712	54.049	114.98	203	318.67	460.54	625.88	811.12	1012.3	1225.2	1446.1	1671.2	1897.3	2121.5	2341.6	2555.6	2762	2959.6	3153.3	3394.2	3676.8	4010.2	4405.4	4876.8	5442.4	6125.7	6956.5	7973.8	9228.5	10787	12734	15161	18381	24981	34839	16360	1.22E+05	1.76E+06
7.2144	30977	998.2	15.303	17.405	49.703	105.54	186.49	292.86	423.28	575.24	745.44	930.23	1125.8	1328.6	1535.3	1742.8	1948.6	2150.6	2346.9	2536.3	2717.6	2895.1	3116.1	3375.3	3680.9	4043.2	4475.2	4993.6	5619.6	6380.7	7312.5	8461.5	9888.7	11673	13899	16737	22202	33273	23894	66069	1.25E+06
7.3146	20958	609.18	7.8548	14.74	45.513	96.982	171.53	269.43	389.47	529.31	685.89	855.85	1035.7	1222.2	1412.2	1602.9	1792	1977.6	2157.9	2331.8	2498.4	2661.4	2864.3	3102.3	3382.9	3715.4	4111.9	4587.6	5161.9	5860	6714.6	7768.3	9076.9	10714	12761	15307	19762	30707	29985	36684	8.69E+05
7.4148	14104	369.52	3.0059	13.296	41.734	89.22	157.93	248.16	358.77	487.59	631.81	788.32	953.93	1125.6	1300.4	1475.9	1649.9	1820.6	1986.5	2146.4	2299.6	2449.5	2636.1	2854.8	3112.7	3418.3	3782.7	4219.7	4747.3	5388.5	6173.3	7140.7	8342.1	9844.9	11730	14050	17682	27637	33911	24404	5.91E+05
7.515	9439.8	222.7	3.7546	12.559	38.382	82.155	145.55	228.81	330.84	449.65	582.63	726.91	879.56	1037.7	1198.8	1360.5	1520.8	1678	1830.8	1978	2119	2257.1	2428.8	2630.2	2867.5	3148.7	3483.9	3886	4371.2	4960.9	5682.4	6571.8	7676.1	9057.5	10794	12930	15936	24453	35573	22269	3.92E+05
7.6152	6284.3	133.08	0.22755	10.919	35.247	75.709	134.29	211.18	305.4	415.1	537.86	671.02	811.87	957.8	1106.4	1255.5	1403.3	1548.3	1689.1	1824.9	1954.9	2082.1	2240.4	2425.9	2644.6	2903.7	3212.5	3582.7	4029.6	4572.5	5236.7	6055.3	7071.6	8342.8	9943.2	11923	14477	21430	35246	25317	2.56E+05
7.7154	4161.2	79.203	1.5333	10.353	32.42	69.845	124.01	195.11	282.21	383.59	497.04	620.07	750.19	884.97	1022.2	1159.9	1296.3	1430.2	1560.2	1685.5	1805.4	1922.8	2068.8	2240	2441.7	2680.7	2965.4	3306.8	3718.8	4219.2	4831.4	5585.8	6522.2	7693.3	9168.9	11008	13248	18731	33397	30205	1.65E+05
7.8156	2740.5	46.689	0.063167	9.1354	29.852	64.499	114.62	180.43	261.04	354.84	459.77	573.57	693.89	818.51	945.37	1072.6	1198.8	1322.4	1442.5	1558.3	1669.1	1777.5	1912.4	2070.5	2256.8	2477.4	2740.4	3055.5	3435.7	3897.6	4462.4	5158.4	6022.1	7102.3	8463.7	10173	12197	16429	30541	34850	1.08E+05
7.9158	1795.2	27.369	0.41838	8.4692	27.508	59.599	106.05	167.01	241.68	328.56	425.73	531.09	642.47	757.81	875.21	992.98	1109.7	1224	1335.2	1442.2	1544.7	1645	1769.7	1915.8	2088.1	2292	2535	2826.3	3177.6	3604.3	4126	4768.8	5566.4	6563.8	7820.8	9408.2	11280	14531	27162	38123	74120
8.016	1169.6	15.964	0.16393	7.5863	25.356	55.118	98.212	154.74	223.97	304.51	394.58	492.22	595.43	702.3	811.05	920.13	1028.2	1134.1	1237	1336.1	1431	1523.8	1639.3	1774.5	1933.9	2122.7	2347.5	2616.9	2941.9	3336.5	3819	4413.3	5150.6	6072.5	7234.2	8707	10463	12999	23658	39572	56474
8.1162	757.93	9.1997	0.053988	6.9583	23.378	51.028	91.019	143.5	207.75	282.48	366.05	456.63	552.36	651.46	752.31	853.45	953.62	1051.8	1147.2	1239	1327	1413	1519.9	1645.3	1792.9	1967.8	2176	2425.5	2726.4	3091.7	3538.4	4088.4	4770.8	5623.8	6698.4	8063.9	9720.9	11775	20324	39200	48763
8.2164	488.52	5.3037	0.11766	6.3074	21.581	47.273	84.428	133.18	192.87	262.29	339.9	424	512.88	604.87	698.48	792.33	885.3	976.4	1064.9	1150.1	1231.6	1311.4	1410.6	1526.9	1663.8	1825.9	2019	2250.3	2529.2	2867.8	3281.6	3791.2	4423.3	5213.5	6208.6	7474.1	9039.1	10790	17346	37281	46663
8.3166	313.18	3.0204	0.009579	5.7635	19.942	43.818	78.387	123.72	179.22	243.74	315.88	394.05	476.64	562.12	649.08	736.27	822.61	907.22	989.38	1068.5	1144.2	1218.3	1310.4	1418.3	1545.4	1695.9	1875.1	2089.7	2348.5	2662.5	3046.4	3519	4105.2	4837.8	5760.3	6933.3	8407.7	9982	14819	34226	47149
8.4168	199.7	1.7068	0.041534	5.2276	18.429	40.652	72.826	115.02	166.66	226.71	293.82	366.54	443.35	522.85	603.71	684.78	765.05	843.71	920.08	993.64	1064	1132.9	1218.4	1318.7	1436.8	1576.6	1743	1942.3	2182.7	2474.3	2830.7	3269.4	3813.5	4493.4	5349.5	6437.4	7821.4	9298.4	12765	30477	48240
8.517	126.65	0.96789	0.017768	4.7416	17.029	37.75	67.71	107.02	155.12	211.04	273.54	341.23	412.75	486.74	562	637.44	712.14	785.32	856.37	924.81	990.27	1054.3	1133.9	1227.2	1337	1466.9	1621.7	1807	2030.4	2301.5	2632.7	3040.3	3545.8	4177.4	4972.5	5982.4	7276.7	8698.5	11154	26443	48762
8.6172	79.89	0.53554	0.0090523	4.2844	15.748	35.07	63.01	99.651	144.49	196.61	254.85	317.94	384.57	453.5	523.61	593.88	663.44	731.6	797.76	861.48	922.43	982.05	1056.2	1143	1245.2	1366.1	1510.1	1682.6	1890.4	2142.6	2450.7	2829.8	3299.9	3887.1	4626.4	5564.7	6771.7	8154	9921.7	22463	48138
8.7174	50.124	0.29925	0.012542	3.8784	14.581	32.595	58.676	92.866	134.69	183.32	237.64	296.47	358.6	422.88	488.24	553.74	618.59	682.12	743.78	803.16	859.95	915.51	984.55	1065.4	1160.6	1273.3	1407.5	1568.1	1761.6	1996.4	2283.3	2636.2	3073.7	3620.2	4308.1	5180.9	6304.5	7647.3	8994	18784	46213
8.8176	31.279	0.16572	0.0041923	3.5149	13.507	30.324	54.671	86.598	125.66	171.05	221.76	276.67	334.66	394.64	455.63	516.74	577.24	636.49	694.01	749.4	802.37	854.18	918.57	993.98	1082.8	1187.8	1312.9	1462.6	1643	1861.8	2129.1	2457.9	2865.4	3374.5	4015.2	4827.8	5873	7168.9	8293.4	15563	43105
8.9178	19.414	0.08907	0.0048014	3.1928	12.507	28.233	50.981	80.815	117.32	159.72	207.1	258.39	312.55	368.57	425.52	482.59	539.07	594.39	648.09	699.79	749.23	797.59	857.68	928.06	1010.9	1108.9	1225.6	1365.3	1533.6	1737.7	1986.9	2293.5	2673.5	3148.1	3745.3	4502.7	5475	6714.5	7750.8	12877	39088
9.018	11.985	0.049784	0.0034503	2.8974	11.579	26.293	47.576	75.477	109.6	149.26	193.55	241.5	292.13	344.49	397.71	451.04	503.82	555.51	605.67	653.97	700.16	745.33	801.46	867.2	944.57	1036.1	1145.1	1275.5	1432.6	1623.1	1855.7	2141.9	2496.5	2939.2	3496.4	4202.9	5108.3	6283.3	7309.7	10734	34504
9.1182	7.3594	0.026399	0.0018667	2.6215	10.731	24.496	44.419	70.532	102.47	139.58	181.02	225.88	273.24	322.21	371.99	421.87	471.22	519.56	566.46	611.62	654.8	697.03	749.5	810.95	883.27	968.83	1070.6	1192.5	1339.3	1517.3	1734.6	2001.9	2333	2746.4	3266.7	3926.3	4770.3	5875.9	6927.7	9096.6	29697
9.2184	4.4946	0.014003	0.0018918	2.3592	9.9562	22.843	41.497	65.955	95.871	130.61	169.42	211.42	255.76	301.6	348.19	394.87	441.06	486.29	530.18	572.43	612.83	652.34	701.43	758.91	826.56	906.59	1001.8	1115.8	1253	1419.4	1622.6	1872.4	2181.9	2568.3	3054.4	3670.8	4458.5	5493.2	6576.3	7894.8	24971
9.3186	2.7302	0.0078624	0.0012007	2.1122	9.2391	21.317	38.799	61.722	89.753	122.32	158.67	198.03	239.56	282.5	326.15	369.86	413.12	455.48	496.58	536.14	573.97	610.96	656.92	710.73	774.05	848.97	938.09	1044.7	1173.2	1328.9	1519	1752.7	2042.2	2403.5	2858.1	3434.5	4170.6	5135.9	6238.4	7044.9	20568
9.4188	1.6495	0.0038604	0.00088328	1.8838	8.5668	19.896	36.297	57.793	84.078	114.62	148.71	185.6	224.54	264.8	305.71	346.69	387.23	426.92	465.43	502.51	537.95	572.61	615.67	666.08	725.41	795.58	879.05	978.95	1099.2	1245	1423	1641.8	1912.8	2251	2676.5	3215.8	3904.5	4803.8	5906.1	6460.4	16655
9.519	0.99127	0.002125	0.00075367	1.6781	7.9398	18.573	33.968	54.144	78.819	107.47	139.46	174.08	210.61	248.37	286.75	325.18	363.2	400.43	436.55	471.31	504.55	537.04	577.41	624.68	680.29	746.07	824.32	917.94	1030.7	1167.3	1334.1	1539	1792.9	2109.7	2508.1	3013.2	3658.1	4496.2	5577.3	6061.3	13330
9.6192	0.59249	0.0011663	0.0005198	1.4964	7.3645	17.354	31.81	50.761	73.932	100.84	130.88	163.38	197.67	233.12	269.14	305.21	340.9	375.83	409.72	442.35	473.53	504.02	541.9	586.25	638.42	700.13	773.52	861.33	967.06	1095.2	1251.5	1443.7	1681.7	1978.7	2352.1	2825.4	3429.9	4211.8	5253.9	5779.9	10624
9.7194	0.35223	0.00050934	0.00041732	1.3373	6.8399	16.227	29.811	47.619	69.386	94.672	122.89	153.43	185.64	218.94	252.78	286.66	320.17	352.98	384.81	415.44	444.72	473.35	508.91	550.54	599.52	657.45	726.34	808.76	907.99	1028.2	1174.9	1355.2	1578.5	1857	2207.3	2651.2	3218.1	3948.9	4939.3	5563.1	8517.3
9.8196	0.20827	0.00032439	0.00033537	1.1967	6.3555	15.174	27.948	44.69	65.163	88.933	115.47	144.18	174.46	205.76	237.56	269.4	300.9	331.73	361.64	390.42	417.93	444.83	478.24	517.36	563.37	617.78	682.49	759.9	853.09	966	1103.8	1273	1482.6	1744.1	2072.8	2489.4	3021.4	3705.8	4637.2	5373.1	6954.3
9.9198	0.12249	0.00015669	0.00025317	1.0701	5.9001	14.19	26.21	41.967	61.234	83.598	108.56	135.56	164.05	193.49	223.4	253.34	282.96	311.95	340.08	367.14	393.01	418.3	449.71	486.48	529.73	580.88	641.7	714.45	802.03	908.13	1037.6	1196.6	1393.5	1639.1	1947.8	2339	2838.7	3480.6	4350.6	5185.3	5854.6
