NaN -14.212 -13.043 -11.95 -10.927 -9.9699 -9.0746 -8.2371 -7.4537 -6.7207 -6.035 -5.3936 -4.7935 -4.2321 -3.7069 -3.2156 -2.7559 -2.326 -1.9237 -1.5474 -1.1953 -0.86601 -0.55791 -0.26968 -3.9113e-05 0.2143 0.49871 0.80273 1.1277 1.4751 1.8464 2.2433 2.6676 3.1212 3.606 4.1242 4.6782 5.2703 5.9033 6.5799 7.3031 8.0762 8.9027 9.786 10.73 11.74 12.819 13.972
0 5.1269e+09 6.0693e+09 7.2084e+09 8.592e+09 1.0282e+10 1.2359e+10 1.4928e+10 1.8131e+10 2.2155e+10 2.7258e+10 3.3791e+10 4.2246e+10 5.3312e+10 6.7965e+10 8.7585e+10 1.1411e+11 1.5015e+11 1.9895e+11 2.6367e+11 3.4527e+11 4.3842e+11 5.274e+11 5.8895e+11 6.0605e+11 5.8665e+11 5.2608e+11 4.4199e+11 3.5492e+11 2.7783e+11 2.1511e+11 1.6626e+11 1.2895e+11 1.0062e+11 7.9102e+10 6.2661e+10 5.0015e+10 4.0208e+10 3.2543e+10 2.6503e+10 2.1707e+10 1.7873e+10 1.4786e+10 1.2285e+10 1.0248e+10 8.5799e+09 7.2071e+09 6.0724e+09
0.21299 5.1215e+09 6.0617e+09 7.1974e+09 8.5761e+09 1.0259e+10 1.2324e+10 1.4877e+10 1.8054e+10 2.2038e+10 2.7078e+10 3.3511e+10 4.18e+10 5.259e+10 6.6773e+10 8.5576e+10 1.1066e+11 1.4411e+11 1.8827e+11 2.4487e+11 3.1318e+11 3.8719e+11 4.542e+11 4.987e+11 5.1119e+11 4.9808e+11 4.5501e+11 3.918e+11 3.2244e+11 2.5779e+11 2.0299e+11 1.5894e+11 1.2449e+11 9.7876e+10 7.7381e+10 6.1568e+10 4.9309e+10 3.9747e+10 3.2237e+10 2.6297e+10 2.1568e+10 1.7777e+10 1.4719e+10 1.2239e+10 1.0216e+10 8.5568e+09 7.1906e+09 6.0605e+09
0.42597 5.1119e+09 6.0479e+09 7.1776e+09 8.5474e+09 1.0217e+10 1.2263e+10 1.4786e+10 1.7917e+10 2.183e+10 2.6758e+10 3.3011e+10 4.1009e+10 5.1316e+10 6.4681e+10 8.208e+10 1.0471e+11 1.3386e+11 1.7051e+11 2.1444e+11 2.6291e+11 3.098e+11 3.4728e+11 3.6978e+11 3.7633e+11 3.7097e+11 3.5029e+11 3.1525e+11 2.7118e+11 2.2524e+11 1.8284e+11 1.4655e+11 1.1685e+11 9.3115e+10 7.4379e+10 5.9648e+10 4.8065e+10 3.893e+10 3.1693e+10 2.5932e+10 2.1319e+10 1.7606e+10 1.4601e+10 1.2156e+10 1.0157e+10 8.5155e+09 7.1611e+09 6.0393e+09
0.63896 5.0981e+09 6.0281e+09 7.1491e+09 8.5061e+09 1.0157e+10 1.2174e+10 1.4654e+10 1.772e+10 2.1533e+10 2.6302e+10 3.2303e+10 3.9893e+10 4.9529e+10 6.1776e+10 7.7284e+10 9.6691e+10 1.2036e+11 1.4785e+11 1.772e+11 2.0445e+11 2.2482e+11 2.3595e+11 2.4019e+11 2.4178e+11 2.4224e+11 2.3981e+11 2.2999e+11 2.1094e+11 1.8519e+11 1.5713e+11 1.303e+11 1.0661e+11 8.6638e+10 7.0243e+10 5.698e+10 4.6323e+10 3.7779e+10 3.0925e+10 2.5413e+10 2.0965e+10 1.7362e+10 1.4432e+10 1.2038e+10 1.0074e+10 8.4561e+09 7.1187e+09 6.0089e+09
0.85195 5.08e+09 6.0022e+09 7.1119e+09 8.4522e+09 1.0078e+10 1.2059e+10 1.4484e+10 1.7466e+10 2.1149e+10 2.5716e+10 3.1398e+10 3.8477e+10 4.7284e+10 5.8173e+10 7.1438e+10 8.7143e+10 1.0478e+11 1.2281e+11 1.3829e+11 1.475e+11 1.4825e+11 1.4271e+11 1.3682e+11 1.3553e+11 1.3855e+11 1.4575e+11 1.5187e+11 1.5155e+11 1.4315e+11 1.2877e+11 1.1169e+11 9.4543e+10 7.8832e+10 6.5177e+10 5.3669e+10 4.414e+10 3.6326e+10 2.9948e+10 2.475e+10 2.0511e+10 1.7049e+10 1.4213e+10 1.1884e+10 9.9655e+09 8.3792e+09 7.0637e+09 5.9693e+09
1.0649 5.0576e+09 5.9703e+09 7.066e+09 8.386e+09 9.9819e+09 1.1918e+10 1.4276e+10 1.7156e+10 2.0683e+10 2.5009e+10 3.0313e+10 3.6795e+10 4.4649e+10 5.401e+10 6.4828e+10 7.6659e+10 8.8351e+10 9.7777e+10 1.0205e+11 9.8924e+10 8.9092e+10 7.7087e+10 6.8485e+10 6.628e+10 6.927e+10 7.8404e+10 9.0523e+10 1.0037e+11 1.0392e+11 1.0057e+11 9.2259e+10 8.1474e+10 7.0143e+10 5.9417e+10 4.9843e+10 4.1586e+10 3.4609e+10 2.8785e+10 2.3956e+10 1.9965e+10 1.667e+10 1.3949e+10 1.1698e+10 9.8336e+09 8.2853e+09 6.9964e+09 5.9208e+09
1.2779 5.0311e+09 5.9324e+09 7.0116e+09 8.3076e+09 9.8681e+09 1.1752e+10 1.4031e+10 1.6793e+10 2.014e+10 2.419e+10 2.9067e+10 3.4883e+10 4.1698e+10 4.9436e+10 5.7752e+10 6.5826e+10 7.2167e+10 7.4661e+10 7.1306e+10 6.1834e+10 4.9011e+10 3.7408e+10 3.0262e+10 2.8271e+10 3.0157e+10 3.7124e+10 4.8492e+10 6.1117e+10 7.0733e+10 7.4795e+10 7.3417e+10 6.8221e+10 6.1027e+10 5.3217e+10 4.5643e+10 3.8738e+10 3.2672e+10 2.7461e+10 2.3045e+10 1.9334e+10 1.6231e+10 1.364e+10 1.1481e+10 9.6791e+09 8.1749e+09 6.9172e+09 5.8636e+09
1.4909 5.0003e+09 5.8886e+09 6.9488e+09 8.2172e+09 9.7372e+09 1.1561e+10 1.3752e+10 1.638e+10 1.9526e+10 2.3271e+10 2.7681e+10 3.2784e+10 3.8511e+10 4.4606e+10 5.0502e+10 5.5171e+10 5.7109e+10 5.4699e+10 4.7229e+10 3.6128e+10 2.4834e+10 1.6474e+10 1.1915e+10 1.0522e+10 1.1349e+10 1.5319e+10 2.3187e+10 3.4093e+10 4.5072e+10 5.2936e+10 5.6267e+10 5.5499e+10 5.1919e+10 4.6832e+10 4.1215e+10 3.5682e+10 3.0564e+10 2.6003e+10 2.2034e+10 1.8629e+10 1.5736e+10 1.3292e+10 1.1234e+10 9.5033e+09 8.049e+09 6.8266e+09 5.7982e+09
1.7039 4.9654e+09 5.8388e+09 6.8777e+09 8.115e+09 9.5896e+09 1.1347e+10 1.3439e+10 1.5921e+10 1.8847e+10 2.2262e+10 2.6178e+10 3.054e+10 3.5167e+10 3.9668e+10 4.3338e+10 4.5122e+10 4.3774e+10 3.8452e+10 2.9677e+10 1.9788e+10 1.1685e+10 6.6929e+09 4.2606e+09 3.4304e+09 3.6423e+09 5.4054e+09 9.7904e+09 1.7348e+10 2.6847e+10 3.5636e+10 4.153e+10 4.387e+10 4.3197e+10 4.0497e+10 3.6703e+10 3.2503e+10 2.8334e+10 2.4442e+10 2.0939e+10 1.7859e+10 1.5193e+10 1.2907e+10 1.096e+10 9.3075e+09 7.9084e+09 6.7252e+09 5.7247e+09
1.9169 4.9262e+09 5.7832e+09 6.7984e+09 8.0013e+09 9.4259e+09 1.111e+10 1.3094e+10 1.5417e+10 1.8109e+10 2.1177e+10 2.4581e+10 2.8194e+10 3.1746e+10 3.4756e+10 3.6484e+10 3.5994e+10 3.248e+10 2.5919e+10 1.7686e+10 1.0179e+10 5.152e+09 2.5703e+09 1.436e+09 9.9672e+08 9.7338e+08 1.5687e+09 3.5888e+09 8.016e+09 1.4938e+10 2.2825e+10 2.9532e+10 3.3707e+10 3.5158e+10 3.442e+10 3.2239e+10 2.9282e+10 2.6034e+10 2.2807e+10 1.9779e+10 1.7036e+10 1.4608e+10 1.249e+10 1.0662e+10 9.0933e+09 7.7541e+09 6.6135e+09 5.6436e+09
2.1299 4.883e+09 5.7218e+09 6.7109e+09 7.8763e+09 9.2465e+09 1.0852e+10 1.272e+10 1.4875e+10 1.732e+10 2.0029e+10 2.2913e+10 2.5787e+10 2.832e+10 2.9991e+10 3.0111e+10 2.798e+10 2.3301e+10 1.6723e+10 9.9753e+09 4.9151e+09 2.1466e+09 9.6249e+08 4.8598e+08 2.7536e+08 2.1034e+08 3.4164e+08 1.1132e+09 3.3576e+09 7.7776e+09 1.3932e+10 2.0255e+10 2.5193e+10 2.8009e+10 2.8765e+10 2.794e+10 2.6096e+10 2.3711e+10 2.1129e+10 1.8574e+10 1.6172e+10 1.3988e+10 1.2045e+10 1.0342e+10 8.8625e+09 7.5871e+09 6.4923e+09 5.5553e+09
2.3429 4.8356e+09 5.6547e+09 6.6155e+09 7.7403e+09 9.052e+09 1.0573e+10 1.2319e+10 1.4297e+10 1.6487e+10 1.883e+10 2.1198e+10 2.3361e+10 2.4955e+10 2.5473e+10 2.4343e+10 2.1169e+10 1.6128e+10 1.0294e+10 5.298e+09 2.2164e+09 8.4964e+08 3.6286e+08 1.7879e+08 8.6253e+07 4.0377e+07 4.17e+07 2.8482e+08 1.2872e+09 3.8175e+09 8.1376e+09 1.3432e+10 1.8343e+10 2.1859e+10 2.3651e+10 2.3901e+10 2.3014e+10 2.1411e+10 1.9438e+10 1.7341e+10 1.5278e+10 1.3341e+10 1.1577e+10 1.0003e+10 8.6167e+09 7.4085e+09 6.3622e+09 5.4603e+09
2.5558 4.7841e+09 5.5819e+09 6.5123e+09 7.5936e+09 8.843e+09 1.0274e+10 1.1893e+10 1.3687e+10 1.5616e+10 1.7593e+10 1.9459e+10 2.0954e+10 2.171e+10 2.1278e+10 1.9255e+10 1.5559e+10 1.0739e+10 6.0134e+09 2.625e+09 9.2234e+08 3.1983e+08 1.4139e+08 7.5394e+07 3.7869e+07 1.4988e+07 1.895e+05 6.524e+07 4.7202e+08 1.7987e+09 4.5857e+09 8.6467e+09 1.3039e+10 1.6736e+10 1.9149e+10 2.0193e+10 2.0091e+10 1.9174e+10 1.776e+10 1.6098e+10 1.4365e+10 1.2674e+10 1.109e+10 9.6479e+09 8.358e+09 7.2196e+09 6.2241e+09 5.3591e+09
2.7688 4.7284e+09 5.5034e+09 6.4015e+09 7.4366e+09 8.6202e+09 9.9578e+09 1.1443e+10 1.3049e+10 1.4717e+10 1.6333e+10 1.7717e+10 1.86e+10 1.8635e+10 1.7464e+10 1.488e+10 1.1082e+10 6.849e+09 3.3065e+09 1.1945e+09 3.466e+08 1.1475e+08 5.8157e+07 3.6292e+07 2.2166e+07 1.2913e+07 5.2873e+06 2.3929e+07 1.8447e+08 8.4088e+08 2.5257e+09 5.4364e+09 9.079e+09 1.2592e+10 1.5283e+10 1.6861e+10 1.7371e+10 1.7036e+10 1.6121e+10 1.4863e+10 1.3445e+10 1.1994e+10 1.059e+10 9.2802e+09 8.0883e+09 7.0217e+09 6.0787e+09 5.2522e+09
2.9818 4.6688e+09 5.4194e+09 6.2831e+09 7.2695e+09 8.3843e+09 9.6246e+09 1.0973e+10 1.2389e+10 1.3795e+10 1.5062e+10 1.5995e+10 1.6331e+10 1.577e+10 1.4068e+10 1.1215e+10 7.628e+09 4.1613e+09 1.6918e+09 4.8646e+08 1.134e+08 4.0056e+07 2.5862e+07 1.9297e+07 1.4332e+07 1.1146e+07 9.2495e+06 1.8135e+07 8.6612e+07 4.0616e+08 1.3817e+09 3.3633e+09 6.2162e+09 9.3331e+09 1.2042e+10 1.3927e+10 1.4884e+10 1.5022e+10 1.4541e+10 1.3651e+10 1.2529e+10 1.1308e+10 1.008e+10 8.9028e+09 7.8095e+09 6.816e+09 5.9269e+09 5.1401e+09
3.1948 4.605e+09 5.33e+09 6.1574e+09 7.0928e+09 8.1359e+09 9.276e+09 1.0486e+10 1.1711e+10 1.286e+10 1.3793e+10 1.4311e+10 1.4174e+10 1.3145e+10 1.1109e+10 8.2275e+09 5.0564e+09 2.3928e+09 7.9285e+08 1.6965e+08 3.0504e+07 1.4658e+07 1.2751e+07 1.1043e+07 9.4037e+06 8.4426e+06 8.5647e+06 1.4283e+07 4.7465e+07 2.0661e+08 7.6034e+08 2.0622e+09 4.2024e+09 6.8308e+09 9.3813e+09 1.1392e+10 1.2648e+10 1.3154e+10 1.3039e+10 1.2475e+10 1.1625e+10 1.0623e+10 9.5656e+09 8.5187e+09 7.5237e+09 6.6038e+09 5.7695e+09 5.0234e+09
3.4078 4.5372e+09 5.2351e+09 6.0245e+09 6.9068e+09 7.8759e+09 8.9135e+09 9.9825e+09 1.1018e+10 1.1919e+10 1.2538e+10 1.2685e+10 1.2153e+10 1.0785e+10 8.5874e+09 5.8633e+09 3.2169e+09 1.2928e+09 3.3333e+08 4.6489e+07 6.4052e+06 6.466e+06 7.0427e+06 6.7051e+06 6.1942e+06 5.9287e+06 6.3038e+06 9.5726e+06 2.6325e+07 1.0764e+08 4.2054e+08 1.2572e+09 2.8137e+09 4.948e+09 7.2377e+09 9.2376e+09 1.0667e+10 1.1443e+10 1.1627e+10 1.1346e+10 1.0744e+10 9.9458e+09 9.0509e+09 8.1307e+09 7.2329e+09 6.3865e+09 5.6075e+09 4.9027e+09
3.6208 4.4654e+09 5.1349e+09 5.8847e+09 6.712e+09 7.6051e+09 8.5386e+09 9.4671e+09 1.0317e+10 1.098e+10 1.131e+10 1.1133e+10 1.0288e+10 8.7005e+09 6.4911e+09 4.0521e+09 1.9589e+09 6.5251e+08 1.2283e+08 8.0865e+06 1.5962e+06 3.7057e+06 4.2942e+06 4.2786e+06 4.1285e+06 4.0532e+06 4.2554e+06 5.7059e+06 1.3373e+07 5.3973e+07 2.2917e+08 7.5901e+08 1.8666e+09 3.5519e+09 5.5368e+09 7.4334e+09 8.9349e+09 9.8961e+09 1.0315e+10 1.0275e+10 9.8918e+09 9.2813e+09 8.54e+09 7.7419e+09 6.9389e+09 6.1653e+09 5.4416e+09 4.7785e+09
3.8338 4.3896e+09 5.0294e+09 5.7382e+09 6.5089e+09 7.3245e+09 8.1531e+09 8.9423e+09 9.6121e+09 1.0051e+10 1.012e+10 9.6711e+09 8.594e+09 6.8973e+09 4.7937e+09 2.7132e+09 1.141e+09 3.0787e+08 3.9571e+07 4.654e+05 1.3623e+06 2.5165e+06 2.8111e+06 2.8455e+06 2.805e+06 2.7786e+06 2.8365e+06 3.2878e+06 6.0621e+06 2.4299e+07 1.1866e+08 4.4787e+08 1.2224e+09 2.5256e+09 4.2021e+09 5.9401e+09 7.4385e+09 8.5124e+09 9.108e+09 9.2662e+09 9.075e+09 8.6347e+09 8.0367e+09 7.3547e+09 6.6437e+09 5.9417e+09 5.2729e+09 4.6516e+09
4.0468 4.3099e+09 4.9189e+09 5.5853e+09 6.298e+09 7.035e+09 7.7588e+09 8.4112e+09 8.9083e+09 9.1404e+09 8.9803e+09 8.3113e+09 7.0802e+09 5.3707e+09 3.458e+09 1.7616e+09 6.3848e+08 1.3845e+08 1.2691e+07 7.3374e+05 1.4669e+06 1.8094e+06 1.9286e+06 1.9576e+06 1.9491e+06 1.9371e+06 1.9357e+06 1.9918e+06 2.5833e+06 9.1434e+06 5.5683e+07 2.5288e+08 7.8365e+08 1.7741e+09 3.1621e+09 4.7149e+09 6.1575e+09 7.286e+09 8.0077e+09 8.3251e+09 8.2982e+09 8.0101e+09 7.5441e+09 6.9717e+09 6.3491e+09 5.7167e+09 5.1021e+09 4.5223e+09
4.2597 4.2263e+09 4.8035e+09 5.4263e+09 6.0799e+09 6.7378e+09 7.3577e+09 7.8772e+09 8.2112e+09 8.2552e+09 7.9e+09 7.0647e+09 5.7521e+09 4.1081e+09 2.439e+09 1.113e+09 3.4768e+08 6.2828e+07 6.0198e+06 1.4428e+06 1.279e+06 1.3178e+06 1.3659e+06 1.3848e+06 1.385e+06 1.3792e+06 1.3657e+06 1.3254e+06 1.2303e+06 2.631e+06 2.2252e+07 1.3298e+08 4.8586e+08 1.2247e+09 2.3548e+09 3.7153e+09 5.0685e+09 6.2072e+09 7.0121e+09 7.4536e+09 7.5648e+09 7.4108e+09 7.0651e+09 6.5952e+09 6.0566e+09 5.4916e+09 4.93e+09 4.3915e+09
4.4727 4.1389e+09 4.6832e+09 5.2615e+09 5.8553e+09 6.4342e+09 6.952e+09 7.3439e+09 7.5262e+09 7.4035e+09 6.8886e+09 5.939e+09 4.6088e+09 3.0892e+09 1.6863e+09 6.8953e+08 1.8876e+08 3.1389e+07 4.32e+06 1.3702e+06 9.7789e+05 9.6768e+05 9.9061e+05 1.0025e+06 1.0049e+06 1.0022e+06 9.9205e+05 9.5488e+05 7.8872e+05 5.6126e+05 6.824e+06 6.3093e+07 2.8707e+08 8.248e+08 1.7296e+09 2.9026e+09 4.147e+09 5.2635e+09 6.1167e+09 6.6514e+09 6.8765e+09 6.8392e+09 6.602e+09 6.2269e+09 5.7679e+09 5.2676e+09 4.7576e+09 4.2595e+09
4.6857 4.0478e+09 4.5584e+09 5.0914e+09 5.6251e+09 6.1256e+09 6.544e+09 6.8149e+09 6.8586e+09 6.5924e+09 5.9537e+09 4.9384e+09 3.6443e+09 2.2878e+09 1.1479e+09 4.237e+08 1.052e+08 1.7781e+07 3.0235e+06 9.5063e+05 7.1798e+05 7.1927e+05 7.3239e+05 7.4018e+05 7.4269e+05 7.4178e+05 7.3647e+05 7.1744e+05 6.2878e+05 2.4973e+05 1.2424e+06 2.6042e+07 1.5922e+08 5.3751e+08 1.2475e+09 2.2434e+09 3.3695e+09 4.4412e+09 5.3152e+09 5.9168e+09 6.2341e+09 6.297e+09 6.1566e+09 5.8686e+09 5.4841e+09 5.0456e+09 4.5854e+09 4.127e+09
4.8987 3.9531e+09 4.4293e+09 4.9165e+09 5.39e+09 5.8134e+09 6.1362e+09 6.2941e+09 6.2139e+09 5.8283e+09 5.101e+09 4.0638e+09 2.8472e+09 1.6732e+09 7.7418e+08 2.615e+08 6.0976e+07 1.0434e+07 1.6969e+06 5.9138e+05 5.3329e+05 5.4219e+05 5.505e+05 5.5577e+05 5.5801e+05 5.5807e+05 5.5571e+05 5.483e+05 5.2095e+05 3.4892e+05 56316 9.0765e+06 8.1908e+07 3.3631e+08 8.7921e+08 1.7106e+09 2.7148e+09 3.7263e+09 4.6e+09 5.2467e+09 5.6369e+09 5.7849e+09 5.7302e+09 5.5215e+09 5.2065e+09 4.8265e+09 4.4144e+09 3.9944e+09
5.1117 3.8549e+09 4.2962e+09 4.7373e+09 5.1511e+09 5.4994e+09 5.7312e+09 5.7852e+09 5.597e+09 5.1165e+09 4.334e+09 3.3121e+09 2.2019e+09 1.2128e+09 5.2055e+08 1.6317e+08 3.5905e+07 5.5503e+06 7.3981e+05 3.9103e+05 4.0606e+05 4.1428e+05 4.1986e+05 4.2352e+05 4.2541e+05 4.2591e+05 4.2501e+05 4.2259e+05 4.1946e+05 3.9926e+05 2.0742e+05 2.8658e+06 3.9086e+07 2.01e+08 6.0279e+08 1.2827e+09 2.1649e+09 3.1059e+09 3.963e+09 4.6371e+09 5.0837e+09 5.303e+09 5.3235e+09 5.1866e+09 4.936e+09 4.6112e+09 4.245e+09 3.8623e+09
5.3247 3.7535e+09 4.1595e+09 4.5544e+09 4.9096e+09 5.1853e+09 5.3317e+09 5.292e+09 5.0125e+09 4.4613e+09 3.6539e+09 2.6769e+09 1.6892e+09 8.7439e+08 3.5031e+08 1.0224e+08 2.0324e+07 2.3645e+06 2.8114e+05 2.9428e+05 3.1499e+05 3.2048e+05 3.2439e+05 3.2701e+05 3.2856e+05 3.2915e+05 3.2904e+05 3.2827e+05 3.2975e+05 3.5517e+05 4.1873e+05 1.2984e+06 1.7909e+07 1.1492e+08 4.0088e+08 9.4329e+08 1.7054e+09 2.5686e+09 3.3964e+09 4.0833e+09 4.5723e+09 4.8508e+09 4.9369e+09 4.8647e+09 4.6733e+09 4.4004e+09 4.0778e+09 3.7311e+09
5.5377 3.6491e+09 4.0195e+09 4.3687e+09 4.6665e+09 4.873e+09 4.9404e+09 4.818e+09 4.4642e+09 3.8655e+09 3.0592e+09 2.1485e+09 1.2884e+09 6.2861e+08 2.3552e+08 6.2943e+07 1.0332e+07 6.7547e+05 1.5639e+05 2.3757e+05 2.4717e+05 2.5076e+05 2.5353e+05 2.555e+05 2.5674e+05 2.5729e+05 2.5759e+05 2.573e+05 2.5807e+05 2.7751e+05 4.1853e+05 1.0775e+06 8.7006e+06 6.3753e+07 2.5872e+08 6.7899e+08 1.3244e+09 2.1046e+09 2.8932e+09 3.5808e+09 4.1002e+09 4.4273e+09 4.5702e+09 4.5559e+09 4.419e+09 4.1944e+09 3.9133e+09 3.6012e+09
5.7506 3.5419e+09 3.8768e+09 4.1809e+09 4.4232e+09 4.5644e+09 4.56e+09 4.3665e+09 3.9552e+09 3.3299e+09 2.546e+09 1.7149e+09 9.7871e+08 4.5055e+08 1.568e+08 3.6898e+07 4.3677e+06 73879 1.5274e+05 1.9275e+05 1.9568e+05 1.9826e+05 2.0025e+05 2.0175e+05 2.0275e+05 2.0326e+05 2.0368e+05 2.0363e+05 2.0363e+05 2.0968e+05 3.0351e+05 9.1784e+05 5.0207e+06 3.5451e+07 1.6302e+08 4.7831e+08 1.0126e+09 1.7063e+09 2.4472e+09 3.1253e+09 3.6647e+09 4.031e+09 4.223e+09 4.2605e+09 4.1734e+09 3.9939e+09 3.752e+09 3.4729e+09
5.9636 3.4323e+09 3.7318e+09 3.9918e+09 4.181e+09 4.2615e+09 4.1929e+09 3.9402e+09 3.4874e+09 2.8541e+09 2.1085e+09 1.3631e+09 7.4072e+08 3.2079e+08 1.0188e+08 1.9929e+07 1.3893e+06 20932 1.5221e+05 1.5487e+05 1.5628e+05 1.5822e+05 1.5971e+05 1.6084e+05 1.6166e+05 1.6215e+05 1.6252e+05 1.6269e+05 1.6251e+05 1.621e+05 1.9227e+05 6.1427e+05 3.3165e+06 2.0622e+07 1.0161e+08 3.306e+08 7.619e+08 1.3674e+09 2.0534e+09 2.7128e+09 3.2632e+09 3.6606e+09 3.8946e+09 3.9782e+09 3.9365e+09 3.799e+09 3.5941e+09 3.3465e+09
6.1766 3.3205e+09 3.5852e+09 3.8025e+09 3.9413e+09 3.966e+09 3.8414e+09 3.5412e+09 3.0617e+09 2.4357e+09 1.7392e+09 1.0793e+09 5.5772e+08 2.2531e+08 6.3565e+07 9.6679e+06 3.1871e+05 1.031e+05 1.3102e+05 1.2444e+05 1.2591e+05 1.2734e+05 1.285e+05 1.2937e+05 1.3004e+05 1.3048e+05 1.3082e+05 1.3108e+05 1.3101e+05 1.2968e+05 1.2714e+05 3.1132e+05 2.1305e+06 1.278e+07 6.3802e+07 2.2551e+08 5.6471e+08 1.0825e+09 1.7078e+09 2.3404e+09 2.8934e+09 3.3143e+09 3.584e+09 3.7086e+09 3.7085e+09 3.61e+09 3.4399e+09 3.2223e+09
6.3896 3.2071e+09 3.4376e+09 3.6138e+09 3.7054e+09 3.6799e+09 3.5075e+09 3.1711e+09 2.6779e+09 2.071e+09 1.4294e+09 8.51e+08 4.1637e+08 1.5477e+08 3.7595e+07 4.2387e+06 1.5764e+05 1.3831e+05 1.0335e+05 1.0087e+05 1.0226e+05 1.0332e+05 1.0422e+05 1.0492e+05 1.0546e+05 1.0581e+05 1.0617e+05 1.0642e+05 1.065e+05 1.0592e+05 97779 1.2453e+05 1.1551e+06 8.1338e+06 4.0964e+07 1.5314e+08 4.1344e+08 8.4684e+08 1.4072e+09 2.0053e+09 2.5533e+09 2.9908e+09 3.2905e+09 3.4514e+09 3.4891e+09 3.4268e+09 3.2895e+09 3.1005e+09
6.6026 3.0923e+09 3.2897e+09 3.4267e+09 3.4748e+09 3.4047e+09 3.1927e+09 2.8303e+09 2.3346e+09 1.7552e+09 1.1706e+09 6.6705e+08 3.0675e+08 1.0317e+08 2.1053e+07 1.8797e+06 2.2624e+05 1.1449e+05 81292 82563 83638 84468 85154 85727 86169 86450 86807 87019 87202 87171 83221 56014 4.6653e+05 4.9393e+06 2.6844e+07 1.0447e+08 3.0031e+08 6.5549e+08 1.1486e+09 1.7058e+09 2.2413e+09 2.6888e+09 3.013e+09 3.206e+09 3.2782e+09 3.2494e+09 3.1429e+09 2.9811e+09
6.8156 2.9767e+09 3.1422e+09 3.2423e+09 3.2506e+09 3.1417e+09 2.898e+09 2.519e+09 2.0294e+09 1.4829e+09 9.5444e+08 5.1843e+08 2.2193e+08 6.651e+07 1.1428e+07 1.0823e+06 2.3302e+05 75866 66326 68094 68853 69528 70068 70528 70894 71149 71435 71661 71854 71988 71651 49516 1.0996e+05 2.6444e+06 1.7529e+07 7.1912e+07 2.1756e+08 5.0318e+08 9.2925e+08 1.4403e+09 1.9562e+09 2.4073e+09 2.7508e+09 2.9718e+09 3.0753e+09 3.0777e+09 3.0003e+09 2.8643e+09
7.0286 2.8609e+09 2.9957e+09 3.0615e+09 3.034e+09 2.892e+09 2.624e+09 2.2362e+09 1.7594e+09 1.2486e+09 7.7368e+08 3.983e+08 1.5715e+08 4.167e+07 6.3883e+06 8.2096e+05 1.5729e+05 51161 55477 56479 57054 57588 58034 58397 58707 58936 59156 59397 59559 59714 60410 55291 5360.8 1.1487e+06 1.0981e+07 4.9701e+07 1.5786e+08 3.8423e+08 7.4605e+08 1.2072e+09 1.6974e+09 2.1457e+09 2.5033e+09 2.7483e+09 2.8802e+09 2.9115e+09 2.8614e+09 2.7501e+09
7.2416 2.7452e+09 2.8511e+09 2.8852e+09 2.826e+09 2.6564e+09 2.3705e+09 1.9805e+09 1.521e+09 1.0469e+09 6.2236e+08 3.017e+08 1.0891e+08 2.5822e+07 3.9394e+06 6.1038e+05 72192 41586 46602 47081 47573 47983 48351 48649 48908 49095 49300 49509 49660 49814 50275 53554 18339 3.628e+05 6.3394e+06 3.3988e+07 1.1482e+08 2.9274e+08 5.9542e+08 1.0052e+09 1.464e+09 1.9035e+09 2.2701e+09 2.5352e+09 2.6924e+09 2.7507e+09 2.7263e+09 2.6384e+09
7.4545 2.6302e+09 2.7089e+09 2.7141e+09 2.6272e+09 2.4352e+09 2.1372e+09 1.75e+09 1.3108e+09 8.731e+08 4.9586e+08 2.2502e+08 7.4256e+07 1.628e+07 2.6616e+06 3.6014e+05 26522 37632 39114 39463 39881 40212 40505 40761 40974 41121 41325 41483 41647 41785 41926 45280 47111 82160 3.2649e+06 2.2533e+07 8.3361e+07 2.2297e+08 4.7334e+08 8.321e+08 1.2556e+09 1.6805e+09 2.0508e+09 2.332e+09 2.5118e+09 2.5949e+09 2.5948e+09 2.5292e+09
7.6675 2.5164e+09 2.5698e+09 2.549e+09 2.4382e+09 2.2284e+09 1.923e+09 1.5424e+09 1.1252e+09 7.2333e+08 3.9075e+08 1.6543e+08 5.0349e+07 1.0686e+07 1.7866e+06 1.4456e+05 18695 33270 32923 33273 33594 33879 34114 34331 34509 34636 34811 34948 35106 35225 35282 36374 53215 54485 1.4912e+06 1.4202e+07 5.9877e+07 1.6975e+08 3.7549e+08 6.8578e+08 1.0713e+09 1.4766e+09 1.8456e+09 2.1387e+09 2.3382e+09 2.4439e+09 2.4667e+09 2.4224e+09
7.8805 2.4043e+09 2.4343e+09 2.3904e+09 2.2593e+09 2.0357e+09 1.7268e+09 1.3556e+09 9.6142e+08 5.946e+08 3.0446e+08 1.2035e+08 3.4418e+07 7.2537e+06 1.0644e+06 26994 24457 28085 27868 28196 28440 28679 28880 29054 29208 29328 29458 29600 29727 29838 29929 29748 41588 85997 6.6242e+05 8.4144e+06 4.2071e+07 1.2876e+08 2.9751e+08 5.6343e+08 9.1e+08 1.2916e+09 1.6543e+09 1.9552e+09 2.1713e+09 2.2977e+09 2.342e+09 2.318e+09
8.0935 2.2943e+09 2.303e+09 2.2385e+09 2.0904e+09 1.8566e+09 1.5472e+09 1.1873e+09 8.1687e+08 4.8462e+08 2.3481e+08 8.7203e+07 2.3934e+07 4.888e+06 5.1034e+05 298.23 26560 23463 23725 23987 24198 24388 24562 24705 24838 24942 25049 25183 25285 25398 25506 25223 27881 89506 3.76e+05 4.727e+06 2.863e+07 9.6786e+07 2.3533e+08 4.6197e+08 7.7031e+08 1.1252e+09 1.4772e+09 1.7818e+09 2.0113e+09 2.1562e+09 2.2204e+09 2.2158e+09
8.3065 2.1868e+09 2.1761e+09 2.0936e+09 1.9315e+09 1.6903e+09 1.3827e+09 1.0357e+09 6.8967e+08 3.9164e+08 1.7976e+08 6.3381e+07 1.6857e+07 3.0977e+06 1.7796e+05 14956 22637 19938 20296 20486 20680 20833 20978 21103 21215 21297 21405 21509 21608 21713 21804 21784 20027 61520 2.9912e+05 2.6375e+06 1.8791e+07 7.1626e+07 1.8543e+08 3.7817e+08 6.5038e+08 9.7687e+08 1.3143e+09 1.6184e+09 1.8581e+09 2.0192e+09 2.102e+09 2.1158e+09
8.5195 2.0822e+09 2.0539e+09 1.9558e+09 1.7821e+09 1.5358e+09 1.232e+09 8.9919e+08 5.7839e+08 3.1412e+08 1.3715e+08 4.6394e+07 1.1794e+07 1.7642e+06 48218 28031 17359 17190 17425 17578 17739 17874 17990 18102 18196 18262 18366 18445 18546 18632 18708 18837 17203 29322 2.44e+05 1.5909e+06 1.1973e+07 5.1902e+07 1.4506e+08 3.0895e+08 5.4807e+08 8.4567e+08 1.1655e+09 1.4655e+09 1.712e+09 1.8869e+09 1.9866e+09 2.0178e+09
8.7325 1.9806e+09 1.9365e+09 1.8248e+09 1.6417e+09 1.3923e+09 1.0939e+09 7.767e+08 4.8191e+08 2.5054e+08 1.0469e+08 3.4112e+07 7.9843e+06 8.8709e+05 36361 25993 13964 14864 15005 15153 15272 15393 15493 15586 15668 15731 15811 15889 15974 16048 16126 16245 15955 11540 1.6099e+05 1.0874e+06 7.5714e+06 3.6752e+07 1.1221e+08 2.5152e+08 4.6109e+08 7.3049e+08 1.0307e+09 1.3231e+09 1.5732e+09 1.7594e+09 1.8744e+09 1.9219e+09
8.9455 1.8822e+09 1.8241e+09 1.7005e+09 1.5097e+09 1.259e+09 9.6751e+08 6.6734e+08 3.9921e+08 1.9921e+08 8.0108e+07 2.4948e+07 5.1158e+06 4.2083e+05 53280 16364 12308 12855 12969 13104 13204 13303 13394 13470 13542 13601 13661 13741 13806 13877 13955 14021 14388 8320.5 75126 7.8547e+05 4.9162e+06 2.5526e+07 8.5552e+07 2.0361e+08 3.8714e+08 6.2991e+08 9.0935e+08 1.1914e+09 1.4419e+09 1.6368e+09 1.7652e+09 1.8279e+09
9.1584 1.7872e+09 1.7164e+09 1.5825e+09 1.3856e+09 1.1351e+09 8.5217e+08 5.7044e+08 3.2925e+08 1.5828e+08 6.1365e+07 1.7904e+07 3.0859e+06 2.3937e+05 52253 9230.8 11094 11150 11260 11362 11459 11539 11618 11684 11746 11795 11852 11920 11976 12045 12110 12158 12465 10769 19196 5.2926e+05 3.3568e+06 1.7581e+07 6.4213e+07 1.6348e+08 3.2408e+08 5.423e+08 8.0078e+08 1.0703e+09 1.3184e+09 1.5194e+09 1.6594e+09 1.736e+09
9.3714 1.6956e+09 1.6133e+09 1.4705e+09 1.269e+09 1.0201e+09 7.4738e+08 4.8542e+08 2.7079e+08 1.258e+08 4.681e+07 1.2461e+07 1.8025e+06 1.8947e+05 32188 7372 9741.7 9707.7 9810.9 9887.2 9975.1 10045 10109 10170 10223 10261 10321 10370 10429 10487 10538 10596 10687 12006 588.98 2.9924e+05 2.3756e+06 1.22e+07 4.7536e+07 1.2991e+08 2.701e+08 4.6603e+08 7.0407e+08 9.5964e+08 1.2029e+09 1.4074e+09 1.5569e+09 1.6462e+09
9.5844 1.6072e+09 1.5146e+09 1.3641e+09 1.1592e+09 9.1359e+08 6.5281e+08 4.1158e+08 2.2241e+08 9.9949e+07 3.5295e+07 8.3827e+06 1.0977e+06 1.5972e+05 11462 7924.1 8414.2 8478.4 8567.4 8639.8 8707.6 8772.4 8826.4 8880.3 8926.1 8959.9 9012.1 9054 9109.7 9156.8 9204.8 9266.7 9267 10704 4269.8 1.2863e+05 1.6565e+06 8.6432e+06 3.4901e+07 1.0209e+08 2.2374e+08 3.995e+08 6.1815e+08 8.5903e+08 1.0953e+09 1.301e+09 1.4581e+09 1.5586e+09
9.7974 1.522e+09 1.4202e+09 1.2631e+09 1.0562e+09 8.154e+08 5.6813e+08 3.481e+08 1.8257e+08 7.9147e+07 2.6128e+07 5.5128e+06 7.4962e+05 1.1024e+05 2288 7917.1 7323.5 7430 7499.5 7573.3 7625.8 7682.6 7732.1 7776.1 7817.5 7851.5 7888.8 7934.4 7977.5 8020.4 8070.4 8117.5 8133.8 8549.3 11445 37804 1.0733e+06 6.2472e+06 2.5625e+07 7.9399e+07 1.8396e+08 3.4129e+08 5.4184e+08 7.6789e+08 9.9569e+08 1.2005e+09 1.3631e+09 1.4734e+09
10.01 1.4399e+09 1.3297e+09 1.1671e+09 9.5955e+08 7.2535e+08 4.9297e+08 2.9396e+08 1.4972e+08 6.2201e+07 1.8938e+07 3.6466e+06 5.5764e+05 53477 3231.2 6837.2 6450.7 6533.3 6589.5 6651 6701.4 6747.4 6792.8 6830 6866.9 6897.5 6928.1 6972.1 7005.6 7048.4 7093.5 7127.5 7173.7 6978.5 12873 12350 6.1723e+05 4.5208e+06 1.8963e+07 6.1292e+07 1.5001e+08 2.9023e+08 4.7398e+08 6.8554e+08 9.0387e+08 1.106e+09 1.2722e+09 1.3906e+09
10.223 1.3607e+09 1.2429e+09 1.0759e+09 8.693e+08 6.4334e+08 4.268e+08 2.4799e+08 1.2245e+08 4.8314e+07 1.3499e+07 2.5091e+06 4.0193e+05 14153 6531.6 5595.1 5699.9 5758 5811.5 5854.9 5905.2 5944 5982.3 6017 6048.7 6072.6 6106 6139.1 6172.9 6211.3 6246.5 6281.9 6332.1 6145 9466.6 17733 3.1041e+05 3.1812e+06 1.4178e+07 4.7175e+07 1.2134e+08 2.4544e+08 4.1352e+08 6.1117e+08 8.1951e+08 1.0174e+09 1.1854e+09 1.3105e+09
10.436 1.2843e+09 1.1598e+09 9.896e+08 7.8542e+08 5.6917e+08 3.6894e+08 2.0897e+08 9.9632e+07 3.7009e+07 9.5783e+06 1.8104e+06 2.5143e+05 1105.1 7179.4 4808.3 5036 5084 5135.4 5172.7 5214.8 5251.3 5282.8 5315.2 5342.3 5361.6 5395.4 5419.8 5455.1 5486 5515.7 5556 5593 5595.3 5675.1 24330 1.4818e+05 2.1194e+06 1.0646e+07 3.6378e+07 9.7522e+07 2.0628e+08 3.5952e+08 5.4397e+08 7.4217e+08 9.3474e+08 1.1031e+09 1.2333e+09
10.649 1.2105e+09 1.0802e+09 9.0808e+08 7.0788e+08 5.0257e+08 3.1856e+08 1.757e+08 8.0433e+07 2.7997e+07 6.8781e+06 1.3233e+06 1.2656e+05 4628.2 5398.4 4366 4460.6 4501.7 4544.1 4585.1 4616.2 4650.1 4678.5 4705.9 4730.4 4749.8 4775.7 4800.7 4830.7 4857.1 4887.4 4922.6 4949.4 5033.8 3962.9 20908 88743 1.3206e+06 7.9191e+06 2.8183e+07 7.8067e+07 1.7228e+08 3.1127e+08 4.8315e+08 6.7135e+08 8.5788e+08 1.0252e+09 1.159e+09
10.862 1.1392e+09 1.0041e+09 8.3141e+08 6.3665e+08 4.4311e+08 2.7473e+08 1.4719e+08 6.4318e+07 2.1031e+07 5.0494e+06 9.2609e+05 50814 10004 3564.2 3962.9 3962.6 3999.8 4032.3 4071 4098.5 4127 4154.1 4176.5 4199.1 4218.4 4236.7 4264.4 4286.2 4312.4 4342.4 4366.6 4393.7 4456.8 3895.2 11408 75745 7.8343e+05 5.746e+06 2.1909e+07 6.2433e+07 1.4309e+08 2.6821e+08 4.2799e+08 6.0646e+08 7.8656e+08 9.5176e+08 1.088e+09
11.075 1.0704e+09 9.3161e+08 7.5965e+08 5.7161e+08 3.9023e+08 2.3651e+08 1.2264e+08 5.0949e+07 1.5821e+07 3.7646e+06 5.9231e+05 23661 9793.8 2903.4 3515.4 3524.5 3561.7 3591.4 3619.6 3648.5 3671.9 3696 3716.3 3736.3 3752.3 3770.5 3794.1 3813.4 3838.8 3863.7 3884.3 3913.7 3941.2 4075.6 3666.8 67001 4.7345e+05 4.0227e+06 1.6994e+07 5e+07 1.1836e+08 2.2998e+08 3.7793e+08 5.4694e+08 7.2044e+08 8.8274e+08 1.0201e+09
11.288 1.0042e+09 8.6271e+08 6.9283e+08 5.1252e+08 3.4327e+08 2.0306e+08 1.0149e+08 4.0079e+07 1.2006e+07 2.7851e+06 3.4163e+05 23357 5568.3 2966.8 3103.5 3141.7 3175.4 3206 3226.8 3254 3275.4 3295.1 3314.9 3331.9 3344.1 3365 3381.3 3402.7 3423.9 3443.5 3467.8 3493.7 3508.2 3812.1 1161.4 47686 3.2007e+05 2.719e+06 1.304e+07 4.012e+07 9.7687e+07 1.9628e+08 3.3251e+08 4.9226e+08 6.5915e+08 8.1801e+08 9.5563e+08
11.501 9.4055e+08 7.9752e+08 6.3095e+08 4.5902e+08 3.0153e+08 1.7366e+08 8.3399e+07 3.1447e+07 9.2011e+06 1.9893e+06 1.8862e+05 26010 1977.3 2934.7 2772.5 2811.1 2836.6 2864 2886.5 2907.1 2927.8 2944.9 2962.7 2977.8 2988.9 3007.6 3021.5 3042.3 3059.4 3077.7 3102.8 3122.1 3138.8 3266.3 2182.8 23801 2.4394e+05 1.8075e+06 9.8192e+06 3.2191e+07 8.0586e+07 1.6688e+08 2.9141e+08 4.4198e+08 6.023e+08 7.5737e+08 8.9445e+08
11.714 8.7955e+08 7.3612e+08 5.7388e+08 4.1068e+08 2.6431e+08 1.478e+08 6.8113e+07 2.4727e+07 7.067e+06 1.3487e+06 1.1823e+05 20686 1162.2 2589.9 2494.6 2521.6 2542.1 2562.6 2587.2 2603.3 2621.8 2638.3 2652.8 2666.9 2678.8 2691.6 2708 2723.8 2739.8 2759 2777.8 2794.9 2816.2 2792.2 3500.4 6477.4 1.8753e+05 1.2252e+06 7.2286e+06 2.5719e+07 6.6517e+07 1.4149e+08 2.5441e+08 3.9572e+08 5.4948e+08 7.0059e+08 8.3653e+08
11.927 8.213e+08 6.7856e+08 5.2144e+08 3.6699e+08 2.3104e+08 1.2511e+08 5.5416e+07 1.9538e+07 5.3651e+06 8.7445e+05 93438 10244 1989.2 2189.2 2240.6 2261.9 2283.5 2300.8 2320.6 2337.3 2352.4 2368 2380.5 2393.4 2404.5 2414.7 2431.4 2443.2 2459.7 2477.3 2490.5 2509.3 2531.5 2495.9 3528.6 318.2 1.2849e+05 8.7558e+05 5.2212e+06 2.0356e+07 5.4919e+07 1.1979e+08 2.2135e+08 3.5322e+08 5.0037e+08 6.474e+08 7.8178e+08
12.14 7.6589e+08 6.2481e+08 4.7335e+08 3.2742e+08 2.0123e+08 1.0537e+08 4.5044e+07 1.5488e+07 3.9738e+06 5.6634e+05 78578 2185.5 2553.9 1933.8 2011.6 2031.2 2053.2 2071.6 2084.9 2102.4 2115.5 2128.6 2140.9 2152.1 2160.6 2172.7 2185.1 2197.5 2212.4 2226.3 2240.2 2258.8 2277 2286.2 2675 1784.5 71875 6.564e+05 3.7472e+06 1.5895e+07 4.5274e+07 1.0137e+08 1.9205e+08 3.143e+08 4.5466e+08 5.9752e+08 7.3006e+08
12.353 7.134e+08 5.7478e+08 4.2925e+08 2.9151e+08 1.7455e+08 8.8396e+07 3.6667e+07 1.2246e+07 2.8576e+06 3.9178e+05 56920 19.304 2229.6 1786.2 1813.4 1830.8 1848.4 1866.5 1878.9 1893.4 1906.3 1917.2 1929 1938.7 1945.5 1958.5 1967.1 1981 1992.8 2004.4 2021 2035.4 2048.8 2079.3 1917.5 4554.2 30955 4.9172e+05 2.7219e+06 1.2232e+07 3.716e+07 8.5783e+07 1.663e+08 2.7883e+08 4.1214e+08 5.507e+08 6.812e+08
12.566 6.6385e+08 5.283e+08 3.8877e+08 2.5884e+08 1.5079e+08 7.3988e+07 2.991e+07 9.5804e+06 2.0143e+06 2.9623e+05 31249 1631.3 1590 1639.9 1639.1 1655.5 1668.3 1682.5 1697.6 1708.2 1720.4 1730.6 1740.6 1749.6 1756.7 1766.7 1775.9 1787.8 1797.9 1809.9 1824.7 1835.8 1847.8 1871.4 1653.3 4949.5 11644 3.4657e+05 2.0283e+06 9.3066e+06 3.0271e+07 7.2549e+07 1.4384e+08 2.4672e+08 3.7266e+08 5.067e+08 6.3501e+08
12.779 6.1722e+08 4.8516e+08 3.5155e+08 2.2912e+08 1.2979e+08 6.1899e+07 2.4401e+07 7.3714e+06 1.4267e+06 2.2942e+05 11776 3155.9 1249.5 1472.8 1481.1 1497.2 1509.8 1520.5 1534.9 1544.6 1554.9 1565.1 1573.2 1581.8 1589.3 1595.9 1607 1615.3 1625.7 1637.9 1647.7 1659.4 1673 1685.6 1656.2 3230.4 8575.3 2.2008e+05 1.5442e+06 7.0563e+06 2.4422e+07 6.1237e+07 1.2435e+08 2.1784e+08 3.3611e+08 4.6535e+08 5.913e+08
12.992 5.7343e+08 4.451e+08 3.1725e+08 2.0215e+08 1.1142e+08 5.1819e+07 1.9829e+07 5.5747e+06 1.0442e+06 1.6535e+05 3868.5 2833.9 1235.3 1321.1 1339.8 1353.6 1367.7 1378.7 1388.6 1399.5 1408.1 1417.2 1424.8 1432.5 1438.8 1445.5 1455.2 1462.5 1472.9 1483.1 1491.3 1504.1 1517.6 1526.5 1612 1415.1 11063 1.2515e+05 1.1735e+06 5.3837e+06 1.9509e+07 5.1488e+07 1.0746e+08 1.9206e+08 3.0242e+08 4.2652e+08 5.499e+08
13.205 5.3235e+08 4.0784e+08 2.8563e+08 1.7779e+08 9.5507e+07 4.34e+07 1.5978e+07 4.1737e+06 7.942e+05 1.0376e+05 4434.2 1505 1251.4 1200.5 1216.6 1227.3 1239.9 1251.8 1259.1 1269.5 1277.6 1285 1292.8 1299.4 1304 1312.5 1318.8 1327.5 1336.1 1344.2 1354.2 1365.3 1375.9 1385.7 1449.3 752.86 11221 68994 8.6351e+05 4.16e+06 1.5468e+07 4.3041e+07 9.2775e+07 1.6917e+08 2.7156e+08 3.9011e+08 5.1066e+08
13.418 4.9381e+08 3.7313e+08 2.5648e+08 1.5596e+08 8.1834e+07 3.6305e+07 1.2731e+07 3.1358e+06 6.0974e+05 56231 6616.3 633.99 1141.8 1096.3 1107.1 1117 1126 1136.3 1145 1152.8 1160.9 1167.4 1174.5 1180.5 1184.7 1192.5 1197.8 1206.6 1213.4 1221 1231.9 1239.9 1248 1259.1 1266.2 1012.7 7567.9 45167 6.0174e+05 3.2486e+06 1.223e+07 3.5727e+07 7.9944e+07 1.4892e+08 2.4344e+08 3.5608e+08 4.7347e+08
13.631 4.5761e+08 3.4076e+08 2.2971e+08 1.3655e+08 7.0121e+07 3.0253e+07 1.0035e+07 2.3949e+06 4.5159e+05 30170 6102.4 646.38 980.15 996.99 1006.9 1017.7 1025.3 1032.7 1042.7 1048.8 1056.1 1062.7 1068.4 1074.1 1079 1084.1 1090.8 1097.4 1104 1112 1120.3 1127.4 1135.9 1146.7 1136.3 1353.7 2956 38188 3.9671e+05 2.5343e+06 9.6966e+06 2.9448e+07 6.8668e+07 1.3102e+08 2.1797e+08 3.244e+08 4.3825e+08
13.844 4.2358e+08 3.1056e+08 2.0524e+08 1.1943e+08 6.0062e+07 2.5047e+07 7.8631e+06 1.8622e+06 3.1216e+05 21924 3252.8 976.33 869.99 906.47 916.2 926.13 935 941.68 949.5 956.16 962.13 968.52 973.46 978.78 983.47 987.35 994.61 999.29 1006.4 1013.9 1019.4 1027.8 1037.2 1046.1 1048.6 1320.5 330.31 33553 2.5614e+05 1.9436e+06 7.7369e+06 2.414e+07 5.8719e+07 1.1515e+08 1.95e+08 2.9505e+08 4.0494e+08
14.057 3.9153e+08 2.8243e+08 1.8302e+08 1.0441e+08 5.1361e+07 2.0574e+07 6.1715e+06 1.4538e+06 2.0161e+05 20905 705.59 1045.3 813.29 828.23 836.44 843.94 852.92 860.63 865.59 872.83 878.14 883.49 888.55 893.18 896.73 901.76 907.05 912.19 918.65 924.67 930.48 938.87 947.18 954.22 967.07 1041.5 212.39 24831 1.7405e+05 1.447e+06 6.2078e+06 1.9737e+07 4.995e+07 1.0104e+08 1.7434e+08 2.6799e+08 3.7354e+08
14.27 3.6132e+08 2.5632e+08 1.6298e+08 9.1243e+07 4.3772e+07 1.6779e+07 4.8836e+06 1.114e+06 1.2893e+05 18261 35.273 826.13 759.4 758.3 765.79 772.06 778.84 786.37 791.34 797.36 802.74 807.14 812.18 816.22 818.92 824.72 828.13 834.26 839.28 844.33 851.63 858.04 864.18 870.88 882.49 815.71 1159.5 13725 1.313e+05 1.0435e+06 4.9798e+06 1.6149e+07 4.2268e+07 8.8425e+07 1.5577e+08 2.4317e+08 3.4404e+08
14.483 3.3288e+08 2.3219e+08 1.45e+08 7.9679e+07 3.712e+07 1.3629e+07 3.8989e+06 8.2348e+05 90678 11918 684.51 608.99 690.25 693.07 700.93 707.89 712.89 718.48 725.05 729.31 734.46 738.76 743.01 746.84 749.84 754.23 758.04 763.38 767.72 772.92 779.74 784.49 789.88 797.19 804.45 747.86 1659.5 5000.5 1.0553e+05 7.3937e+05 3.959e+06 1.3253e+07 3.5615e+07 7.7124e+07 1.3905e+08 2.2047e+08 3.1644e+08
14.696 3.0613e+08 2.1001e+08 1.2894e+08 6.9463e+07 3.13e+07 1.1074e+07 3.1185e+06 5.8695e+05 72602 5082.8 1258.1 552.53 624.33 634.09 641.22 648.37 653.82 658.11 664.33 668.38 672.75 677.18 680.58 684.3 687.66 690.33 695.32 698.89 703.51 708.94 713.43 718.59 724.75 731.7 737.28 746.87 1335 1326.6 81574 5.3035e+05 3.0951e+06 1.091e+07 2.9935e+07 6.6999e+07 1.2395e+08 1.9977e+08 2.9072e+08
14.909 2.8107e+08 1.8975e+08 1.146e+08 6.0386e+07 2.626e+07 9.0334e+06 2.4697e+06 4.1341e+05 59466 1298.7 1099.1 577.12 573.8 582.62 588 593.62 599.86 604.7 608.71 613.51 617.16 621.15 624.44 627.8 630.64 633.43 637.91 640.95 645.73 650.39 653.88 659.85 666.13 671.6 677.1 712.81 727.84 1624.7 55652 3.9673e+05 2.3726e+06 8.9835e+06 2.5149e+07 5.7971e+07 1.1026e+08 1.809e+08 2.6685e+08
15.122 2.5768e+08 1.7131e+08 1.0177e+08 5.2295e+07 2.1962e+07 7.4022e+06 1.9175e+06 3.0046e+05 43685 1039.6 573.14 560.82 531.13 536.23 541 545.24 550.56 555.94 558.89 563.53 567.1 570.29 573.78 576.66 578.66 582.54 585.31 589.22 593.13 596.82 601.28 606.53 611.53 616.06 621.43 639.45 408.68 2909.5 32058 3.0971e+05 1.7926e+06 7.363e+06 2.1154e+07 4.9985e+07 9.7832e+07 1.6368e+08 2.4476e+08
15.335 2.3596e+08 1.5458e+08 9.0229e+07 4.5097e+07 1.836e+07 6.0711e+06 1.457e+06 2.3145e+05 26671 2149.7 272.65 491.91 488.19 492.63 498.06 502.5 506.18 510.63 514.6 517.97 521.6 524.46 527.69 530.32 532.13 535.85 538.01 542.19 545.25 548.66 553.81 557.48 561.27 566.09 571.52 569.89 452.01 3038 16192 2.433e+05 1.3526e+06 5.9771e+06 1.7823e+07 4.2996e+07 8.6539e+07 1.4794e+08 2.2438e+08
15.548 2.1587e+08 1.394e+08 7.9814e+07 3.8744e+07 1.5375e+07 4.9523e+06 1.0948e+06 1.8418e+05 13686 2455.3 330.86 428.89 447.43 452.66 458.03 463.08 466.47 469.54 474.21 476.83 480.09 483.11 485.65 488.24 490.5 492.8 495.86 498.93 501.92 505.63 509.66 512.86 516.77 521.94 527.23 524.74 586.83 1894.2 9410.3 1.8309e+05 1.0359e+06 4.7921e+06 1.5022e+07 3.6946e+07 7.6307e+07 1.3349e+08 2.0557e+08
15.761 1.9737e+08 1.256e+08 7.0392e+07 3.32e+07 1.2905e+07 3.9937e+06 8.2972e+05 1.4243e+05 7635.7 1552 476.16 399.35 412.84 417.64 421.68 426.05 430.21 433.21 436.72 439.75 442.44 445.4 447.6 450.07 452.3 453.92 457.45 459.49 462.84 466.43 468.96 472.9 477.35 481.75 486.31 491.28 596.37 599.71 8507.5 1.2749e+05 8.1204e+05 3.7988e+06 1.2633e+07 3.1752e+07 6.7092e+07 1.2021e+08 1.8821e+08
15.974 1.8035e+08 1.1302e+08 6.1882e+07 2.8425e+07 1.0837e+07 3.1774e+06 6.4501e+05 1.0169e+05 6811.8 435.61 476.63 381.72 382.44 386.32 389.5 392.63 396.75 400.43 402.52 405.93 408.35 410.8 413.16 415.3 416.97 419.27 421.82 424.13 427.25 430.14 432.72 436.85 440.91 444.26 447.87 455.34 491.8 59.721 8759.9 82114 6.4586e+05 2.9943e+06 1.0566e+07 2.7308e+07 5.8858e+07 1.08e+08 1.7216e+08
16.187 1.6471e+08 1.015e+08 5.4241e+07 2.4351e+07 9.0715e+06 2.5043e+06 5.1309e+05 66405 7174.7 15.512 361.33 354.11 353.01 356.8 360.39 363.25 366.24 369.77 372.02 374.84 377.36 379.37 381.78 383.65 384.85 387.72 389.21 392.19 394.56 396.96 400.43 403.57 406.6 409.77 413.24 418.08 393.46 255.9 7316.4 51877 5.0961e+05 2.3673e+06 8.7688e+06 2.3494e+07 5.1565e+07 9.6788e+07 1.5729e+08
16.4 1.503e+08 9.0945e+07 4.7442e+07 2.0882e+07 7.5421e+06 1.9739e+06 4.0768e+05 42244 5979.9 263.64 274.7 321.15 325.3 329.16 333.13 336.58 338.83 341.31 344.53 346.46 348.89 350.92 352.94 354.75 356.14 358.32 360.02 362.69 364.71 367.16 370.62 372.83 375.42 379.04 382.9 385.66 361.06 602.83 4310.3 36271 3.8949e+05 1.891e+06 7.2161e+06 2.0192e+07 4.5154e+07 8.653e+07 1.4348e+08
16.613 1.3699e+08 8.1282e+07 4.1451e+07 1.7911e+07 6.2159e+06 1.5718e+06 3.14e+05 30009 3362.1 570.49 269.3 295.38 301.38 304.65 307.87 311.29 313.94 315.88 318.9 320.78 322.85 325 326.58 328.38 330.04 331.24 333.71 335.41 337.63 340.27 342.54 344.99 347.94 351.48 355.17 358.25 362.51 662.84 1511.4 29743 2.8482e+05 1.5278e+06 5.9007e+06 1.7303e+07 3.9544e+07 7.7202e+07 1.3064e+08
16.826 1.2467e+08 7.2475e+07 3.6214e+07 1.5335e+07 5.0847e+06 1.2685e+06 2.3078e+05 25130 1077.5 541.48 287.15 276.76 280.3 282.98 285.28 287.79 290.84 293.23 295.06 297.4 299.14 301.07 302.64 304.28 305.7 306.95 309.25 310.62 313.02 315.35 316.96 319.95 323.09 325.8 328.72 332.28 349.87 457.32 257.06 25602 2.0125e+05 1.2389e+06 4.8149e+06 1.4757e+07 3.4637e+07 6.8778e+07 1.1872e+08
17.039 1.1325e+08 6.4504e+07 3.165e+07 1.3074e+07 4.1472e+06 1.0295e+06 1.6395e+05 21601 307.1 293.61 272.73 258.11 259.96 262.71 265.05 267 269.51 272.2 273.53 275.83 277.56 279.08 280.81 282.21 283.17 285.1 286.45 288.36 290.32 292.16 294.27 296.98 299.55 301.75 304.12 307.29 316.59 250.79 443.3 19939 1.4265e+05 9.9536e+05 3.9404e+06 1.2511e+07 3.0327e+07 6.1221e+07 1.0767e+08
17.252 1.0266e+08 5.7345e+07 2.7661e+07 1.1082e+07 3.3926e+06 8.2749e+05 1.1792e+05 16263 704.36 131.23 235.08 238 240.45 243.36 246.19 248.46 250.17 252.29 254.28 255.91 257.71 259.09 260.7 261.99 262.83 264.78 265.74 267.9 269.39 271.06 273.69 275.53 277.46 279.87 282.48 285.11 284.06 202.74 1027.9 12823 1.0661e+05 7.8295e+05 3.2446e+06 1.0547e+07 2.6513e+07 5.4477e+07 9.747e+07
17.465 9.2892e+07 5.0959e+07 2.4149e+07 9.3401e+06 2.7943e+06 6.5015e+05 90424 9887.2 1144 156.61 208.57 220.27 223.33 225.82 228.43 231.01 232.69 234.1 236.51 237.75 239.37 240.88 242.12 243.42 244.55 245.7 247.2 248.79 250.26 252.09 254.25 255.78 257.7 260.39 263.22 265.82 264.25 260.55 1149 6581.1 85282 6.0056e+05 2.6859e+06 8.8578e+06 2.3113e+07 4.8473e+07 8.8106e+07
17.678 8.3918e+07 4.5283e+07 2.1027e+07 7.8429e+06 2.3141e+06 4.983e+05 73680 4995.5 970.02 239.65 200.5 205.94 208.48 210.43 212.26 214.35 216.49 217.99 219.72 221.23 222.57 224.08 225.15 226.4 227.57 228.29 230.16 231.13 232.84 234.69 235.97 237.95 240.19 242.5 244.95 247.58 250.58 298.1 729.4 3120.3 69726 4.5299e+05 2.2237e+06 7.4321e+06 2.007e+07 4.3122e+07 7.9559e+07
17.891 7.5727e+07 4.0235e+07 1.8238e+07 6.5835e+06 1.9141e+06 3.7783e+05 59709 2974.8 412.23 246.49 193.89 192.39 194.34 196.27 197.83 199.29 201.37 203.29 204.25 206.01 207.23 208.46 209.65 210.74 211.6 212.73 214.09 215.19 216.83 218.34 219.56 221.75 223.89 225.59 227.44 229.72 234.39 267.98 230.21 2401.1 54328 3.4295e+05 1.8274e+06 6.2481e+06 1.7353e+07 3.8333e+07 7.1796e+07
18.104 6.8294e+07 3.5723e+07 1.5751e+07 5.5414e+06 1.568e+06 2.9072e+05 44847 3010.1 37.095 184.37 179.02 178.47 180.46 182.61 184.55 186.02 187.48 189.28 190.41 191.85 193.14 194.14 195.39 196.34 196.92 198.45 199.16 200.73 201.94 203.17 204.93 206.62 208.24 209.84 211.58 213.55 216.28 213.56 39.578 2860 38411 2.666e+05 1.4813e+06 5.2707e+06 1.4944e+07 3.4024e+07 6.4771e+07
18.317 6.1575e+07 3.1665e+07 1.3555e+07 4.681e+06 1.2655e+06 2.3116e+05 30352 3253.5 63.686 136 162.56 165.84 167.91 169.88 171.94 173.79 174.91 176.11 177.83 178.79 180.04 181.08 182.13 183.06 183.75 184.93 185.73 187.19 188.2 189.45 191.33 192.45 193.78 195.68 197.71 199.64 200.8 185.1 148.23 2914.4 24517 2.1415e+05 1.1828e+06 4.4573e+06 1.2837e+07 3.0126e+07 5.8421e+07
18.53 5.5505e+07 2.7995e+07 1.1646e+07 3.9596e+06 1.0084e+06 1.8819e+05 19417 2597.3 256.57 136.18 151.69 155.36 157.15 158.65 160.21 161.96 163.37 164.33 165.93 166.88 167.95 169.08 169.88 170.82 171.71 172.29 173.6 174.49 175.64 177.01 178.27 179.49 180.99 182.91 184.92 186.93 188.47 184.8 299.46 2073.1 15224 1.7423e+05 9.3507e+05 3.7664e+06 1.102e+07 2.6593e+07 5.2674e+07
18.743 5.0009e+07 2.4672e+07 1.0009e+07 3.3387e+06 8.0128e+05 1.5169e+05 13580 1326.6 316.18 151.1 144.16 145.65 147.19 148.55 149.68 150.9 152.52 153.81 154.71 155.95 156.84 157.87 158.67 159.54 160.31 160.9 162.18 162.83 164.13 165.38 166.18 167.78 169.44 170.91 172.5 174.31 176.62 185.49 309.72 896.59 10888 1.3872e+05 7.4007e+05 3.1659e+06 9.4695e+06 2.3398e+07 4.7455e+07
18.956 4.5008e+07 2.1679e+07 8.6176e+06 2.7936e+06 6.4321e+05 1.1717e+05 11473 369.24 202.26 145.15 135.12 135.73 137.29 138.85 140.13 141.13 142.42 143.87 144.51 145.75 146.66 147.45 148.37 149.1 149.6 150.64 151.36 152.34 153.41 154.4 155.45 156.96 158.38 159.53 160.77 162.3 164.37 172.53 206.01 156.99 9573.1 1.0517e+05 5.9332e+05 2.6377e+06 8.1524e+06 2.0527e+07 4.2694e+07
19.169 4.0436e+07 1.9008e+07 7.4308e+06 2.3156e+06 5.2501e+05 85999 10292 194.2 78.687 123.33 124.94 126.41 127.97 129.53 131.09 132.35 133.21 134.31 135.39 136.24 137.2 137.92 138.79 139.47 139.88 140.98 141.43 142.64 143.41 144.29 145.71 146.72 147.78 149.05 150.41 151.84 153.25 154.2 116.74 98.707 8720 75580 4.8389e+05 2.1762e+06 7.027e+06 1.7973e+07 3.8334e+07
19.382 3.6247e+07 1.6652e+07 6.4045e+06 1.9062e+06 4.326e+05 61794 8156.3 480.23 63.545 108.64 116.59 118.6 119.94 121.17 122.52 123.92 124.82 125.53 126.86 127.5 128.36 129.18 129.84 130.53 131.14 131.77 132.54 133.44 134.2 135.16 136.41 137.19 138.18 139.66 141.21 142.69 143.97 142.01 107.62 381.12 6884.8 53083 3.9815e+05 1.783e+06 6.0521e+06 1.5726e+07 3.4338e+07
19.595 3.2413e+07 1.4594e+07 5.5017e+06 1.5682e+06 3.5363e+05 46262 5195.4 639.44 117 106.57 110.14 111.62 112.78 113.78 114.69 115.77 116.95 117.76 118.69 119.5 120.21 121.04 121.6 122.28 122.94 123.28 124.33 124.83 125.76 126.77 127.48 128.52 129.71 131.01 132.4 133.85 135.4 136.03 141.76 539.54 4289.9 38863 3.2493e+05 1.4595e+06 5.1941e+06 1.3765e+07 3.0681e+07
19.808 2.8924e+07 1.2802e+07 4.6995e+06 1.2981e+06 2.8221e+05 37496 2714.1 447.93 141.92 105.3 103.59 104.52 105.71 106.81 107.66 108.41 109.53 110.62 111.08 112.06 112.71 113.38 114.03 114.62 115.1 115.68 116.46 117.02 117.94 118.79 119.39 120.62 121.82 122.75 123.79 125.03 126.6 129.69 156.19 410.74 2053.5 31126 2.5876e+05 1.2016e+06 4.4318e+06 1.206e+07 2.7352e+07
20.021 2.5776e+07 1.1234e+07 3.9898e+06 1.0838e+06 2.1922e+05 31545 1622.6 135.94 111.89 97.534 96.516 97.564 98.775 99.99 101.1 101.92 102.68 103.67 104.27 105.07 105.78 106.31 107.01 107.52 107.82 108.69 109.06 109.93 110.59 111.28 112.2 113.18 114.12 114.97 115.89 116.99 118.21 120.62 135.17 163.64 983.66 26394 1.9987e+05 9.9848e+05 3.7564e+06 1.0573e+07 2.4344e+07
20.234 2.2959e+07 9.8474e+06 3.3736e+06 9.085e+05 1.6842e+05 25328 1646.5 0.72615 74.275 88.037 90.297 91.585 92.637 93.664 94.801 95.86 96.459 97.078 98.063 98.566 99.259 99.829 100.41 100.92 101.28 101.97 102.37 103.22 103.76 104.42 105.51 106.12 106.85 107.89 109 110.08 111.1 111.77 107.04 27.301 967.56 21721 1.5134e+05 8.3509e+05 3.1668e+06 9.2643e+06 2.165e+07
20.447 2.0454e+07 8.6073e+06 2.852e+06 7.5739e+05 1.3171e+05 18357 1818.4 76.644 68 82.57 85.304 86.451 87.338 88.118 88.922 89.878 90.678 91.191 92.094 92.604 93.194 93.834 94.263 94.787 95.294 95.6 96.334 96.836 97.459 98.217 98.973 99.605 100.41 101.51 102.66 103.77 104.88 105.3 96.488 58.037 1265.7 16153 1.154e+05 6.972e+05 2.6642e+06 8.0992e+06 1.9253e+07
20.66 1.8229e+07 7.4924e+06 2.4193e+06 6.2268e+05 1.0684e+05 12141 1488.5 180.16 81.221 79.693 80.491 81.358 82.246 83.028 83.633 84.265 85.182 85.925 86.397 87.097 87.593 88.168 88.61 89.096 89.546 89.832 90.596 90.922 91.663 92.382 92.805 93.699 94.625 95.475 96.408 97.441 98.634 99.938 99.815 145.03 1235.2 10598 91203 5.7541e+05 2.2457e+06 7.0535e+06 1.7128e+07
20.873 1.6243e+07 6.495e+06 2.0615e+06 5.0406e+05 88665 8203.4 784.86 170.18 84.227 75.453 75.343 76.172 77.115 78.03 78.784 79.333 80.041 80.878 81.205 81.916 82.428 82.858 83.385 83.792 84.071 84.65 85.068 85.602 86.219 86.791 87.326 88.22 89.059 89.689 90.393 91.27 92.325 93.932 100.35 170.42 788 6495.9 75042 4.6662e+05 1.9019e+06 6.1143e+06 1.5243e+07
21.086 1.4456e+07 5.6154e+06 1.7597e+06 4.0502e+05 72463 6597.6 240.7 81.415 71.631 69.792 70.595 71.514 72.365 73.229 74.132 74.873 75.334 75.937 76.561 77.036 77.579 77.976 78.482 78.86 79.072 79.734 79.95 80.66 81.09 81.583 82.386 82.982 83.605 84.296 85.037 85.855 86.691 87.715 92.097 122.33 272.19 4481.2 62395 3.7251e+05 1.6181e+06 5.2776e+06 1.3561e+07
21.299 1.2836e+07 4.8534e+06 1.4969e+06 3.277e+05 56462 6043.1 146.1 25.825 59.753 65.206 66.739 67.615 68.311 68.959 69.695 70.506 71.022 71.392 72.18 72.522 73.014 73.483 73.852 74.248 74.589 74.962 75.379 75.917 76.333 76.867 77.632 78.042 78.593 79.44 80.321 81.151 81.956 82.528 82.04 66.823 29.481 3988.3 50228 2.9591e+05 1.3781e+06 4.5435e+06 1.2048e+07
21.512 1.1363e+07 4.2024e+06 1.2627e+06 2.6984e+05 41861 5185.7 318.41 42.908 58.13 62.175 63.196 63.926 64.591 65.16 65.644 66.229 66.921 67.391 67.914 68.375 68.779 69.261 69.571 69.964 70.354 70.519 71.15 71.421 71.953 72.536 72.961 73.532 74.188 74.972 75.795 76.633 77.513 78.297 76.747 54.026 93.594 3852.6 38049 2.376e+05 1.1682e+06 3.9108e+06 1.0678e+07
21.725 1.0029e+07 3.6474e+06 1.055e+06 2.2535e+05 30765 3667.8 405.65 79.374 60.052 59.075 59.423 60.09 60.815 61.482 61.985 62.389 63.033 63.679 63.918 64.492 64.865 65.246 65.617 65.958 66.244 66.555 67.037 67.324 67.877 68.377 68.687 69.414 70.116 70.665 71.291 72.025 72.903 74.005 74.831 73.69 245.49 3242.4 27222 1.9487e+05 9.8097e+05 3.3728e+06 9.4326e+06
21.938 8.8346e+06 3.1684e+06 8.7653e+05 1.8761e+05 23928 2097.5 275.74 80.477 57.125 55.271 55.749 56.443 57.141 57.85 58.52 59.01 59.429 60.004 60.343 60.81 61.221 61.518 61.933 62.224 62.384 62.91 63.11 63.614 64.007 64.406 64.911 65.514 66.088 66.559 67.076 67.722 68.451 69.403 71.74 87.419 277.72 2131.5 19315 1.6256e+05 8.1466e+05 2.9172e+06 8.3048e+06
22.151 7.7787e+06 2.7462e+06 7.2959e+05 1.5283e+05 20092 1194 78.248 52.551 50.811 51.777 52.707 53.38 53.947 54.511 55.167 55.805 56.145 56.481 57.077 57.357 57.761 58.09 58.431 58.726 58.924 59.355 59.551 60.076 60.376 60.755 61.411 61.764 62.196 62.784 63.404 64.029 64.649 65.244 66.63 78.386 171.09 1050.3 14736 1.3538e+05 6.7125e+05 2.5276e+06 7.2924e+06
22.364 6.8549e+06 2.368e+06 6.1237e+05 1.2103e+05 17116 1056.8 0.63844 34.221 46.836 49.195 50.056 50.651 51.157 51.595 52.033 52.581 53.061 53.351 53.891 54.179 54.524 54.904 55.147 55.456 55.758 55.931 56.358 56.663 57.016 57.453 57.937 58.275 58.72 59.385 60.066 60.71 61.352 61.883 61.921 60.609 47.811 483.43 12469 1.1019e+05 5.5287e+05 2.1878e+06 6.395e+06
22.577 6.0484e+06 2.0292e+06 5.1842e+05 94472 13627 1188.7 56.907 39.598 45.91 46.828 47.292 47.833 48.383 48.861 49.21 49.556 50.102 50.554 50.814 51.231 51.519 51.861 52.115 52.404 52.68 52.821 53.299 53.468 53.913 54.345 54.588 55.105 55.64 56.167 56.745 57.367 58.051 58.798 58.923 52.388 11.054 463.61 10895 86655 4.5897e+05 1.8853e+06 5.6095e+06
22.79 5.3391e+06 1.7312e+06 4.394e+05 74826 9775.9 1081.1 122.45 49.868 44.515 44.092 44.457 44.999 45.568 46.127 46.593 46.916 47.324 47.831 48.005 48.435 48.737 48.986 49.301 49.54 49.706 50.043 50.303 50.6 50.98 51.327 51.608 52.163 52.678 53.046 53.473 54.007 54.646 55.458 56.45 54.952 52.547 642.32 8893.9 66320 3.8547e+05 1.6135e+06 4.9272e+06
23.003 4.7064e+06 1.4762e+06 3.6899e+05 61451 6599.4 670.65 107.77 47.447 41.266 41.401 42.007 42.532 43.01 43.508 44.055 44.515 44.775 45.121 45.502 45.78 46.104 46.335 46.642 46.863 46.976 47.394 47.5 47.937 48.189 48.48 48.948 49.324 49.714 50.104 50.519 51.009 51.53 52.131 53.28 57.491 95.577 662.58 6387.7 50820 3.2618e+05 1.3713e+06 4.3345e+06
23.216 4.1353e+06 1.2633e+06 3.0501e+05 51762 4820.1 262.84 43.857 36.97 38.162 39.283 39.967 40.445 40.841 41.205 41.625 42.114 42.425 42.629 43.118 43.311 43.605 43.887 44.106 44.342 44.542 44.777 45.006 45.349 45.586 45.895 46.384 46.613 46.934 47.436 47.952 48.436 48.917 49.34 49.881 53.71 90.673 443.91 4052 40407 2.7515e+05 1.1604e+06 3.815e+06
23.429 3.6182e+06 1.0866e+06 2.4893e+05 43064 4193.8 122.41 9.1428 31.696 36.538 37.466 37.934 38.375 38.788 39.133 39.407 39.739 40.165 40.451 40.761 41.036 41.277 41.572 41.751 41.989 42.232 42.314 42.706 42.864 43.18 43.53 43.807 44.125 44.501 44.994 45.506 46.007 46.517 47.003 47.193 47.193 53.979 162.86 2564.7 33720 2.2876e+05 9.8222e+05 3.3528e+06
23.642 3.1545e+06 9.3667e+05 2.031e+05 34230 3851.3 209.67 26.062 33.767 35.303 35.459 35.772 36.204 36.66 37.08 37.392 37.624 38.011 38.415 38.54 38.895 39.117 39.346 39.569 39.775 39.955 40.125 40.438 40.589 40.935 41.245 41.411 41.856 42.282 42.625 43.026 43.485 44.013 44.636 45.128 43.516 28.817 20.627 2036.1 28658 1.8645e+05 8.3536e+05 2.9364e+06
23.855 2.7462e+06 8.0475e+05 1.6803e+05 25938 3140.6 293.92 52.594 35.341 33.276 33.374 33.781 34.199 34.61 35.039 35.461 35.768 36.01 36.359 36.56 36.847 37.097 37.271 37.528 37.701 37.793 38.121 38.238 38.54 38.784 39.031 39.311 39.702 40.069 40.341 40.649 41.049 41.513 42.086 42.899 42.958 32.538 53.458 2010.8 23625 1.4969e+05 7.1506e+05 2.5593e+06
24.068 2.3936e+06 6.8565e+05 1.4153e+05 19504 2101 232.52 50.538 32.185 31.027 31.631 32.156 32.539 32.863 33.186 33.579 33.98 34.183 34.372 34.75 34.913 35.16 35.359 35.569 35.747 35.858 36.14 36.238 36.576 36.751 36.976 37.383 37.604 37.875 38.217 38.573 38.95 39.337 39.737 40.37 42.121 47.475 143.66 1908 18261 1.2015e+05 6.1445e+05 2.2203e+06
24.281 2.0918e+06 5.7878e+05 1.1988e+05 15486 1220.2 89.279 28.538 27.966 29.495 30.206 30.641 30.998 31.31 31.571 31.82 32.147 32.45 32.621 32.958 33.129 33.339 33.576 33.72 33.909 34.097 34.201 34.457 34.654 34.861 35.122 35.448 35.633 35.891 36.305 36.723 37.105 37.487 37.824 38.105 39.415 51.065 166.67 1468.1 13253 98158 5.2684e+05 1.9205e+06
24.494 1.8318e+06 4.8627e+05 1.0009e+05 13199 845.82 7.0799 16.522 26.624 28.412 28.723 29.011 29.362 29.716 30.022 30.234 30.432 30.773 31.06 31.208 31.468 31.643 31.856 32.008 32.187 32.365 32.433 32.745 32.836 33.113 33.383 33.534 33.84 34.158 34.502 34.876 35.264 35.672 36.102 36.37 36.354 41.049 104.19 853.06 9502.5 82212 4.4784e+05 1.6611e+06
24.706 1.603e+06 4.0982e+05 81368 11361 863.51 30.893 23 26.963 26.994 27.118 27.404 27.744 28.095 28.448 28.749 28.949 29.194 29.514 29.61 29.882 30.068 30.218 30.414 30.561 30.665 30.867 31.039 31.208 31.453 31.673 31.823 32.18 32.507 32.735 33.011 33.352 33.757 34.248 34.773 34.516 30.768 28.084 390.56 7350.3 69772 3.7615e+05 1.4404e+06
24.919 1.3971e+06 3.4853e+05 64787 9156 894.64 84.77 31.561 25.988 25.311 25.679 26.066 26.375 26.654 26.95 27.294 27.592 27.745 27.952 28.194 28.364 28.566 28.705 28.9 29.035 29.097 29.371 29.424 29.702 29.857 30.038 30.315 30.567 30.823 31.049 31.292 31.599 31.938 32.337 32.928 33.472 29.298 4.2392 251.08 6351.8 58581 3.1281e+05 1.2536e+06
25.132 1.2104e+06 2.9874e+05 51785 6710.7 704.57 86.723 29.009 23.678 23.99 24.526 24.907 25.195 25.436 25.65 25.898 26.204 26.401 26.518 26.833 26.947 27.13 27.306 27.442 27.589 27.709 27.866 27.993 28.223 28.362 28.547 28.87 29.006 29.203 29.508 29.816 30.11 30.407 30.691 31.057 32.012 32.972 30.668 334.79 5676.4 47656 2.5954e+05 1.0937e+06
25.345 1.0434e+06 2.5588e+05 42661 4703 381.88 40.077 20.595 22.022 23.074 23.417 23.689 23.974 24.243 24.464 24.626 24.821 25.094 25.276 25.468 25.639 25.788 25.976 26.083 26.233 26.391 26.432 26.683 26.782 26.975 27.192 27.384 27.564 27.785 28.108 28.435 28.742 29.049 29.336 29.534 30.027 33.853 59.345 412.66 4720.4 37390 2.1693e+05 9.5324e+05
25.558 8.9808e+05 2.1679e+05 36240 3585.5 161.49 4.2963 17.338 21.539 22.053 22.192 22.412 22.692 22.985 23.26 23.463 23.603 23.845 24.107 24.173 24.401 24.539 24.683 24.822 24.952 25.07 25.163 25.376 25.455 25.68 25.88 25.974 26.253 26.518 26.746 27.014 27.312 27.639 28.008 28.308 28.309 30.147 56.695 346.81 3440.3 28829 1.8372e+05 8.2681e+05
25.771 7.7534e+05 1.809e+05 30789 3171.9 143.93 10.667 20.14 20.951 20.778 21.013 21.291 21.545 21.793 22.061 22.336 22.538 22.682 22.902 23.026 23.209 23.367 23.473 23.638 23.746 23.801 24.011 24.086 24.271 24.43 24.589 24.746 25.009 25.252 25.417 25.612 25.871 26.178 26.55 27.011 27.171 26.085 32.125 179.13 2217.6 22689 1.5718e+05 7.1185e+05
25.984 6.7282e+05 1.4953e+05 25250 2891.3 220.4 34.079 21.894 19.617 19.654 20.053 20.369 20.602 20.796 20.988 21.232 21.493 21.619 21.729 21.978 22.076 22.233 22.357 22.492 22.605 22.667 22.86 22.906 23.132 23.239 23.378 23.635 23.784 23.963 24.167 24.375 24.613 24.865 25.143 25.548 26.12 24.929 14.801 43.076 1444.3 18788 1.3432e+05 6.0854e+05
26.197 5.8569e+05 1.2413e+05 19761 2343.6 230.83 38.212 19.353 18.295 18.87 19.202 19.456 19.687 19.889 20.054 20.201 20.402 20.6 20.706 20.925 21.029 21.163 21.315 21.404 21.525 21.645 21.712 21.869 22.003 22.128 22.287 22.516 22.619 22.775 23.039 23.3 23.534 23.77 23.985 24.208 24.764 25.439 17.568 18.385 1190.3 16194 1.1319e+05 5.1837e+05
26.41 5.0874e+05 1.0471e+05 15174 1597.1 139.62 21.376 16.111 17.603 18.122 18.276 18.463 18.695 18.931 19.135 19.271 19.388 19.608 19.798 19.884 20.052 20.162 20.3 20.394 20.51 20.629 20.66 20.871 20.921 21.098 21.272 21.374 21.558 21.751 21.985 22.235 22.482 22.732 22.984 23.159 23.361 24.885 28.756 70.631 1199.1 13861 93420 4.4238e+05
26.623 4.3863e+05 89616 12084 996.64 38.641 7.9432 15.594 17.098 17.167 17.323 17.522 17.737 17.959 18.188 18.391 18.52 18.672 18.882 18.935 19.114 19.232 19.326 19.453 19.546 19.615 19.739 19.858 19.954 20.119 20.264 20.345 20.581 20.793 20.943 21.132 21.358 21.621 21.928 22.227 22.288 22.877 32.006 111.23 1141.9 11247 75836 3.7997e+05
26.836 3.7483e+05 76622 10275 754.96 13.768 11.15 16.472 16.223 16.222 16.51 16.759 16.948 17.117 17.298 17.521 17.721 17.813 17.941 18.101 18.209 18.339 18.426 18.554 18.64 18.674 18.859 18.886 19.068 19.168 19.285 19.451 19.628 19.803 19.937 20.086 20.286 20.517 20.792 21.162 21.452 21.047 25.023 92.159 878.3 8507.9 61506 3.2869e+05
27.049 3.1875e+05 64290 8956.6 762.37 51.662 20.172 15.998 15.215 15.533 15.833 16.064 16.249 16.403 16.535 16.685 16.883 17.012 17.081 17.292 17.36 17.479 17.593 17.68 17.775 17.849 17.959 18.029 18.188 18.272 18.387 18.605 18.691 18.82 19.008 19.194 19.38 19.572 19.77 20.038 20.506 20.353 17.428 38.298 514.59 6176.6 50813 2.8514e+05
27.262 2.7177e+05 52634 7458.5 748.45 78.156 20.632 14.257 14.535 14.966 15.133 15.305 15.496 15.678 15.825 15.926 16.044 16.225 16.346 16.468 16.577 16.674 16.797 16.864 16.962 17.067 17.089 17.253 17.319 17.44 17.578 17.718 17.82 17.954 18.17 18.384 18.575 18.765 18.941 19.089 19.41 20.035 16.445 3.1164 249.26 4659.3 43108 2.4628e+05
27.475 2.3369e+05 42606 5720.7 571.55 55.541 13.508 13.151 14.089 14.264 14.378 14.528 14.712 14.905 15.09 15.228 15.315 15.471 15.647 15.682 15.834 15.922 16.016 16.105 16.19 16.271 16.321 16.471 16.512 16.663 16.796 16.853 17.031 17.198 17.357 17.543 17.74 17.947 18.169 18.34 18.437 19.148 19.737 8.6605 179.32 3922.2 37094 2.1044e+05
27.688 2.0246e+05 34997 4167.3 320.84 14.474 9.1766 13.136 13.473 13.488 13.688 13.875 14.033 14.187 14.358 14.543 14.68 14.768 14.912 14.991 15.112 15.215 15.282 15.392 15.461 15.495 15.634 15.684 15.8 15.908 16.014 16.102 16.285 16.45 16.554 16.686 16.86 17.069 17.316 17.591 17.709 17.857 21.061 32.474 236.8 3558.3 31565 1.7761e+05
27.901 1.7533e+05 29650 3190.9 166.54 0.339 11.332 12.993 12.7 12.873 13.126 13.327 13.475 13.598 13.715 13.87 14.045 14.126 14.192 14.361 14.422 14.525 14.605 14.695 14.768 14.804 14.94 14.96 15.115 15.182 15.272 15.437 15.543 15.667 15.79 15.915 16.072 16.244 16.443 16.722 17.033 16.895 18.572 41.904 279.77 3126.3 25998 1.4877e+05
28.114 1.5032e+05 25576 2767.4 162.89 16.59 14.237 12.106 12.085 12.416 12.592 12.752 12.908 13.045 13.153 13.243 13.37 13.504 13.572 13.719 13.784 13.872 13.973 14.029 14.109 14.188 14.234 14.331 14.427 14.503 14.604 14.768 14.827 14.926 15.097 15.262 15.41 15.561 15.706 15.88 16.226 16.412 15.469 29.058 228.27 2454.6 20651 1.2487e+05
28.327 1.271e+05 21737 2524 213.23 31.432 13.056 11.19 11.688 11.907 12.003 12.128 12.284 12.445 12.585 12.676 12.748 12.895 13.024 13.076 13.188 13.259 13.352 13.411 13.488 13.57 13.583 13.729 13.758 13.874 13.989 14.064 14.174 14.293 14.458 14.628 14.787 14.944 15.095 15.209 15.39 15.893 14.663 11.498 116.15 1690 16152 1.0604e+05
28.54 1.0661e+05 17763 2124.6 202.03 24.612 9.913 10.85 11.243 11.289 11.425 11.562 11.699 11.842 11.995 12.135 12.222 12.319 12.461 12.491 12.612 12.69 12.751 12.835 12.896 12.943 13.02 13.106 13.161 13.275 13.374 13.418 13.577 13.717 13.821 13.956 14.111 14.284 14.477 14.647 14.714 15.061 15.457 6.7881 30.734 1102.8 12935 91303
28.753 89846 14037 1550 117.89 8.0925 8.9384 10.684 10.653 10.742 10.945 11.109 11.23 11.335 11.448 11.596 11.734 11.792 11.873 11.982 12.053 12.139 12.195 12.282 12.338 12.357 12.485 12.499 12.62 12.688 12.767 12.866 12.994 13.117 13.2 13.297 13.433 13.595 13.788 14.025 14.181 14.195 15.516 14.284 19.885 835.59 10912 79091
28.966 76843 11155 1034.7 38.996 2.7046 10.103 10.166 10.115 10.35 10.524 10.672 10.797 10.9 10.985 11.078 11.209 11.297 11.339 11.484 11.526 11.605 11.681 11.739 11.802 11.849 11.928 11.966 12.08 12.132 12.205 12.354 12.413 12.502 12.619 12.732 12.855 12.986 13.129 13.329 13.611 13.622 14.21 21.084 56.618 805.1 9551 67993
29.179 66534 9308.6 775.53 25.834 10.185 10.512 9.4882 9.7525 9.9767 10.071 10.183 10.315 10.442 10.544 10.609 10.682 10.806 10.888 10.969 11.041 11.105 11.189 11.231 11.297 11.369 11.38 11.491 11.537 11.614 11.704 11.81 11.867 11.951 12.097 12.239 12.36 12.482 12.595 12.711 12.948 13.227 12.827 19.129 81.129 804.84 8261.4 57367
29.392 57466 8127.3 735.49 57.233 16.222 9.2389 9.0879 9.4221 9.5026 9.5952 9.6992 9.8205 9.9501 10.078 10.175 10.231 10.335 10.457 10.474 10.578 10.637 10.7 10.758 10.816 10.873 10.899 11.007 11.028 11.132 11.222 11.26 11.374 11.481 11.597 11.728 11.861 11.993 12.128 12.229 12.329 12.693 12.387 12.341 63.833 686.45 6760.7 47430
29.605 48759 7034.4 717.71 72.208 12.669 8.0199 8.8936 8.9773 9.0268 9.1792 9.3077 9.4089 9.5055 9.6168 9.7447 9.8408 9.8961 9.9918 10.044 10.127 10.196 10.239 10.314 10.36 10.382 10.475 10.512 10.584 10.661 10.734 10.783 10.912 11.026 11.095 11.19 11.312 11.455 11.62 11.784 11.852 12.014 12.434 8.7787 24.689 460.39 5174 38854
29.818 40512 5737.5 583.11 46.643 5.952 8.0221 8.5489 8.5195 8.6742 8.8351 8.9664 9.0658 9.1461 9.2203 9.3204 9.4413 9.4953 9.5348 9.6535 9.6922 9.7615 9.8148 9.8768 9.9251 9.9455 10.044 10.051 10.159 10.203 10.264 10.369 10.449 10.538 10.613 10.691 10.798 10.922 11.068 11.262 11.434 11.427 12.059 10.581 1.0542 247.62 3835.5 32159
