NaN -14.212 -13.043 -11.95 -10.927 -9.9699 -9.0746 -8.2371 -7.4537 -6.7207 -6.035 -5.3936 -4.7935 -4.2321 -3.7069 -3.2156 -2.7559 -2.326 -1.9237 -1.5474 -1.1953 -0.86601 -0.55791 -0.26968 -3.9113e-05 0.2143 0.49871 0.80273 1.1277 1.4751 1.8464 2.2433 2.6676 3.1212 3.606 4.1242 4.6782 5.2703 5.9033 6.5799 7.3031 8.0762 8.9027 9.786 10.73 11.74 12.819 13.972
0 8.9788e+10 1.0526e+11 1.2349e+11 1.4501e+11 1.7043e+11 2.0054e+11 2.3628e+11 2.7885e+11 3.2979e+11 3.9106e+11 4.6514e+11 5.5523e+11 6.6517e+11 7.9931e+11 9.6144e+11 1.1521e+12 1.3619e+12 1.5592e+12 1.6743e+12 1.6108e+12 1.3277e+12 9.2847e+11 5.8234e+11 3.7633e+11 3.0029e+11 2.783e+11 2.9549e+11 3.1684e+11 3.2672e+11 3.2263e+11 3.0753e+11 2.8556e+11 2.6025e+11 2.3412e+11 2.0876e+11 1.8508e+11 1.6347e+11 1.4408e+11 1.2683e+11 1.1159e+11 9.8166e+10 8.637e+10 7.601e+10 6.6911e+10 5.8916e+10 5.1886e+10 4.5699e+10
0.21299 8.9804e+10 1.0531e+11 1.2361e+11 1.4523e+11 1.7084e+11 2.0123e+11 2.3741e+11 2.8067e+11 3.3263e+11 3.954e+11 4.7167e+11 5.6488e+11 6.7928e+11 8.1972e+11 9.9075e+11 1.1941e+12 1.4224e+12 1.6471e+12 1.8022e+12 1.7872e+12 1.54e+12 1.1425e+12 7.703e+11 5.285e+11 4.2302e+11 3.6674e+11 3.5621e+11 3.5737e+11 3.5354e+11 3.4052e+11 3.1969e+11 2.9401e+11 2.6625e+11 2.3845e+11 2.1192e+11 1.8738e+11 1.6515e+11 1.4529e+11 1.2771e+11 1.1221e+11 9.8606e+10 8.6675e+10 7.6217e+10 6.7048e+10 5.9004e+10 5.194e+10 4.5729e+10
0.42597 8.9823e+10 1.0538e+11 1.2379e+11 1.4559e+11 1.7149e+11 2.0235e+11 2.3926e+11 2.8363e+11 3.3725e+11 4.0244e+11 4.8223e+11 5.8046e+11 7.0196e+11 8.5236e+11 1.0374e+12 1.2608e+12 1.5188e+12 1.7893e+12 2.0159e+12 2.0997e+12 1.9456e+12 1.5802e+12 1.1698e+12 8.5341e+11 6.8128e+11 5.4639e+11 4.7431e+11 4.3307e+11 4.0199e+11 3.72e+11 3.4067e+11 3.084e+11 2.7638e+11 2.4572e+11 2.172e+11 1.9125e+11 1.6798e+11 1.4735e+11 1.2919e+11 1.1328e+11 9.9357e+10 8.7196e+10 7.6572e+10 6.7284e+10 5.9156e+10 5.2033e+10 4.5782e+10
0.63896 8.9835e+10 1.0547e+11 1.24e+11 1.4602e+11 1.7228e+11 2.0372e+11 2.4153e+11 2.8724e+11 3.4284e+11 4.1092e+11 4.9483e+11 5.9884e+11 7.2836e+11 8.8977e+11 1.09e+12 1.3345e+12 1.6236e+12 1.944e+12 2.2557e+12 2.477e+12 2.4895e+12 2.2282e+12 1.7964e+12 1.3722e+12 1.0921e+12 8.2657e+11 6.5293e+11 5.4365e+11 4.7044e+11 4.1516e+11 3.6871e+11 3.2726e+11 2.8948e+11 2.5507e+11 2.2399e+11 1.9622e+11 1.7164e+11 1.5003e+11 1.3114e+11 1.1468e+11 1.0035e+11 8.7891e+10 7.7047e+10 6.7601e+10 5.9359e+10 5.2157e+10 4.5851e+10
0.85195 8.9822e+10 1.0552e+11 1.2418e+11 1.4644e+11 1.7307e+11 2.0509e+11 2.4378e+11 2.9082e+11 3.4833e+11 4.1911e+11 5.0671e+11 6.1568e+11 7.5161e+11 9.2106e+11 1.131e+12 1.3871e+12 1.691e+12 2.0347e+12 2.3941e+12 2.7169e+12 2.9015e+12 2.8158e+12 2.4453e+12 1.955e+12 1.5737e+12 1.1667e+12 8.729e+11 6.7933e+11 5.5307e+11 4.6609e+11 4.01e+11 3.4851e+11 3.0402e+11 2.6536e+11 2.3146e+11 2.0172e+11 1.757e+11 1.5304e+11 1.3335e+11 1.1628e+11 1.015e+11 8.8698e+10 7.7603e+10 6.7972e+10 5.9598e+10 5.2302e+10 4.5932e+10
1.0649 8.9765e+10 1.0552e+11 1.2429e+11 1.4673e+11 1.7367e+11 2.0616e+11 2.4557e+11 2.9361e+11 3.525e+11 4.2505e+11 5.148e+11 6.2609e+11 7.6399e+11 9.3399e+11 1.141e+12 1.3875e+12 1.6702e+12 1.9776e+12 2.2892e+12 2.5792e+12 2.8063e+12 2.8774e+12 2.6935e+12 2.3024e+12 1.9263e+12 1.462e+12 1.0849e+12 8.1744e+11 6.3885e+11 5.1879e+11 4.3387e+11 3.6968e+11 3.1825e+11 2.7533e+11 2.3869e+11 2.0708e+11 1.7972e+11 1.5605e+11 1.3559e+11 1.1793e+11 1.027e+11 8.955e+10 7.8194e+10 6.8369e+10 5.9854e+10 5.2458e+10 4.6018e+10
1.2779 8.9642e+10 1.0542e+11 1.2424e+11 1.4679e+11 1.7391e+11 2.0666e+11 2.4642e+11 2.9488e+11 3.5417e+11 4.2693e+11 5.1629e+11 6.2578e+11 7.5904e+11 9.1894e+11 1.106e+12 1.3157e+12 1.5353e+12 1.7428e+12 1.9148e+12 2.0474e+12 2.1706e+12 2.2977e+12 2.3404e+12 2.2037e+12 1.9745e+12 1.5995e+12 1.2276e+12 9.2809e+11 7.1356e+11 5.6615e+11 4.634e+11 3.884e+11 3.3057e+11 2.8384e+11 2.4485e+11 2.1169e+11 1.8324e+11 1.5874e+11 1.3764e+11 1.1947e+11 1.0384e+11 9.0372e+10 7.877e+10 6.876e+10 6.0107e+10 5.261e+10 4.61e+10
1.4909 8.9433e+10 1.0519e+11 1.2399e+11 1.4653e+11 1.7362e+11 2.0633e+11 2.4594e+11 2.9402e+11 3.5247e+11 4.2347e+11 5.0935e+11 6.1231e+11 7.3369e+11 8.7262e+11 1.0239e+12 1.1749e+12 1.3036e+12 1.3823e+12 1.3928e+12 1.3566e+12 1.3495e+12 1.4516e+12 1.6313e+12 1.7423e+12 1.7161e+12 1.5354e+12 1.2609e+12 9.8642e+11 7.6418e+11 6.0171e+11 4.8628e+11 4.0275e+11 3.3976e+11 2.9004e+11 2.493e+11 2.1506e+11 1.8588e+11 1.6084e+11 1.393e+11 1.2076e+11 1.0481e+11 9.1092e+10 7.9285e+10 6.9112e+10 6.0335e+10 5.2746e+10 4.6169e+10
1.7039 8.912e+10 1.0479e+11 1.2349e+11 1.4586e+11 1.727e+11 2.0499e+11 2.4387e+11 2.9069e+11 3.4694e+11 4.1414e+11 4.9357e+11 5.8566e+11 6.8906e+11 7.9892e+11 9.0465e+11 9.8789e+11 1.0235e+12 9.8879e+11 8.8437e+11 7.5517e+11 6.8315e+11 7.4247e+11 9.3792e+11 1.167e+12 1.2915e+12 1.3109e+12 1.1827e+12 9.8182e+11 7.8287e+11 6.2117e+11 5.0037e+11 4.1168e+11 3.4521e+11 2.9349e+11 2.5169e+11 2.1691e+11 1.8742e+11 1.6215e+11 1.4041e+11 1.2167e+11 1.0554e+11 9.165e+10 7.9693e+10 6.9396e+10 6.0518e+10 5.2852e+10 4.6219e+10
1.9169 8.869e+10 1.0421e+11 1.2269e+11 1.4474e+11 1.7107e+11 2.0255e+11 2.4012e+11 2.8482e+11 3.3764e+11 3.993e+11 4.6985e+11 5.4792e+11 6.2955e+11 7.0656e+11 7.6494e+11 7.8493e+11 7.46e+11 6.4045e+11 4.9106e+11 3.5271e+11 2.8306e+11 3.1475e+11 4.5788e+11 6.7835e+11 8.5788e+11 1.0092e+12 1.0216e+12 9.1851e+11 7.6781e+11 6.2281e+11 5.0486e+11 4.1492e+11 3.4686e+11 2.9416e+11 2.5198e+11 2.1716e+11 1.8774e+11 1.6256e+11 1.4087e+11 1.2213e+11 1.0596e+11 9.1996e+10 7.9961e+10 6.9587e+10 6.0641e+10 5.2918e+10 4.6242e+10
2.1299 8.8132e+10 1.0343e+11 1.2159e+11 1.4314e+11 1.6873e+11 1.9903e+11 2.3478e+11 2.7663e+11 3.2502e+11 3.7985e+11 4.3994e+11 5.0228e+11 5.6081e+11 6.0533e+11 6.2113e+11 5.9165e+11 5.0681e+11 3.7639e+11 2.372e+11 1.3572e+11 9.5364e+10 1.1409e+11 1.9611e+11 3.4941e+11 5.1043e+11 7.0752e+11 8.1778e+11 8.1025e+11 7.217e+11 6.0662e+11 4.9971e+11 4.1269e+11 3.4502e+11 2.9235e+11 2.5036e+11 2.1589e+11 1.8689e+11 1.6208e+11 1.4066e+11 1.2211e+11 1.0602e+11 9.2101e+10 8.0063e+10 6.9666e+10 6.0689e+10 5.2935e+10 4.6232e+10
2.3429 8.7445e+10 1.0246e+11 1.2018e+11 1.411e+11 1.6571e+11 1.9453e+11 2.2804e+11 2.665e+11 3.0978e+11 3.5697e+11 4.0585e+11 4.5205e+11 4.8828e+11 5.0389e+11 4.861e+11 4.2493e+11 3.2238e+11 2.0108e+11 9.844e+10 4.0945e+10 2.5681e+10 3.7424e+10 7.6752e+10 1.6248e+11 2.7485e+11 4.5453e+11 6.0905e+11 6.7528e+11 6.5034e+11 5.7377e+11 4.8507e+11 4.0521e+11 3.4006e+11 2.884e+11 2.4712e+11 2.1334e+11 1.85e+11 1.6077e+11 1.3981e+11 1.2159e+11 1.0574e+11 9.1951e+10 7.9987e+10 6.9622e+10 6.0653e+10 5.2895e+10 4.6183e+10
2.5558 8.6628e+10 1.0129e+11 1.1849e+11 1.3863e+11 1.6209e+11 1.892e+11 2.2015e+11 2.5485e+11 2.9261e+11 3.3184e+11 3.6944e+11 4.0023e+11 4.1658e+11 4.0886e+11 3.6822e+11 2.9244e+11 1.9344e+11 9.8337e+10 3.4589e+10 8.5054e+09 5.5821e+09 1.2294e+10 2.8765e+10 6.925e+10 1.3465e+11 2.6814e+11 4.2265e+11 5.3206e+11 5.6165e+11 5.265e+11 4.6136e+11 3.9262e+11 3.322e+11 2.8263e+11 2.4254e+11 2.0971e+11 1.8222e+11 1.5873e+11 1.3838e+11 1.2063e+11 1.0511e+11 9.1547e+10 7.9728e+10 6.9449e+10 6.0528e+10 5.2794e+10 4.6094e+10
2.7688 8.5688e+10 9.9938e+10 1.1654e+11 1.358e+11 1.5796e+11 1.8318e+11 2.1139e+11 2.4211e+11 2.7421e+11 3.0551e+11 3.3236e+11 3.4929e+11 3.4916e+11 3.2456e+11 2.714e+11 1.9444e+11 1.11e+11 4.5068e+10 1.0469e+10 7.6422e+08 1.3379e+09 4.575e+09 1.0795e+10 2.7341e+10 5.997e+10 1.4491e+11 2.7301e+11 3.961e+11 4.6447e+11 4.6812e+11 4.2942e+11 3.7507e+11 3.2154e+11 2.752e+11 2.3685e+11 2.0522e+11 1.7872e+11 1.5608e+11 1.3644e+11 1.1925e+11 1.0416e+11 9.0902e+10 7.9291e+10 6.9148e+10 6.0312e+10 5.263e+10 4.5961e+10
2.9818 8.4633e+10 9.8425e+10 1.1436e+11 1.3266e+11 1.5342e+11 1.7664e+11 2.0198e+11 2.2866e+11 2.5515e+11 2.7888e+11 2.9595e+11 3.0108e+11 2.8831e+11 2.5306e+11 1.9585e+11 1.2625e+11 6.2254e+10 2.0459e+10 3.3101e+09 6.6896e+07 7.1615e+08 2.0252e+09 4.2033e+09 1.0093e+10 2.4103e+10 7.1188e+10 1.6352e+11 2.7811e+11 3.6729e+11 4.0269e+11 3.9054e+11 3.5284e+11 3.0817e+11 2.6623e+11 2.302e+11 2.0002e+11 1.7463e+11 1.5292e+11 1.3407e+11 1.1752e+11 1.0292e+11 9.0033e+10 7.8684e+10 6.8721e+10 6.0006e+10 5.2403e+10 4.5783e+10
3.1948 8.3472e+10 9.6767e+10 1.1199e+11 1.2926e+11 1.4856e+11 1.6971e+11 1.9215e+11 2.1483e+11 2.3593e+11 2.5268e+11 2.6119e+11 2.568e+11 2.3515e+11 1.9457e+11 1.3929e+11 8.1033e+10 3.5048e+10 9.9579e+09 1.6345e+09 3.4933e+08 5.4786e+08 1.0124e+09 1.7476e+09 3.5551e+09 8.6287e+09 3.1309e+10 9.0144e+10 1.8355e+11 2.7719e+11 3.3461e+11 3.465e+11 3.264e+11 2.9215e+11 2.5577e+11 2.2267e+11 1.9423e+11 1.7007e+11 1.4936e+11 1.3134e+11 1.1548e+11 1.0142e+11 8.8958e+10 7.7918e+10 6.8176e+10 5.9612e+10 5.2112e+10 4.5561e+10
3.4078 8.2215e+10 9.498e+10 1.0945e+11 1.2565e+11 1.4345e+11 1.625e+11 1.8207e+11 2.0088e+11 2.1695e+11 2.2744e+11 2.2875e+11 2.1708e+11 1.8986e+11 1.4801e+11 9.8129e+10 5.1863e+10 2.0136e+10 5.3488e+09 1.0925e+09 3.7896e+08 3.7265e+08 5.3695e+08 7.9348e+08 1.2631e+09 2.7218e+09 1.2006e+10 4.5193e+10 1.133e+11 1.9915e+11 2.6808e+11 2.9944e+11 2.965e+11 2.7367e+11 2.4383e+11 2.143e+11 1.8792e+11 1.6513e+11 1.4546e+11 1.2831e+11 1.1317e+11 9.9706e+10 8.7698e+10 7.7006e+10 6.7517e+10 5.9135e+10 5.176e+10 4.5296e+10
3.6208 8.0871e+10 9.308e+10 1.0677e+11 1.2187e+11 1.3815e+11 1.5512e+11 1.7189e+11 1.8704e+11 1.9849e+11 2.0351e+11 1.9895e+11 1.8205e+11 1.5195e+11 1.1158e+11 6.8597e+10 3.3101e+10 1.1681e+10 2.939e+09 6.4905e+08 2.4521e+08 2.2371e+08 2.9408e+08 3.9587e+08 5.0277e+08 7.778e+08 3.828e+09 2.0216e+10 6.495e+10 1.3577e+11 2.0669e+11 2.5164e+11 2.6409e+11 2.5299e+11 2.3049e+11 2.0514e+11 1.8115e+11 1.5987e+11 1.4131e+11 1.2505e+11 1.1065e+11 9.7794e+10 8.6276e+10 7.596e+10 6.6755e+10 5.8578e+10 5.1349e+10 4.4987e+10
3.8338 7.9448e+10 9.1081e+10 1.0396e+11 1.1796e+11 1.3272e+11 1.4765e+11 1.6172e+11 1.7344e+11 1.8073e+11 1.8107e+11 1.719e+11 1.5152e+11 1.2057e+11 8.3299e+10 4.7425e+10 2.0829e+10 6.5843e+09 1.4661e+09 2.9091e+08 1.2251e+08 1.2746e+08 1.6574e+08 2.141e+08 2.4438e+08 2.437e+08 9.2109e+08 7.8202e+09 3.4243e+10 8.7499e+10 1.5302e+11 2.0531e+11 2.3032e+11 2.3052e+11 2.1583e+11 1.9519e+11 1.7393e+11 1.5433e+11 1.3694e+11 1.2159e+11 1.0795e+11 9.572e+10 8.471e+10 7.4795e+10 6.5896e+10 5.7946e+10 5.0882e+10 4.4637e+10
4.0468 7.7953e+10 8.8993e+10 1.0106e+11 1.1394e+11 1.272e+11 1.4013e+11 1.5164e+11 1.6019e+11 1.6379e+11 1.6021e+11 1.4753e+11 1.2509e+11 9.4707e+10 6.1381e+10 3.2173e+10 1.2669e+10 3.4313e+09 5.9352e+08 9.0152e+07 5.7174e+07 7.3492e+07 9.6587e+07 1.2306e+08 1.4055e+08 1.1934e+08 1.3302e+08 2.4722e+09 1.639e+10 5.3057e+10 1.0853e+11 1.6238e+11 1.9642e+11 2.068e+11 2.0001e+11 1.8449e+11 1.663e+11 1.4856e+11 1.3241e+11 1.1799e+11 1.0511e+11 9.3509e+10 8.302e+10 7.3523e+10 6.4949e+10 5.7244e+10 5.0361e+10 4.4248e+10
4.2597 7.639e+10 8.6825e+10 9.8066e+10 1.0983e+11 1.2161e+11 1.3262e+11 1.4171e+11 1.4735e+11 1.477e+11 1.409e+11 1.2569e+11 1.0231e+11 7.3472e+10 4.4426e+10 2.1201e+10 7.2936e+09 1.5788e+09 1.696e+08 1.816e+07 3.0646e+07 4.4437e+07 5.8559e+07 7.42e+07 8.7602e+07 8.3901e+07 1.7038e+07 5.6881e+08 7.0055e+09 3.0119e+10 7.3577e+10 1.243e+11 1.6359e+11 1.8244e+11 1.8326e+11 1.7309e+11 1.5825e+11 1.4256e+11 1.2774e+11 1.1428e+11 1.0215e+11 9.1189e+10 8.1226e+10 7.2158e+10 6.3922e+10 5.6478e+10 4.979e+10 4.382e+10
4.4727 7.4764e+10 8.4584e+10 9.4993e+10 1.0564e+11 1.1597e+11 1.2513e+11 1.3196e+11 1.3496e+11 1.325e+11 1.2312e+11 1.0619e+11 8.2752e+10 5.6125e+10 3.1422e+10 1.3455e+10 3.9202e+09 6.2479e+08 2.5713e+07 6.6976e+06 2.0057e+07 2.8449e+07 3.714e+07 4.6748e+07 5.6411e+07 6.1584e+07 3.5245e+07 7.7043e+07 2.6336e+09 1.5933e+10 4.7568e+10 9.1956e+10 1.3291e+11 1.5812e+11 1.6586e+11 1.6109e+11 1.4982e+11 1.3635e+11 1.2295e+11 1.1048e+11 9.9117e+10 8.8783e+10 7.9347e+10 7.0712e+10 6.2825e+10 5.5652e+10 4.9172e+10 4.3355e+10
4.6857 7.3079e+10 8.2276e+10 9.1851e+10 1.014e+11 1.1032e+11 1.1771e+11 1.2242e+11 1.2305e+11 1.1818e+11 1.0679e+11 8.8859e+10 6.608e+10 4.2109e+10 2.1646e+10 8.2024e+09 1.9789e+09 2.2508e+08 4.9715e+06 8.9766e+06 1.4479e+07 1.9264e+07 2.4729e+07 3.0796e+07 3.7296e+07 4.3224e+07 4.637e+07 2.6837e+07 8.8508e+08 7.8474e+09 2.9282e+10 6.5661e+10 1.0522e+11 1.3449e+11 1.4814e+11 1.4859e+11 1.4103e+11 1.2994e+11 1.1805e+11 1.0661e+11 9.6021e+10 8.6312e+10 7.7398e+10 6.9199e+10 6.1665e+10 5.4774e+10 4.851e+10 4.2857e+10
4.8987 7.1338e+10 7.9905e+10 8.8646e+10 9.7116e+10 1.0466e+11 1.1037e+11 1.1311e+11 1.1163e+11 1.0475e+11 9.189e+10 7.3581e+10 5.2031e+10 3.0996e+10 1.4532e+10 4.843e+09 9.7996e+08 9.7865e+07 1.1684e+07 9.2402e+06 1.08e+07 1.3764e+07 1.7298e+07 2.1237e+07 2.5507e+07 2.9743e+07 3.9722e+07 4.9478e+07 3.144e+08 3.6399e+09 1.717e+10 4.5215e+10 8.1086e+10 1.1217e+11 1.3048e+11 1.3575e+11 1.3192e+11 1.2334e+11 1.1306e+11 1.0269e+11 9.2883e+10 8.3794e+10 7.5396e+10 6.7629e+10 6.0453e+10 5.3848e+10 4.7808e+10 4.2327e+10
5.1117 6.9543e+10 7.7475e+10 8.5386e+10 9.2791e+10 9.9002e+10 1.0312e+11 1.0407e+11 1.0073e+11 9.2227e+10 7.8391e+10 6.026e+10 4.039e+10 2.2414e+10 9.5661e+09 2.8316e+09 5.16e+08 6.3147e+07 1.2747e+07 7.3514e+06 8.3243e+06 1.0328e+07 1.268e+07 1.5307e+07 1.8142e+07 2.0834e+07 2.8071e+07 5.284e+07 1.6885e+08 1.6602e+09 9.6415e+09 3.003e+10 6.0785e+10 9.1648e+10 1.1323e+11 1.2274e+11 1.2255e+11 1.1656e+11 1.0798e+11 9.873e+10 8.9719e+10 8.1246e+10 7.3355e+10 6.6015e+10 5.9195e+10 5.288e+10 4.707e+10 4.1766e+10
5.3247 6.7697e+10 7.4992e+10 8.2079e+10 8.844e+10 9.3373e+10 9.5997e+10 9.5313e+10 9.0382e+10 8.0631e+10 6.6291e+10 4.8817e+10 3.0949e+10 1.5988e+10 6.2457e+09 1.6875e+09 3.0097e+08 4.2649e+07 8.1711e+06 5.592e+06 6.674e+06 8.0742e+06 9.6845e+06 1.148e+07 1.3411e+07 1.5148e+07 1.8875e+07 3.8609e+07 1.2703e+08 8.1508e+08 5.2634e+09 1.928e+10 4.4316e+10 7.3309e+10 9.6745e+10 1.0977e+11 1.13e+11 1.0962e+11 1.0281e+11 9.4736e+10 8.6538e+10 7.868e+10 7.1289e+10 6.4368e+10 5.79e+10 5.1876e+10 4.63e+10 4.1179e+10
5.5377 6.5803e+10 7.2461e+10 7.8732e+10 8.4077e+10 8.779e+10 8.9026e+10 8.6889e+10 8.0636e+10 6.9999e+10 5.5585e+10 3.916e+10 2.3474e+10 1.132e+10 4.0947e+09 1.0373e+09 1.7963e+08 2.1784e+07 4.1885e+06 4.5884e+06 5.5215e+06 6.5125e+06 7.6457e+06 8.8997e+06 1.0252e+07 1.1438e+07 1.3264e+07 2.269e+07 9.1119e+07 4.6654e+08 2.8791e+09 1.204e+10 3.1447e+10 5.7384e+10 8.1323e+10 9.702e+10 1.0335e+11 1.0255e+11 9.7562e+10 9.0711e+10 8.3349e+10 7.6106e+10 6.9207e+10 6.2698e+10 5.6577e+10 5.0842e+10 4.5501e+10 4.0567e+10
5.7506 6.3865e+10 6.9888e+10 7.5356e+10 7.9717e+10 8.2277e+10 8.224e+10 7.8836e+10 7.1533e+10 6.0363e+10 4.6254e+10 3.1164e+10 1.7688e+10 8.004e+09 2.7082e+09 6.406e+08 9.5165e+07 6.8039e+06 2.8048e+06 3.9921e+06 4.6531e+06 5.3704e+06 6.1844e+06 7.0811e+06 8.0484e+06 8.8961e+06 1.0007e+07 1.2653e+07 5.283e+07 2.9712e+08 1.6425e+09 7.4013e+09 2.1776e+10 4.3959e+10 6.7219e+10 8.4696e+10 9.3714e+10 9.5374e+10 9.224e+10 8.6656e+10 8.0156e+10 7.3534e+10 6.712e+10 6.1013e+10 5.5232e+10 4.9783e+10 4.4677e+10 3.9932e+10
5.9636 6.1887e+10 6.7279e+10 7.1962e+10 7.5379e+10 7.6859e+10 7.5677e+10 7.1201e+10 6.3117e+10 5.1737e+10 3.8244e+10 2.466e+10 1.3285e+10 5.6652e+09 1.7885e+09 3.7571e+08 3.8621e+07 9.6066e+05 2.7718e+06 3.497e+06 3.9582e+06 4.4913e+06 5.0865e+06 5.7415e+06 6.4446e+06 7.0671e+06 7.9102e+06 8.2195e+06 2.3514e+07 1.8324e+08 9.9842e+08 4.5621e+09 1.4792e+10 3.2988e+10 5.4619e+10 7.2984e+10 8.4186e+10 8.8144e+10 8.6853e+10 8.2571e+10 7.696e+10 7.0968e+10 6.5035e+10 5.9321e+10 5.3872e+10 4.8705e+10 4.3834e+10 3.9278e+10
6.1766 5.9874e+10 6.4644e+10 6.8564e+10 7.1084e+10 7.1567e+10 6.9374e+10 6.4023e+10 5.5419e+10 4.4115e+10 3.1466e+10 1.944e+10 9.9595e+09 3.9964e+09 1.1517e+09 1.9676e+08 9.6858e+06 9.7017e+05 2.762e+06 3.0337e+06 3.3822e+06 3.7847e+06 4.2289e+06 4.7146e+06 5.2341e+06 5.697e+06 6.365e+06 6.5649e+06 8.2959e+06 9.6223e+07 6.2844e+08 2.8728e+09 9.9442e+09 2.4307e+10 4.3636e+10 6.2054e+10 7.4883e+10 8.0904e+10 8.1411e+10 7.8456e+10 7.3761e+10 6.8411e+10 6.2957e+10 5.7629e+10 5.2505e+10 4.7613e+10 4.2973e+10 3.8608e+10
6.3896 5.7832e+10 6.1992e+10 6.5177e+10 6.6853e+10 6.643e+10 6.3367e+10 5.7339e+10 4.8451e+10 3.7458e+10 2.5796e+10 1.5283e+10 7.4386e+09 2.7793e+09 7.0332e+08 8.7898e+07 1.301e+06 2.1986e+06 2.4634e+06 2.6165e+06 2.8931e+06 3.2e+06 3.5375e+06 3.9019e+06 4.2917e+06 4.6377e+06 5.1525e+06 5.6269e+06 3.7719e+06 3.7861e+07 3.8188e+08 1.8588e+09 6.6893e+09 1.7662e+10 3.4311e+10 5.2048e+10 6.5919e+10 7.3711e+10 7.5932e+10 7.431e+10 7.0557e+10 6.5864e+10 6.0891e+10 5.5942e+10 5.1134e+10 4.6512e+10 4.2099e+10 3.7923e+10
6.6026 5.5768e+10 5.9334e+10 6.1818e+10 6.2709e+10 6.1478e+10 5.7689e+10 5.1169e+10 4.2208e+10 3.1699e+10 2.1084e+10 1.1972e+10 5.5057e+09 1.8797e+09 3.9968e+08 3.448e+07 2.1644e+06 2.4709e+06 2.0787e+06 2.2511e+06 2.4704e+06 2.7079e+06 2.9669e+06 3.2442e+06 3.5394e+06 3.8e+06 4.1897e+06 4.7067e+06 3.784e+06 8.6611e+06 2.0626e+08 1.2132e+09 4.5451e+09 1.2732e+10 2.6605e+10 4.3077e+10 5.7409e+10 6.6628e+10 7.0437e+10 7.0136e+10 6.7345e+10 6.3326e+10 5.8839e+10 5.4265e+10 4.9766e+10 4.5405e+10 4.1216e+10 3.7226e+10
6.8156 5.369e+10 5.6681e+10 5.8503e+10 5.8675e+10 5.6737e+10 5.2362e+10 4.5523e+10 3.6659e+10 2.6749e+10 1.7177e+10 9.3188e+09 4.0097e+09 1.2234e+09 2.1287e+08 1.6032e+07 3.7938e+06 1.9516e+06 1.7608e+06 1.9306e+06 2.1026e+06 2.2894e+06 2.4894e+06 2.703e+06 2.9282e+06 3.1267e+06 3.4213e+06 3.8201e+06 4.1725e+06 4.5029e+05 9.029e+07 7.6767e+08 3.1223e+09 9.169e+09 2.0412e+10 3.5211e+10 4.9458e+10 5.9727e+10 6.4955e+10 6.5938e+10 6.4122e+10 6.0793e+10 5.6799e+10 5.2599e+10 4.8403e+10 4.4298e+10 4.0327e+10 3.6521e+10
7.0286 5.1605e+10 5.4047e+10 5.5249e+10 5.4772e+10 5.2229e+10 4.7401e+10 4.0393e+10 3.1756e+10 2.2506e+10 1.3928e+10 7.1803e+09 2.855e+09 7.6564e+08 1.1289e+08 1.2379e+07 3.4033e+06 1.3975e+06 1.5121e+06 1.6476e+06 1.7835e+06 1.931e+06 2.0871e+06 2.2526e+06 2.4258e+06 2.5784e+06 2.8022e+06 3.0808e+06 3.7561e+06 1.581e+06 2.7913e+07 4.4874e+08 2.1428e+09 6.629e+09 1.5561e+10 2.8473e+10 4.2161e+10 5.3081e+10 5.9522e+10 6.1724e+10 6.0885e+10 5.8262e+10 5.4772e+10 5.0947e+10 4.7048e+10 4.3192e+10 3.9434e+10 3.5809e+10
7.2416 4.9523e+10 5.1443e+10 5.2073e+10 5.1019e+10 4.797e+10 4.2812e+10 3.5758e+10 2.744e+10 1.8868e+10 1.1217e+10 5.4549e+09 1.9824e+09 4.6824e+08 6.6668e+07 1.0764e+07 1.9307e+06 1.1136e+06 1.2966e+06 1.3985e+06 1.5077e+06 1.6239e+06 1.7469e+06 1.8756e+06 2.0099e+06 2.1275e+06 2.299e+06 2.5024e+06 2.9387e+06 3.6392e+06 5.0551e+06 2.3108e+08 1.4352e+09 4.8096e+09 1.1839e+10 2.2834e+10 3.559e+10 4.6768e+10 5.418e+10 5.7508e+10 5.7632e+10 5.573e+10 5.2755e+10 4.9307e+10 4.5703e+10 4.2092e+10 3.8541e+10 3.5093e+10
7.4545 4.7452e+10 4.8881e+10 4.8989e+10 4.7431e+10 4.397e+10 3.8587e+10 3.1584e+10 2.3641e+10 1.5742e+10 8.9502e+09 4.0757e+09 1.3478e+09 2.8989e+08 4.5665e+07 7.2975e+06 8.3322e+05 9.9063e+05 1.1015e+06 1.1816e+06 1.2697e+06 1.3616e+06 1.4586e+06 1.5594e+06 1.664e+06 1.7547e+06 1.8873e+06 2.044e+06 2.2392e+06 3.7544e+06 2.7095e+06 1.0123e+08 9.1259e+08 3.4747e+09 9.0141e+09 1.8216e+10 2.9791e+10 4.0862e+10 4.8979e+10 5.3309e+10 5.4367e+10 5.3191e+10 5.0743e+10 4.7679e+10 4.4369e+10 4.0997e+10 3.7649e+10 3.4374e+10
7.6675 4.5402e+10 4.6374e+10 4.6009e+10 4.4017e+10 4.0231e+10 3.4712e+10 2.7832e+10 2.0296e+10 1.305e+10 7.0612e+09 2.996e+09 9.0817e+08 1.8853e+08 3.2258e+07 3.297e+06 5.1855e+05 8.7826e+05 9.2936e+05 9.9491e+05 1.065e+06 1.1384e+06 1.2147e+06 1.2942e+06 1.3757e+06 1.4462e+06 1.5489e+06 1.6707e+06 1.7811e+06 2.6391e+06 5.3454e+06 3.947e+07 5.3805e+08 2.4647e+09 6.8641e+09 1.4496e+10 2.4773e+10 3.5427e+10 4.3972e+10 4.9153e+10 5.1094e+10 5.0644e+10 4.8734e+10 4.6061e+10 4.3046e+10 3.9911e+10 3.6761e+10 3.3655e+10
7.8805 4.3382e+10 4.3931e+10 4.3145e+10 4.0784e+10 3.6747e+10 3.1165e+10 2.4459e+10 1.7346e+10 1.0735e+10 5.5042e+09 2.1755e+09 6.1707e+08 1.2892e+08 2.017e+07 7.3966e+05 5.9273e+05 7.4388e+05 7.8141e+05 8.3507e+05 8.904e+05 9.4892e+05 1.0093e+06 1.0716e+06 1.1355e+06 1.1907e+06 1.27e+06 1.3641e+06 1.4643e+06 1.6151e+06 5.7577e+06 1.9192e+07 2.919e+08 1.689e+09 5.201e+09 1.1526e+10 2.0509e+10 3.051e+10 3.9215e+10 4.5072e+10 4.7825e+10 4.8088e+10 4.6723e+10 4.4449e+10 4.1732e+10 3.8832e+10 3.5877e+10 3.2937e+10
8.0935 4.1399e+10 4.1561e+10 4.0403e+10 3.7733e+10 3.351e+10 2.792e+10 2.1423e+10 1.4742e+10 8.7526e+09 4.2436e+09 1.5722e+09 4.2827e+08 8.8395e+07 9.9239e+06 30585 6.3603e+05 6.1682e+05 6.5571e+05 6.9851e+05 7.4265e+05 7.888e+05 8.3662e+05 8.8551e+05 9.3568e+05 9.7878e+05 1.0402e+06 1.1129e+06 1.2027e+06 1.1426e+06 3.7315e+06 1.5618e+07 1.5081e+08 1.1041e+09 3.8875e+09 9.153e+09 1.6936e+10 2.6138e+10 3.4759e+10 4.1104e+10 4.4574e+10 4.5524e+10 4.4708e+10 4.2841e+10 4.0427e+10 3.7761e+10 3.4998e+10 3.222e+10
8.3065 3.946e+10 3.9271e+10 3.7787e+10 3.4861e+10 3.0505e+10 2.4951e+10 1.869e+10 1.245e+10 7.0737e+09 3.2456e+09 1.1404e+09 3.0264e+08 5.6861e+07 3.3931e+06 2.9479e+05 5.4745e+05 5.1471e+05 5.4933e+05 5.8272e+05 6.181e+05 6.5433e+05 6.9198e+05 7.3041e+05 7.6964e+05 8.0317e+05 8.5116e+05 9.074e+05 9.7663e+05 9.894e+05 1.5427e+06 1.3654e+07 8.2827e+07 6.8709e+08 2.8382e+09 7.2346e+09 1.3966e+10 2.2308e+10 3.0646e+10 3.7287e+10 4.1362e+10 4.2959e+10 4.2687e+10 4.1234e+10 3.9127e+10 3.6697e+10 3.4125e+10 3.1507e+10
8.5195 3.7572e+10 3.7066e+10 3.5297e+10 3.2162e+10 2.7716e+10 2.2232e+10 1.6229e+10 1.0443e+10 5.6722e+09 2.4735e+09 8.3438e+08 2.1299e+08 3.2513e+07 7.862e+05 5.837e+05 4.1997e+05 4.3311e+05 4.5948e+05 4.856e+05 5.1344e+05 5.4203e+05 5.7136e+05 6.0159e+05 6.321e+05 6.5815e+05 6.9571e+05 7.3912e+05 7.9004e+05 8.6907e+05 5.3503e+05 9.0816e+06 5.4324e+07 4.145e+08 2.0088e+09 5.6605e+09 1.1495e+10 1.8994e+10 2.6905e+10 3.366e+10 3.8215e+10 4.04e+10 4.066e+10 3.9624e+10 3.7831e+10 3.5639e+10 3.3257e+10 3.0796e+10
8.7325 3.5739e+10 3.4947e+10 3.2932e+10 2.9627e+10 2.5127e+10 1.9741e+10 1.402e+10 8.7005e+09 4.522e+09 1.8866e+09 6.1427e+08 1.4486e+08 1.6161e+07 5.8734e+05 5.5574e+05 3.313e+05 3.6435e+05 3.8384e+05 4.0465e+05 4.2607e+05 4.4851e+05 4.7136e+05 4.9485e+05 5.186e+05 5.3888e+05 5.6793e+05 6.0152e+05 6.4037e+05 7.0937e+05 4.8093e+05 3.9199e+06 3.9911e+07 2.5349e+08 1.3766e+09 4.3568e+09 9.4231e+09 1.6146e+10 2.3546e+10 3.0257e+10 3.5158e+10 3.7862e+10 3.863e+10 3.8011e+10 3.6536e+10 3.4586e+10 3.2394e+10 3.0089e+10
8.9455 3.3965e+10 3.2917e+10 3.0688e+10 2.7245e+10 2.2721e+10 1.7462e+10 1.2046e+10 7.2065e+09 3.5939e+09 1.4434e+09 4.5016e+08 9.289e+07 7.4665e+06 9.8403e+05 3.5663e+05 2.8287e+05 3.0581e+05 3.2077e+05 3.3715e+05 3.5368e+05 3.7099e+05 3.8881e+05 4.0682e+05 4.2528e+05 4.41e+05 4.6323e+05 4.8928e+05 5.196e+05 5.5712e+05 6.2316e+05 7.6385e+05 2.7339e+07 1.6533e+08 9.2166e+08 3.2828e+09 7.6667e+09 1.3698e+10 2.0562e+10 2.7104e+10 3.2222e+10 3.536e+10 3.6602e+10 3.6394e+10 3.524e+10 3.3535e+10 3.1534e+10 2.9385e+10
9.1584 3.225e+10 3.0973e+10 2.8558e+10 2.5006e+10 2.0485e+10 1.5381e+10 1.0297e+10 5.9422e+09 2.8544e+09 1.1062e+09 3.2355e+08 5.5836e+07 4.1946e+06 1.0032e+06 2.0345e+05 2.4694e+05 2.5694e+05 2.6866e+05 2.8103e+05 2.9394e+05 3.071e+05 3.208e+05 3.3462e+05 3.4877e+05 3.6081e+05 3.7786e+05 3.9789e+05 4.2126e+05 4.4377e+05 5.8276e+05 4280 1.5111e+07 1.1518e+08 6.1538e+08 2.4184e+09 6.1655e+09 1.1583e+10 1.7927e+10 2.4217e+10 2.943e+10 3.2914e+10 3.4586e+10 3.4775e+10 3.3942e+10 3.2485e+10 3.0678e+10 2.8684e+10
9.3714 3.0596e+10 2.9112e+10 2.6537e+10 2.29e+10 1.841e+10 1.349e+10 8.7615e+09 4.886e+09 2.2685e+09 8.4439e+08 2.2527e+08 3.2421e+07 3.396e+06 6.2496e+05 1.5842e+05 2.1074e+05 2.165e+05 2.2563e+05 2.3478e+05 2.4468e+05 2.5472e+05 2.6501e+05 2.7562e+05 2.8628e+05 2.9539e+05 3.085e+05 3.2365e+05 3.4136e+05 3.6075e+05 4.2298e+05 3.7023e+05 6.0041e+06 8.026e+07 4.2005e+08 1.7491e+09 4.8842e+09 9.7404e+09 1.5602e+10 2.1595e+10 2.6806e+10 3.0543e+10 3.259e+10 3.3156e+10 3.2642e+10 3.1435e+10 2.9823e+10 2.7985e+10
9.5844 2.9001e+10 2.7332e+10 2.4617e+10 2.0921e+10 1.6489e+10 1.1783e+10 7.4279e+09 4.0123e+09 1.8025e+09 6.3703e+08 1.5141e+08 1.9667e+07 2.9198e+06 2.2482e+05 1.6327e+05 1.7713e+05 1.8307e+05 1.8995e+05 1.9693e+05 2.0422e+05 2.1183e+05 2.1951e+05 2.2751e+05 2.3549e+05 2.4233e+05 2.5223e+05 2.6357e+05 2.7694e+05 2.9351e+05 2.957e+05 6.4067e+05 1.6094e+06 5.1464e+07 2.9606e+08 1.2547e+09 3.8065e+09 8.1223e+09 1.3543e+10 1.9229e+10 2.4362e+10 2.8266e+10 3.0629e+10 3.1544e+10 3.1339e+10 3.0384e+10 2.8968e+10 2.7287e+10
9.7974 2.7464e+10 2.5627e+10 2.2793e+10 1.9061e+10 1.4716e+10 1.0254e+10 6.2815e+09 3.2933e+09 1.4277e+09 4.7169e+08 9.9422e+07 1.3465e+07 2.0284e+06 48005 1.5851e+05 1.5017e+05 1.5551e+05 1.6049e+05 1.6588e+05 1.7117e+05 1.7679e+05 1.8254e+05 1.8837e+05 1.9435e+05 1.9946e+05 2.067e+05 2.1519e+05 2.2518e+05 2.374e+05 2.3616e+05 5.0403e+05 7.6875e+05 2.8643e+07 2.1134e+08 9.0448e+08 2.9236e+09 6.7003e+09 1.1706e+10 1.7095e+10 2.2104e+10 2.61e+10 2.8716e+10 2.9944e+10 3.0038e+10 2.933e+10 2.8113e+10 2.659e+10
10.01 2.5982e+10 2.3994e+10 2.1061e+10 1.7317e+10 1.3091e+10 8.8966e+09 5.3039e+09 2.7006e+09 1.1222e+09 3.4184e+08 6.5681e+07 1.0069e+07 9.8057e+05 64227 1.3419e+05 1.2898e+05 1.3282e+05 1.3639e+05 1.403e+05 1.4423e+05 1.4826e+05 1.5251e+05 1.567e+05 1.611e+05 1.6483e+05 1.7006e+05 1.7634e+05 1.8365e+05 1.921e+05 2.0313e+05 2.4518e+05 1.1273e+06 1.3803e+07 1.4689e+08 6.6083e+08 2.2243e+09 5.4609e+09 1.0058e+10 1.5167e+10 2.003e+10 2.4056e+10 2.6864e+10 2.8366e+10 2.8739e+10 2.8276e+10 2.7256e+10 2.5893e+10
10.223 2.4553e+10 2.2429e+10 1.9416e+10 1.5688e+10 1.1611e+10 7.7018e+09 4.4741e+09 2.2089e+09 8.7181e+08 2.4356e+08 4.5186e+07 7.2807e+06 2.5616e+05 1.2428e+05 1.0811e+05 1.1144e+05 1.14e+05 1.1668e+05 1.1932e+05 1.2224e+05 1.2511e+05 1.281e+05 1.3115e+05 1.3425e+05 1.3691e+05 1.4071e+05 1.4519e+05 1.5043e+05 1.5655e+05 1.6845e+05 1.1733e+05 1.137e+06 6.6919e+06 9.589e+07 4.8758e+08 1.6885e+09 4.3997e+09 8.5742e+09 1.3415e+10 1.8126e+10 2.2141e+10 2.5085e+10 2.682e+10 2.745e+10 2.7221e+10 2.6399e+10 2.5194e+10
10.436 2.3173e+10 2.0929e+10 1.7858e+10 1.4174e+10 1.0272e+10 6.6572e+09 3.7699e+09 1.7974e+09 6.6785e+08 1.7274e+08 3.2634e+07 4.5567e+06 18430 1.3443e+05 91477 96525 98359 1.0036e+05 1.022e+05 1.0424e+05 1.063e+05 1.0833e+05 1.1052e+05 1.1264e+05 1.1448e+05 1.1721e+05 1.2027e+05 1.2397e+05 1.2844e+05 1.3439e+05 1.1467e+05 6.4622e+05 4.434e+06 5.8118e+07 3.5743e+08 1.2867e+09 3.513e+09 7.2441e+09 1.1813e+10 1.6377e+10 2.0357e+10 2.339e+10 2.5313e+10 2.6174e+10 2.6169e+10 2.554e+10 2.4495e+10
10.649 2.1842e+10 1.9493e+10 1.6387e+10 1.2775e+10 9.0692e+09 5.7478e+09 3.1698e+09 1.4512e+09 5.0517e+08 1.2401e+08 2.3879e+07 2.2886e+06 84268 1.0034e+05 81908 84114 85393 86776 88195 89514 90949 92354 93813 95270 96524 98348 1.0043e+05 1.0297e+05 1.0603e+05 1.0855e+05 1.267e+05 1.6681e+05 3.7003e+06 3.3872e+07 2.5504e+08 9.8541e+08 2.791e+09 6.0652e+09 1.0343e+10 1.4764e+10 1.8696e+10 2.1784e+10 2.3857e+10 2.492e+10 2.5123e+10 2.4681e+10 2.3794e+10
10.862 2.0556e+10 1.812e+10 1.5004e+10 1.1489e+10 7.9958e+09 4.9567e+09 2.6555e+09 1.1605e+09 3.7942e+08 9.1036e+07 1.6725e+07 9.1519e+05 1.8241e+05 65911 73478 73696 74656 75538 76584 77471 78402 79378 80286 81275 82109 83232 84647 86286 88225 90360 1.0689e+05 7588.5 2.6918e+06 2.0792e+07 1.7489e+08 7.5404e+08 2.2155e+09 5.0383e+09 8.9965e+09 1.3267e+10 1.7149e+10 2.0269e+10 2.2457e+10 2.3692e+10 2.4086e+10 2.3823e+10 2.3091e+10
11.075 1.9315e+10 1.6811e+10 1.3709e+10 1.0315e+10 7.0413e+09 4.2671e+09 2.2126e+09 9.1928e+08 2.8536e+08 6.7888e+07 1.0699e+07 4.2406e+05 1.7854e+05 53395 64620 64878 65626 66266 66892 67551 68132 68760 69334 69949 70461 71150 72037 73018 74201 75982 77474 64695 1.3779e+06 1.4399e+07 1.1588e+08 5.7052e+08 1.7609e+09 4.1617e+09 7.7702e+09 1.1872e+10 1.5705e+10 1.8844e+10 2.1119e+10 2.2498e+10 2.3064e+10 2.297e+10 2.2388e+10
11.288 1.8121e+10 1.5568e+10 1.2503e+10 9.2483e+09 6.1937e+09 3.6635e+09 1.8311e+09 7.2311e+08 2.1652e+08 5.0245e+07 6.1691e+06 4.1995e+05 1.013e+05 54218 56683 57349 57949 58477 58833 59297 59680 60029 60412 60742 61020 61461 61916 62475 63174 64111 60919 1.1801e+05 4.148e+05 1.0514e+07 7.6353e+07 4.2275e+08 1.3994e+09 3.4272e+09 6.6669e+09 1.0572e+10 1.4349e+10 1.7503e+10 1.9846e+10 2.1344e+10 2.206e+10 2.2122e+10 2.1686e+10
11.501 1.6972e+10 1.4391e+10 1.1386e+10 8.2827e+09 5.4404e+09 3.1332e+09 1.5047e+09 5.6731e+08 1.6593e+08 3.5901e+07 3.4016e+06 4.6959e+05 36189 53354 50391 51043 51413 51816 52115 52376 52643 52834 53059 53225 53359 53599 53781 54068 54402 54700 54541 92883 96154 7.0426e+06 5.2032e+07 3.059e+08 1.1067e+09 2.8194e+09 5.6894e+09 9.3638e+09 1.3071e+10 1.6238e+10 1.8637e+10 2.0233e+10 2.1079e+10 2.1284e+10 2.0986e+10
11.714 1.5871e+10 1.3283e+10 1.0356e+10 7.4103e+09 4.7689e+09 2.6666e+09 1.2289e+09 4.4604e+08 1.2746e+08 2.4346e+07 2.1289e+06 3.7408e+05 21141 47025 45213 45595 45871 46113 46415 46556 46721 46853 46942 47032 47099 47151 47223 47300 47368 47404 48851 45786 1.5966e+05 3.9264e+06 3.7113e+07 2.1787e+08 8.6577e+08 2.3177e+09 4.8369e+09 8.2492e+09 1.1864e+10 1.504e+10 1.749e+10 1.9169e+10 2.0126e+10 2.046e+10 2.029e+10
11.927 1.482e+10 1.2245e+10 9.4091e+09 6.6217e+09 4.1685e+09 2.2574e+09 9.9978e+08 3.524e+08 9.6787e+07 1.5782e+07 1.6825e+06 1.8584e+05 36005 39628 40511 40829 41096 41276 41483 41618 41708 41805 41826 41868 41889 41843 41858 41789 41709 41687 41983 28833 2.2167e+05 1.8239e+06 2.6648e+07 1.5538e+08 6.6722e+08 1.9005e+09 4.1028e+09 7.2326e+09 1.0725e+10 1.39e+10 1.64e+10 1.8151e+10 1.9204e+10 1.9651e+10 1.9601e+10
12.14 1.382e+10 1.1274e+10 8.541e+09 5.9077e+09 3.6307e+09 1.9012e+09 8.1259e+08 2.7935e+08 7.1702e+07 1.0216e+07 1.4167e+06 39857 46214 35046 36363 36608 36910 37116 37218 37369 37433 37482 37506 37505 37487 37446 37385 37268 37136 36988 36372 34805 1.502e+05 9.258e+05 1.8133e+07 1.1273e+08 5.0686e+08 1.5494e+09 3.4752e+09 6.317e+09 9.6533e+09 1.2814e+10 1.536e+10 1.7178e+10 1.8315e+10 1.8862e+10 1.892e+10
12.353 1.2873e+10 1.0371e+10 7.7452e+09 5.2596e+09 3.1494e+09 1.5948e+09 6.6143e+08 2.2089e+08 5.1567e+07 7.0623e+06 1.028e+06 311.99 40373 32259 32733 33005 33225 33446 33542 33662 33741 33763 33800 33780 33744 33731 33616 33514 33358 33114 32684 37516 43317 7.4953e+05 1.1277e+07 8.3167e+07 3.819e+08 1.2517e+09 2.9382e+09 5.5022e+09 8.6541e+09 1.1776e+10 1.4364e+10 1.6248e+10 1.7461e+10 1.8096e+10 1.8251e+10
12.566 1.1979e+10 9.5326e+09 7.0147e+09 4.6702e+09 2.7206e+09 1.3348e+09 5.3952e+08 1.7283e+08 3.6345e+07 5.339e+06 5.6521e+05 29278 28832 29714 29627 29839 30007 30175 30344 30417 30504 30541 30567 30563 30545 30513 30422 30330 30165 29918 29784 31356 3709.4 6.7342e+05 6.582e+06 6.1061e+07 2.8811e+08 1.0004e+09 2.4759e+09 4.7833e+09 7.731e+09 1.0786e+10 1.3408e+10 1.5357e+10 1.664e+10 1.7353e+10 1.7596e+10
12.779 1.1137e+10 8.7541e+09 6.343e+09 4.134e+09 2.3417e+09 1.1167e+09 4.4015e+08 1.3299e+08 2.5736e+07 4.1371e+06 2.1319e+05 56929 22603 26585 26734 27016 27183 27309 27485 27569 27646 27715 27729 27750 27758 27704 27674 27573 27429 27250 27041 25280 22936 4.3956e+05 4.0553e+06 4.338e+07 2.1907e+08 7.9223e+08 2.0749e+09 4.1513e+09 6.887e+09 9.8476e+09 1.2488e+10 1.45e+10 1.5852e+10 1.6636e+10 1.6957e+10
12.992 1.0347e+10 8.0311e+09 5.7242e+09 3.6473e+09 2.0102e+09 9.3479e+08 3.5769e+08 1.0058e+08 1.883e+07 2.9842e+06 69637 51279 22384 23955 24244 24432 24652 24801 24921 25046 25118 25192 25227 25259 25274 25249 25244 25162 25066 24945 24669 23410 40753 1.6502e+05 2.9337e+06 2.9422e+07 1.6748e+08 6.2417e+08 1.7262e+09 3.5948e+09 6.1221e+09 8.9632e+09 1.1602e+10 1.3673e+10 1.5093e+10 1.5944e+10 1.6335e+10
13.205 9.6054e+09 7.3587e+09 5.1535e+09 3.2078e+09 1.7231e+09 7.829e+08 2.8825e+08 7.53e+07 1.4321e+07 1.8741e+06 79513 27315 22599 21666 21968 22177 22374 22555 22643 22780 22869 22934 23000 23034 23047 23082 23063 23038 22982 22870 22687 22831 32903 26015 2.2633e+06 1.9404e+07 1.272e+08 4.9185e+08 1.425e+09 3.1023e+09 5.4328e+09 8.1367e+09 1.0751e+10 1.2872e+10 1.4362e+10 1.5277e+10 1.5732e+10
13.418 8.9099e+09 6.7324e+09 4.6277e+09 2.8139e+09 1.4763e+09 6.5492e+08 2.2968e+08 5.6568e+07 1.0997e+07 1.0156e+06 1.1915e+05 11525 20703 19888 20055 20189 20337 20502 20634 20740 20846 20915 20993 21037 21062 21119 21112 21133 21104 21019 20932 21206 18092 32911 1.5392e+06 1.3103e+07 9.4636e+07 3.8879e+08 1.1687e+09 2.6645e+09 4.8128e+09 7.3707e+09 9.9366e+09 1.2096e+10 1.3654e+10 1.4634e+10 1.5149e+10
13.631 8.2567e+09 6.1483e+09 4.1446e+09 2.4636e+09 1.265e+09 5.4576e+08 1.8104e+08 4.3195e+07 8.1478e+06 5.4417e+05 1.102e+05 11669 17704 17992 18186 18408 18537 18657 18819 18910 19014 19104 19171 19235 19284 19323 19366 19395 19393 19368 19344 19144 14256 72582 8.1648e+05 9.4524e+06 6.8568e+07 3.0765e+08 9.5488e+08 2.2753e+09 4.2541e+09 6.6654e+09 9.1628e+09 1.1344e+10 1.2966e+10 1.4012e+10 1.4584e+10
13.844 7.6425e+09 5.6034e+09 3.7031e+09 2.1547e+09 1.0835e+09 4.5186e+08 1.4186e+08 3.3586e+07 5.634e+06 3.9473e+05 58932 17644 15774 16444 16609 16755 16910 17026 17161 17270 17362 17461 17528 17602 17661 17696 17775 17803 17838 17871 17838 17611 17833 65542 3.465e+05 7.0765e+06 4.8867e+07 2.4206e+08 7.7966e+08 1.9315e+09 3.7485e+09 6.0185e+09 8.4324e+09 1.0618e+10 1.2297e+10 1.3409e+10 1.4038e+10
14.057 7.0642e+09 5.0959e+09 3.3021e+09 1.8836e+09 9.2654e+08 3.7117e+08 1.1133e+08 2.6222e+07 3.6391e+06 3.7653e+05 12859 18886 14684 14949 15104 15271 15435 15571 15658 15784 15875 15963 16043 16114 16167 16234 16303 16356 16417 16465 16460 16482 18762 26872 1.9979e+05 5.0585e+06 3.511e+07 1.879e+08 6.3713e+08 1.6316e+09 3.2898e+09 5.4255e+09 7.7474e+09 9.9179e+09 1.1645e+10 1.2822e+10 1.351e+10
14.27 6.5193e+09 4.6247e+09 2.9404e+09 1.6461e+09 7.8965e+08 3.0271e+08 8.8089e+07 2.0097e+07 2.3261e+06 3.2941e+05 629.12 14960 13757 13747 13885 13973 14092 14233 14324 14433 14530 14605 14695 14761 14807 14899 14951 15036 15104 15152 15214 15313 15806 4223.3 2.1539e+05 3.2317e+06 2.5977e+07 1.4343e+08 5.2038e+08 1.374e+09 2.8738e+09 4.881e+09 7.1081e+09 9.2478e+09 1.101e+10 1.225e+10 1.2996e+10
14.483 6.006e+09 4.1892e+09 2.616e+09 1.4374e+09 6.6965e+08 2.4587e+08 7.0325e+07 1.4858e+07 1.6348e+06 2.1532e+05 12300 11014 12468 12514 12652 12805 12905 13006 13126 13207 13303 13382 13461 13530 13583 13663 13727 13816 13887 13952 14044 14093 13310 9229.4 2.042e+05 1.8585e+06 1.9658e+07 1.0818e+08 4.2313e+08 1.1558e+09 2.4989e+09 4.3793e+09 6.5132e+09 8.6098e+09 1.0393e+10 1.1691e+10 1.2497e+10
14.696 5.5234e+09 3.7891e+09 2.3263e+09 1.2531e+09 5.6468e+08 1.9977e+08 5.625e+07 1.0591e+07 1.3086e+06 91994 22687 9989 11298 11481 11624 11735 11828 11913 12029 12107 12188 12273 12338 12410 12472 12526 12616 12687 12767 12859 12947 12997 12726 19456 1.1886e+05 1.1128e+06 1.4671e+07 8.1638e+07 3.4094e+08 9.7193e+08 2.1643e+09 3.9161e+09 5.9594e+09 8.0054e+09 9.7965e+09 1.1145e+10 1.201e+10
14.909 5.0712e+09 3.4234e+09 2.0675e+09 1.0894e+09 4.7374e+08 1.6295e+08 4.4552e+07 7.4588e+06 1.0724e+06 23478 19872 10429 10370 10528 10611 10731 10857 10943 11020 11111 11182 11260 11323 11390 11446 11502 11590 11654 11743 11841 11908 12013 12384 18388 31065 8.4112e+05 1.0398e+07 6.24e+07 2.7157e+08 8.1655e+08 1.8695e+09 3.4889e+09 5.4431e+09 7.4351e+09 9.2211e+09 1.0611e+10 1.1533e+10
15.122 4.6492e+09 3.0907e+09 1.8359e+09 9.4343e+08 3.9621e+08 1.3352e+08 3.4594e+07 5.4193e+06 7.8837e+05 18640 10380 10131 9597.6 9693.5 9801.5 9868.3 9954.4 10060 10117 10204 10273 10335 10404 10461 10504 10579 10640 10718 10802 10885 10969 11073 11373 11065 2885.6 7.1644e+05 6.9425e+06 4.8348e+07 2.1428e+08 6.8374e+08 1.6126e+09 3.0967e+09 4.9603e+09 6.8979e+09 8.6693e+09 1.009e+10 1.1067e+10
15.335 4.2572e+09 2.7888e+09 1.6278e+09 8.1359e+08 3.3121e+08 1.0951e+08 2.6288e+07 4.1736e+06 4.8167e+05 38679 4938.7 8895.6 8829.4 8910.8 8987.3 9075.6 9158.6 9236.5 9310.1 9375.2 9445.4 9501.1 9565.2 9617.1 9655.4 9729.4 9778.4 9862.2 9934.7 10008 10116 10212 10229 7781.8 20260 5.2637e+05 4.5658e+06 3.7409e+07 1.6855e+08 5.6895e+08 1.39e+09 2.7396e+09 4.508e+09 6.3919e+09 8.1423e+09 9.5831e+09 1.0609e+10
15.548 3.8948e+09 2.5149e+09 1.4399e+09 6.9896e+08 2.7736e+08 8.9335e+07 1.9752e+07 3.3216e+06 2.4717e+05 44291 5966 7744.8 8075.7 8168.2 8290.4 8381.7 8428.7 8491.6 8578.4 8628.5 8689.8 8748.1 8798.3 8850 8894 8943.8 9005.4 9072.8 9139.8 9217.8 9315.8 9407.3 9409.6 9211.3 33946 2.8461e+05 3.2171e+06 2.8296e+07 1.3318e+08 4.6957e+08 1.1969e+09 2.4179e+09 4.0846e+09 5.9141e+09 7.6405e+09 9.0923e+09 1.016e+10
15.761 3.5609e+09 2.266e+09 1.2699e+09 5.9895e+08 2.3279e+08 7.2047e+07 1.4967e+07 2.5694e+06 1.3766e+05 28067 8593.2 7219 7469.8 7562.8 7612.6 7688.3 7781.8 7830.8 7896 7953.3 8004.2 8061.9 8103.6 8153.3 8196 8231.8 8301 8349.2 8417.5 8499.3 8568.7 8650.1 8781.8 10126 23777 1.1149e+05 2.4936e+06 2.068e+07 1.0603e+08 3.8458e+08 1.0282e+09 2.1308e+09 3.6897e+09 5.4621e+09 7.1633e+09 8.6188e+09 9.7209e+09
15.974 3.2539e+09 2.0389e+09 1.1164e+09 5.128e+08 1.9548e+08 5.7324e+07 1.1634e+07 1.8351e+06 1.2265e+05 7909.4 8608.6 6891.5 6898.2 6960.4 7041.1 7108 7164.1 7238.3 7277.7 7339.7 7385.2 7431.2 7476.4 7517.8 7551.2 7595.8 7648.5 7697 7761.6 7830.2 7888.4 7981.1 8118.8 8699.3 7000.1 61817 1.9427e+06 1.4762e+07 8.4623e+07 3.1355e+08 8.7945e+08 1.876e+09 3.3238e+09 5.0335e+09 6.7093e+09 8.1635e+09 9.2924e+09
16.187 2.9716e+09 1.8312e+09 9.7855e+08 4.3928e+08 1.6364e+08 4.518e+07 9.2542e+06 1.1986e+06 1.2929e+05 282.88 6530.3 6398.4 6387 6467.1 6512.1 6549.1 6623.6 6681.1 6722.4 6774.6 6822.1 6859.4 6905.1 6940.1 6964.7 7018.4 7051.2 7108.1 7160.7 7213.6 7285.6 7362.4 7437.2 7097.5 2325.3 79794 1.3591e+06 1.065e+07 6.6959e+07 2.5565e+08 7.4781e+08 1.6502e+09 2.9876e+09 4.6272e+09 6.2767e+09 7.7269e+09 8.8756e+09
16.4 2.7116e+09 1.6407e+09 8.5588e+08 3.7671e+08 1.3606e+08 3.5609e+07 7.3537e+06 7.6223e+05 1.0792e+05 4736 4965.2 5800.9 5867.7 5924.2 6012.7 6094.9 6115.3 6168.1 6226 6261.3 6305.6 6342.5 6380.6 6414 6440.4 6482.2 6515.4 6567.4 6611 6659.2 6733 6793 6846.7 6664.7 7478.6 83434 8.1455e+05 8.0225e+06 5.2005e+07 2.0915e+08 6.3196e+08 1.449e+09 2.6814e+09 4.243e+09 5.8634e+09 7.3087e+09 8.4716e+09
16.613 2.4715e+09 1.4664e+09 7.4779e+08 3.2311e+08 1.1214e+08 2.8352e+07 5.6649e+06 5.411e+05 60764 10281 4859.6 5333.2 5449 5523.7 5570.4 5608.2 5677.8 5704.8 5760 5795.2 5832.7 5873 5901.2 5935.3 5965.1 5989.2 6034.1 6068.9 6111.4 6163.5 6216.6 6272.9 6340.6 6572.1 10470 49732 4.5738e+05 6.2538e+06 3.9609e+07 1.7158e+08 5.3149e+08 1.2687e+09 2.4041e+09 3.8815e+09 5.4678e+09 6.9078e+09 8.081e+09
16.826 2.2492e+09 1.3075e+09 6.533e+08 2.7663e+08 9.173e+07 2.288e+07 4.1641e+06 4.5298e+05 19505 9780.9 5186 5000.8 5059.3 5091.7 5140.3 5213.3 5246.8 5298.3 5331.1 5372.7 5403.9 5439 5467.4 5497.6 5523.5 5546.6 5588.9 5616 5659.4 5707.4 5741.3 5794.7 5864.8 6070.1 7686.8 12114 3.1774e+05 4.795e+06 2.9934e+07 1.4045e+08 4.4604e+08 1.1061e+09 2.1536e+09 3.5439e+09 5.0888e+09 6.523e+09 7.7044e+09
17.039 2.0431e+09 1.1637e+09 5.7096e+08 2.3585e+08 7.4815e+07 1.8569e+07 2.9582e+06 3.8954e+05 5524 5312.2 4923.7 4658.1 4695.2 4761.6 4802.6 4807.6 4874.4 4914.7 4939.5 4981.3 5013.4 5040.9 5072.2 5097.2 5115.3 5149.4 5175.4 5209.2 5246.2 5282.8 5320.4 5374.9 5426.2 5439.8 4357.6 1122.5 2.8739e+05 3.4434e+06 2.2884e+07 1.1393e+08 3.7452e+08 9.598e+08 1.9269e+09 3.2307e+09 4.7263e+09 6.1527e+09 7.3415e+09
17.252 1.8522e+09 1.0345e+09 4.99e+08 1.9992e+08 6.12e+07 1.4927e+07 2.1273e+06 2.9348e+05 12657 2373.8 4246.4 4300.9 4344.2 4381.3 4428.6 4501.4 4511.7 4559 4593.6 4622.5 4654.8 4678.8 4708.8 4731.1 4746.7 4781.5 4799.3 4837.6 4866.3 4895.7 4943.3 4982.4 5029.5 5015.3 4134.4 10534 2.4293e+05 2.3029e+06 1.789e+07 9.1225e+07 3.1498e+08 8.2912e+08 1.7207e+09 2.9422e+09 4.3809e+09 5.7955e+09 6.9918e+09
17.465 1.6759e+09 9.1932e+08 4.3563e+08 1.685e+08 5.0405e+07 1.1729e+07 1.6308e+06 1.7854e+05 20617 2824.2 3766.8 3975.1 4029.3 4088.1 4144.6 4158.7 4208.8 4225.6 4270.2 4293.4 4322.5 4350.4 4372.3 4395.9 4415.6 4437 4463 4492.1 4518.6 4549.8 4591.4 4621.7 4655.9 4715.6 5220.8 16793 1.5225e+05 1.5302e+06 1.4146e+07 7.2243e+07 2.6492e+08 7.1402e+08 1.532e+09 2.6771e+09 4.0535e+09 5.4506e+09 6.6542e+09
17.678 1.5139e+09 8.1691e+08 3.7932e+08 1.4149e+08 4.1742e+07 8.9904e+06 1.3287e+06 90202 17516 4321.6 3618.7 3719.7 3769.2 3793.5 3813.2 3883.3 3903.6 3939.2 3969.3 3996 4019.5 4046.7 4065.7 4088.5 4109 4122.3 4154.9 4173.3 4202.2 4235.7 4260.2 4293.7 4326.5 4399.6 5083.2 11023 64790 1.1233e+06 1.1012e+07 5.706e+07 2.2202e+08 6.1414e+08 1.3592e+09 2.4338e+09 3.7451e+09 5.1176e+09 6.3277e+09
17.891 1.3662e+09 7.2583e+08 3.29e+08 1.1877e+08 3.4528e+07 6.8166e+06 1.077e+06 53622 7463.4 4450.9 3502 3473.8 3504.3 3547 3592.4 3588.4 3642.1 3668.5 3687.8 3719.8 3742.1 3764.7 3785.8 3805.5 3821 3840.6 3865.3 3884.6 3913.1 3941.3 3961.1 3996.4 4039.6 4067.3 4036.7 2786 27852 9.1553e+05 8.2556e+06 4.5404e+07 1.847e+08 5.2834e+08 1.2013e+09 2.2096e+09 3.4565e+09 4.7969e+09 6.0111e+09
18.104 1.2321e+09 6.4444e+08 2.8414e+08 9.9963e+07 2.8286e+07 5.2443e+06 8.0919e+05 54214 678.27 3330.8 3231 3221.5 3263.1 3297.9 3313.5 3368 3380.3 3421.3 3439.5 3465 3488.4 3505.5 3528.8 3545 3556 3582.9 3596.2 3623.1 3645.3 3666.8 3695.8 3727.3 3756.7 3773.6 3498.8 1293.4 33711 7.2774e+05 5.9777e+06 3.6532e+07 1.5229e+08 4.547e+08 1.0584e+09 2.0022e+09 3.1875e+09 4.4892e+09 5.7035e+09
18.317 1.1108e+09 5.7123e+08 2.4454e+08 8.4441e+07 2.2831e+07 4.1694e+06 5.4779e+05 58651 1140.8 2456.4 2936.1 2996.1 3028.2 3064.4 3122.4 3131.5 3163.3 3177.3 3210.3 3228.3 3251.1 3270.2 3288.9 3305.6 3317.9 3339.3 3353.5 3379.2 3397.8 3418.3 3451.7 3472.3 3495.2 3528.9 3559.3 4417.3 41999 5.0108e+05 4.3302e+06 2.9497e+07 1.2472e+08 3.9091e+08 9.3037e+08 1.8096e+09 2.9372e+09 4.1956e+09 5.4044e+09
18.53 1.0013e+09 5.0502e+08 2.1009e+08 7.1426e+07 1.8193e+07 3.3942e+06 3.5039e+05 46879 4620.5 2458.2 2738.4 2802.9 2839.6 2869.7 2877.4 2929.2 2946.3 2970.7 2997.3 3014.1 3033 3053.4 3067.7 3084.8 3100.4 3111.5 3134.2 3150.8 3170.6 3194.4 3218.1 3239.1 3262.9 3297.9 3478.6 5670.4 30313 2.9277e+05 3.2836e+06 2.3555e+07 1.0198e+08 3.3491e+08 8.1709e+08 1.6307e+09 2.7042e+09 3.9169e+09 5.1139e+09
18.743 9.0216e+08 4.4509e+08 1.8056e+08 6.0227e+07 1.4455e+07 2.7362e+06 2.449e+05 23978 5705.6 2726.5 2602.2 2631.6 2656.7 2675.9 2715.6 2722.6 2757 2773.9 2792.8 2815.6 2832 2851.1 2865.1 2881.2 2894.9 2905.5 2928.5 2940.5 2962.7 2986.1 2999.9 3025.6 3051.3 3074.7 3120.2 3786.4 9991.3 1.7217e+05 2.6144e+06 1.8401e+07 8.3728e+07 2.8531e+08 7.1748e+08 1.4651e+09 2.4864e+09 3.6538e+09 4.8325e+09
18.956 8.1194e+08 3.9109e+08 1.5546e+08 5.0396e+07 1.1603e+07 2.114e+06 2.0682e+05 6680.2 3656.3 2620.9 2440.3 2449.3 2478.4 2513.8 2520.3 2548 2569.5 2601.4 2610.4 2632.3 2648.9 2662.4 2679.6 2692.4 2701.8 2720 2733.5 2750.7 2770 2788.3 2805.4 2831.7 2860.1 2878.2 2836.1 2069.8 672.55 1.3865e+05 2.0697e+06 1.4097e+07 6.9117e+07 2.4152e+08 6.2984e+08 1.3132e+09 2.2822e+09 3.406e+09 4.561e+09
19.169 7.2947e+08 3.429e+08 1.3404e+08 4.1774e+07 9.47e+06 1.5517e+06 1.8558e+05 3488.8 1424.3 2226.9 2254.8 2282.8 2312 2332.1 2373.8 2392.2 2406.2 2421.7 2443.8 2459.7 2477.2 2490.5 2506.4 2518.5 2526.1 2545.8 2554.3 2575.4 2590.1 2605.3 2630.1 2649.3 2668.6 2694.7 2704.3 2276.6 4548.5 1.3299e+05 1.5331e+06 1.0783e+07 5.7113e+07 2.0349e+08 5.5218e+08 1.175e+09 2.0902e+09 3.1728e+09 4.3002e+09
19.382 6.5389e+08 3.004e+08 1.1553e+08 3.4388e+07 7.8033e+06 1.1149e+06 1.4717e+05 8642.4 1145.8 1961.2 2105.6 2141.5 2163.3 2193.4 2208.3 2232.7 2254 2270.1 2291.3 2302.6 2318.1 2332.5 2344.6 2357.1 2367.9 2379.8 2393.4 2409.8 2423.7 2440.2 2463.6 2478 2493.7 2516.3 2568.3 2993.7 9404.8 1.0589e+05 1.0474e+06 8.4204e+06 4.6861e+07 1.712e+08 4.8267e+08 1.0504e+09 1.9098e+09 2.9531e+09 4.051e+09
19.595 5.8473e+08 2.6327e+08 9.9248e+07 2.8291e+07 6.3792e+06 8.3445e+05 93799 11531 2109.2 1923.9 1987.8 2014.2 2038.4 2049.8 2071.5 2097.2 2110.3 2122.7 2142.5 2157.4 2170.2 2185.9 2195.5 2208.3 2219.9 2226.3 2245.1 2254.6 2270.8 2289.3 2302.9 2320.8 2341.5 2360.6 2391.9 2798.8 7362.3 58800 7.04e+05 6.7438e+06 3.794e+07 1.4428e+08 4.2009e+08 9.387e+08 1.7409e+09 2.7455e+09 3.8136e+09
19.808 5.218e+08 2.3094e+08 8.4778e+07 2.3417e+07 5.0912e+06 6.762e+05 49004 8092.3 2561.2 1900.4 1870.2 1888.3 1906.4 1931.3 1945.9 1948.6 1980.1 2000.6 2006.3 2023.6 2035.6 2047.1 2059.1 2069.6 2078.5 2088.8 2103.2 2113.3 2129.7 2145.7 2156.2 2177.3 2198.2 2220.4 2228 2132.6 2212.1 23063 5.2482e+05 5.4157e+06 3.0334e+07 1.2192e+08 3.6393e+08 8.3841e+08 1.5838e+09 2.5487e+09 3.5881e+09
20.021 4.65e+08 2.0265e+08 7.1977e+07 1.9551e+07 3.955e+06 5.6892e+05 29256 2463.3 2021.1 1761 1742.7 1760 1784.6 1803.9 1821 1850.4 1850.2 1868.6 1882.3 1896.8 1909.7 1919.6 1932.3 1941.4 1947 1962.6 1969.6 1984.8 1997.4 2009.8 2025.8 2044.2 2063.4 2078 2091.3 1902.7 431.72 15311 4.4019e+05 4.2232e+06 2.4163e+07 1.0306e+08 3.1412e+08 7.4788e+08 1.4389e+09 2.3617e+09 3.3739e+09
20.234 4.1418e+08 1.7764e+08 6.086e+07 1.6388e+07 3.0385e+06 4.5693e+05 29662 13.701 1341.8 1589.3 1629.5 1654.4 1671.9 1690.7 1717.6 1719.4 1746.4 1755.9 1770.7 1779.9 1792.6 1802.3 1813.1 1822.1 1828.7 1841.4 1848.5 1863.8 1874 1885.5 1905.4 1917.3 1930.2 1947.4 1972.3 2031.9 2206.8 22281 3.6116e+05 3.1527e+06 1.9409e+07 8.6741e+07 2.7068e+08 6.6556e+08 1.3061e+09 2.1842e+09 3.1702e+09
20.447 3.6899e+08 1.5527e+08 5.1448e+07 1.3663e+07 2.3759e+06 3.3126e+05 32783 1377.1 1227.1 1490.4 1540.5 1560.1 1576.4 1592.4 1598.1 1634.6 1631.3 1643.6 1662.7 1671.8 1682.2 1694.4 1701.8 1711.7 1720.5 1726.4 1739.3 1748.8 1759.9 1773.4 1787.9 1799.5 1812.9 1833.3 1854.4 1991.2 3468.5 22919 2.5516e+05 2.3015e+06 1.5804e+07 7.2399e+07 2.3333e+08 5.9038e+08 1.185e+09 2.0163e+09 2.9758e+09
20.66 3.2885e+08 1.3516e+08 4.3642e+07 1.1233e+07 1.9271e+06 2.1911e+05 26863 3247.4 1465.4 1438.7 1452.6 1468.7 1485.8 1496.4 1517.8 1509.3 1544.7 1553.7 1559.8 1572.7 1581.8 1591.8 1599.9 1608.7 1616.8 1622 1635.7 1641.9 1654.9 1668.4 1676.3 1691.6 1708.4 1722.9 1737.7 1749.2 2503.1 12698 1.5225e+05 1.7294e+06 1.2938e+07 5.9897e+07 2.0139e+08 5.2181e+08 1.0745e+09 1.8582e+09 2.79e+09
20.873 2.9302e+08 1.1717e+08 3.7187e+07 9.0935e+06 1.5992e+06 1.4799e+05 14181 3072.8 1520.3 1361.8 1360.3 1375.7 1390.7 1411.7 1414.3 1444 1437.4 1458.1 1466.5 1478.8 1487.9 1496 1505.5 1512.9 1518.1 1528.2 1536.2 1545.5 1556.8 1567.5 1576.7 1592.8 1608.3 1622 1635.1 1594 1178 2570.8 92162 1.3815e+06 1.0472e+07 4.932e+07 1.7385e+08 4.5981e+08 9.7318e+08 1.7104e+09 2.6119e+09
21.086 2.6079e+08 1.013e+08 3.1744e+07 7.3068e+06 1.3072e+06 1.1896e+05 4351.2 1472.7 1293.3 1260 1274.5 1290.1 1307.9 1319 1345.7 1340.6 1368.3 1372.5 1381.6 1390.9 1401.1 1407.7 1417.1 1423.6 1427.7 1439.6 1443.6 1456.2 1464.3 1473.1 1487.3 1498.7 1511.2 1524 1540.3 1557.8 1135.5 1024.6 77102 1.1321e+06 8.2796e+06 4.0695e+07 1.497e+08 4.0445e+08 8.7987e+08 1.5731e+09 2.4413e+09
21.299 2.3156e+08 8.7553e+07 2.7003e+07 5.9116e+06 1.0187e+06 1.0896e+05 2627.6 467.1 1078.8 1177 1204.4 1221.4 1231.8 1247.5 1251.7 1282.8 1273.6 1287.9 1303.8 1309.4 1317.8 1326.8 1333.3 1340.6 1346.6 1353.5 1360.9 1370.7 1378.4 1387.6 1401.8 1409.8 1418.9 1432.3 1447.2 1490.3 1725.3 4712.7 75694 8.8626e+05 6.4164e+06 3.3808e+07 1.2824e+08 3.556e+08 7.9354e+08 1.4461e+09 2.2783e+09
21.512 2.0498e+08 7.5808e+07 2.2779e+07 4.8675e+06 7.5531e+05 93546 5733 772.96 1049.1 1122.2 1141.2 1153.3 1166.9 1174.3 1190.2 1187.2 1216.9 1216.9 1225.1 1234.3 1242.1 1250.4 1256 1263.1 1270.1 1273.3 1284.4 1289.6 1299 1309.6 1317.8 1327.7 1339.3 1354.2 1366 1379.5 1753.6 5983.7 60921 6.363e+05 4.9775e+06 2.8233e+07 1.0915e+08 3.1278e+08 7.1368e+08 1.3285e+09 2.1233e+09
21.725 1.8092e+08 6.5796e+07 1.9033e+07 4.0648e+06 5.5503e+05 66200 7316.1 1431.3 1083.8 1066.5 1072.3 1085.1 1097.5 1111.1 1115.3 1133 1129.3 1149.9 1155.2 1164.5 1170.6 1178 1184.6 1190.9 1196.1 1201.5 1210.4 1215.6 1225.4 1234.8 1240.2 1252.9 1265.5 1275.9 1291.1 1292.3 1284.9 3159.2 34261 4.3306e+05 3.9589e+06 2.3512e+07 9.2456e+07 2.7514e+08 6.402e+08 1.2194e+09 1.9767e+09
21.938 1.5937e+08 5.7155e+07 1.5813e+07 3.3843e+06 4.3158e+05 37868 4980.9 1452.8 1031.2 997.57 1006.5 1018.9 1031.2 1044 1058.5 1060.5 1081.1 1082.3 1087.9 1097.5 1105.7 1110.5 1118.2 1123.2 1126.3 1135.7 1139.5 1148.4 1155.7 1162.9 1171.7 1182.7 1193.8 1202.5 1212.6 1226.3 1048.9 403.68 14282 3.1358e+05 3.2334e+06 1.9356e+07 7.8223e+07 2.4171e+08 5.7322e+08 1.1178e+09 1.8387e+09
22.151 1.4033e+08 4.954e+07 1.3161e+07 2.757e+06 3.6235e+05 21539 1417.4 949.48 917.22 934.66 951.43 963.18 974.52 983.48 995.31 1010.2 1006 1021.4 1032.1 1035.9 1042.4 1048.7 1054.9 1060.3 1063.8 1071.6 1075.2 1084.5 1090.2 1096.8 1108.6 1115.4 1123.3 1134.3 1142.5 1158.9 1165.2 544.98 10573 2.6059e+05 2.6375e+06 1.5705e+07 6.635e+07 2.1166e+08 5.1279e+08 1.0228e+09 1.7094e+09
22.364 1.2366e+08 4.2719e+07 1.1046e+07 2.1836e+06 3.0871e+05 19043 11.256 617.95 845.41 888 903.34 914.86 922.48 932.47 938.5 948.45 964.62 960.64 970.85 977.63 984.67 991.2 995.58 1001.1 1006.5 1009.9 1017.3 1023 1029.4 1037 1046.2 1052.3 1059.9 1070.5 1084.3 1094.7 1218.9 1958.8 14938 2.2454e+05 2.0783e+06 1.2642e+07 5.6482e+07 1.8453e+08 4.5865e+08 9.3379e+08 1.5884e+09
22.577 1.0911e+08 3.6607e+07 9.3515e+06 1.7044e+06 2.4586e+05 21427 1023.1 714.27 828.61 845.17 853.91 862.87 874.33 880.57 890.17 893.53 898.85 915.76 919.56 925.45 929.65 936.3 940.75 946.19 951.09 953.58 962.23 965.41 973.19 981.24 985.71 994.69 1004.1 1014.6 1024.8 1033.9 1065.3 2113 14827 1.7258e+05 1.567e+06 1.023e+07 4.812e+07 1.6018e+08 4.1022e+08 8.5067e+08 1.475e+09
22.79 9.6313e+07 3.123e+07 7.9264e+06 1.3498e+06 1.7641e+05 19506 2207.6 899.72 803.44 795.96 802.26 812.68 821.84 834.11 838.54 849.59 858.58 859.63 864.17 873.61 880.23 884.3 890.06 894.21 897.34 903.4 908.16 913.45 920.31 926.76 931.64 941.46 951 957.83 965.58 975.62 929.43 1075.1 8037.9 1.1142e+05 1.1652e+06 8.4017e+06 4.0812e+07 1.3867e+08 3.6666e+08 7.7355e+08 1.3684e+09
23.003 8.4902e+07 2.6629e+07 6.6564e+06 1.1084e+06 1.1908e+05 12111 1946 856.51 744.91 747.23 758.33 767.57 776.71 784.14 798.08 799.55 805.42 818.97 824 827.26 831.95 836.39 842.03 846.05 848.15 855.52 857.63 865.33 870.08 875.29 883.48 890.56 898 904.97 913.25 923.71 920.65 481.59 1737.5 67125 9.0261e+05 6.9739e+06 3.4315e+07 1.2004e+08 3.2714e+08 7.0258e+08 1.2677e+09
23.216 7.4599e+07 2.2789e+07 5.5025e+06 9.3365e+05 86937 4749.4 793.52 667.56 688.8 709.07 721.42 729.92 737.28 744.54 748.57 765.18 767.21 764.61 775.54 780.91 787.48 792.3 796.22 800.4 803.98 808.43 812.4 818.68 823.04 828.37 837.39 841.75 847.34 856.34 864.45 873.41 914.3 814.1 1073.4 51144 7.4307e+05 5.7546e+06 2.8603e+07 1.0408e+08 2.9102e+08 6.3776e+08 1.1725e+09
23.429 6.5271e+07 1.9601e+07 4.4908e+06 7.7684e+05 75619 2205.3 165.39 572.09 659.47 676.28 684.59 693.01 699.7 706.15 713.75 711.86 725.22 735.5 738.72 741.88 744.79 750.43 753.65 758.14 762.42 763.89 770.92 773.91 779.47 785.81 791.03 796.67 803.18 811.43 820.63 827.23 843.33 1170.9 3548.5 50241 6.1799e+05 4.646e+06 2.3759e+07 9.0379e+07 2.5801e+08 5.7879e+08 1.0825e+09
23.642 5.6906e+07 1.6897e+07 3.6638e+06 6.1756e+05 69457 3775.2 469.22 609.31 637.2 639.96 645.85 653.1 662.4 669.04 673.17 684.82 684.51 687.85 692.77 700.88 706.41 710.35 714.27 717.95 721.22 724.35 729.97 732.75 738.88 744.67 747.65 755.42 763.07 770.09 778.26 786.92 778.46 975.02 4151.7 44707 4.8402e+05 3.6653e+06 1.9815e+07 7.8419e+07 2.2805e+08 5.251e+08 9.9771e+08
23.855 4.9541e+07 1.4517e+07 3.0311e+06 4.6798e+05 56664 5299.5 948.37 637.8 600.6 602.45 609.61 617.65 624.01 633.16 641.12 640.2 653.03 662.03 662.91 666.44 669.45 672.66 677.49 680.62 682.36 688.05 690.39 695.69 700.19 704.7 709.54 716.65 723.59 728.31 733.56 743.59 750.31 633.08 2032.3 29285 3.484e+05 2.8777e+06 1.6659e+07 6.7767e+07 2.0124e+08 4.7594e+08 9.1835e+08
24.068 4.3179e+07 1.2369e+07 2.5529e+06 3.5186e+05 37921 4197.9 912.39 580.98 560.04 570.9 580.44 587.1 593.74 598.09 605.87 618.26 612.86 614.87 624.36 628.81 634.87 638.38 642.06 645.18 647.21 652.44 654.14 660.2 663.51 667.44 674.76 678.99 683.94 690.27 696.38 701.11 718.02 607.68 162.25 13924 2.4402e+05 2.3086e+06 1.407e+07 5.8203e+07 1.7757e+08 4.3064e+08 8.4458e+08
24.281 3.7734e+07 1.0441e+07 2.1624e+06 2.7933e+05 22023 1614.8 515.72 504.81 532.34 545.18 553.08 559.52 564.81 570.79 573.88 576.24 590.9 594.2 597.69 599.55 601.65 605.95 608.71 612.23 615.54 617.39 622 625.63 629.35 633.93 639.99 643.4 647.89 654.96 662.81 668.67 674.53 748.84 384.3 8175.2 1.8738e+05 1.908e+06 1.1825e+07 4.9711e+07 1.5681e+08 3.887e+08 7.7637e+08
24.494 3.3044e+07 8.7722e+06 1.8057e+06 2.3805e+05 15252 128.31 298.31 480.5 512.78 518.47 523.54 530.13 536.38 541.14 546.8 552.36 549.68 555.71 560.8 566.42 571.24 575.24 577.69 580.96 584.14 585.53 591.03 592.79 597.65 602.63 605.48 610.82 616.4 622.71 628.86 637.97 640.65 734.49 1418.7 10246 1.6228e+05 1.5865e+06 9.8078e+06 4.2365e+07 1.3854e+08 3.4992e+08 7.1346e+08
24.706 2.8917e+07 7.3929e+06 1.4679e+06 2.0492e+05 15565 555.04 414.73 486.6 487.22 489.41 494.74 500.51 507.38 513.92 517.53 520.6 533.14 537.13 536.75 541.03 542.76 545.24 549.09 551.73 553.66 557.11 560.37 563.35 567.75 571.85 574.42 580.76 586.81 591.22 597.13 602.26 610.91 594.86 1456.6 11554 1.3917e+05 1.2815e+06 8.025e+06 3.6182e+07 1.2227e+08 3.1431e+08 6.5534e+08
24.919 2.5203e+07 6.2871e+06 1.1688e+06 1.6519e+05 16134 1527.7 569.37 469.05 456.83 463.5 470.39 476.29 480.64 486.4 494.14 498.86 494.59 500.96 507 510.3 515.57 518.37 521.61 524 525.17 530.2 531.15 536.08 539 542.25 547.15 551.81 556.61 560.62 564.66 570.3 578.02 535.41 636.3 7874.4 1.0426e+05 9.9046e+05 6.5409e+06 3.1033e+07 1.0757e+08 2.8197e+08 6.0139e+08
25.132 2.1836e+07 5.3889e+06 9.3419e+05 1.2109e+05 12716 1565.3 523.7 427.37 432.99 442.67 449.56 454.6 459.57 462.65 466.09 473.18 482.55 481.39 485.8 488.11 489.86 492.62 495.44 498.08 500.24 502.98 505.32 509.46 512.03 515.25 521.11 523.72 527.26 532.72 537.91 543.75 548.96 566.14 210.38 2703.5 67149 7.5004e+05 5.3845e+06 2.6679e+07 9.4221e+07 2.5289e+08 5.5106e+08
25.345 1.8822e+07 4.6158e+06 7.6953e+05 84854 6896.4 724.67 371.9 397.46 416.45 422.61 427.6 432.73 437.19 442.13 445.53 447 447.52 454.49 458.76 461.13 465.21 469.21 470.68 473.48 476.26 477.21 481.58 483.47 486.89 490.79 494.44 497.63 501.44 507.04 513.42 518.01 523.09 559.56 508.99 849.31 43801 5.8671e+05 4.5028e+06 2.2868e+07 8.2201e+07 2.2687e+08 5.0395e+08
25.558 1.6201e+07 3.9109e+06 6.5369e+05 64670 2914.9 78.075 312.9 388.71 398.01 400.57 404.44 409.67 415.06 419.16 422.91 427.66 435.07 435.85 436.74 442.03 443.3 445.19 448.16 450.47 452.63 454.14 458.08 459.53 463.51 467.23 468.89 473.8 478.57 482.92 487.31 493.2 497.94 499.16 800.97 2270.8 37327 4.8746e+05 3.7882e+06 1.9446e+07 7.1576e+07 2.0355e+08 4.5992e+08
25.771 1.3987e+07 3.2635e+06 5.554e+05 57199 2592.4 191.77 363.34 378.12 375.01 379.23 384.33 388.69 393.38 398.8 403.28 404.8 405.69 413.75 415.83 417.42 421.33 424.06 426.55 428.53 429.55 433.44 434.77 438.05 440.97 443.9 446.65 451.39 455.89 458.91 463.09 468.09 474.53 462.51 632.42 3363.2 36612 4.1282e+05 3.1479e+06 1.6389e+07 6.2365e+07 1.8245e+08 4.1899e+08
25.984 1.2137e+07 2.6976e+06 4.5552e+05 52148 3972 614.22 395.1 354.06 354.72 361.92 367.6 372 375.12 378.38 383.51 390 392.86 390.85 395.86 399.83 401.88 403.11 406.17 408.06 409.24 412.57 413.51 417.54 419.54 421.98 426.56 429.38 432.71 436.38 439.67 443.62 449.84 459.45 349.91 2232.3 30483 3.3277e+05 2.5538e+06 1.3754e+07 5.4461e+07 1.6316e+08 3.8127e+08
26.197 1.0565e+07 2.2393e+06 3.5652e+05 42284 4164.4 689.66 349.35 330.2 340.55 346.57 351.15 355.21 359.3 362.1 364.01 366.37 370.33 376.09 379.16 378.43 381.27 385.21 386.14 388.48 390.57 391.99 394.68 397.15 399.41 402.23 406.47 408.37 411.09 415.7 420.42 424.45 426.82 442.24 342.87 456 18873 2.477e+05 2.0361e+06 1.1581e+07 4.7628e+07 1.4545e+08 3.468e+08
26.41 9.1774e+06 1.8888e+06 2.7375e+05 28824 2521.7 386.31 290.81 317.69 327.08 329.82 333.28 337.45 341.37 345.48 348.57 351.45 354.32 354.15 356.84 362.85 364.73 365.93 368.29 370.26 372.43 372.86 376.72 377.69 380.81 383.98 385.88 389.12 392.52 396.76 401.43 406.25 410.1 410.16 482.19 71.199 9582.3 1.7804e+05 1.6339e+06 9.8332e+06 4.1594e+07 1.2926e+08 3.1544e+08
26.623 7.9127e+06 1.6165e+06 2.1798e+05 17984 698.93 143.55 281.4 308.58 309.83 312.67 316.19 320.18 324.34 327.94 331.21 333.26 337.62 344.71 344.44 344.35 346.21 349.35 350.9 352.76 353.97 356.32 358.42 360.14 363.1 365.81 367.23 371.41 375.28 378.11 381.39 385.27 392.04 391.36 482.33 851.64 7380.6 1.3765e+05 1.3483e+06 8.3959e+06 3.6154e+07 1.1465e+08 2.8689e+08
26.836 6.762e+06 1.3822e+06 1.8533e+05 13614 247.5 200.95 297.24 292.79 292.78 297.97 302.5 305.77 308.87 312.66 316.76 320.26 320.06 319.47 323.55 328.98 332.06 332 335.16 336.45 337.16 340.32 340.94 344.16 346.03 348.13 351.03 354.28 357.54 360 362.98 366.7 369.99 379 362.83 1229.5 9096 1.193e+05 1.1378e+06 7.1434e+06 3.1235e+07 1.0166e+08 2.6074e+08
27.049 5.7502e+06 1.1598e+06 1.6155e+05 13745 930.23 363.77 288.73 274.6 280.34 285.73 289.91 293.36 295.94 297.98 300.88 304.84 309.17 312.97 315.68 313.39 314.33 318.13 318.85 320.8 322.06 324.22 325.38 328.25 329.82 331.84 335.8 337.43 339.76 343.1 346.08 349.68 352.63 358.65 312.79 693.18 8889.8 1.0419e+05 9.5178e+05 6.0031e+06 2.6866e+07 9.023e+07 2.3661e+08
27.262 4.9025e+06 9.4955e+05 1.3455e+05 13500 1409.6 372.4 257.32 262.31 270.08 273.13 276.2 279.61 283.16 285.94 287.39 288.99 290.35 290.31 293.38 298.8 302.17 302.59 304.65 306.18 308.13 308.4 311.41 312.66 314.79 317.25 319.85 321.7 324.02 327.83 331.87 334.63 339.11 339.77 353.1 121.13 5354.6 81251 7.6692e+05 4.9777e+06 2.3102e+07 8.0162e+07 2.1422e+08
27.475 4.2155e+06 7.6863e+05 1.0322e+05 10315 1003.1 243.96 237.33 254.26 257.44 259.47 262.24 265.51 268.78 272.24 275.16 277.32 281.89 286.97 287.09 286.59 286.07 289.69 290.36 292.22 293.59 294.64 297.26 298.02 300.7 303.18 304.23 307.35 310.35 313.29 316.59 320.85 323.69 327.34 364.32 191.45 1836.4 55188 5.9613e+05 4.1099e+06 1.9937e+07 7.1188e+07 1.9348e+08
27.688 3.6522e+06 6.3131e+05 75189 5792.5 262.08 165.64 237.05 243.15 243.42 247.03 250.38 253.33 256.23 259.03 261.97 263.87 263.97 265 266.53 271.55 276 275.18 278.14 279.02 279.78 282.09 283.13 285.18 287.15 289.09 290.6 293.9 296.92 298.87 301.36 304.21 308.15 313.13 315.87 532.67 1188.2 37147 4.6442e+05 3.4251e+06 1.728e+07 6.3062e+07 1.744e+08
27.901 3.1628e+06 5.3484e+05 57559 3004.8 5.976 204.38 234.48 229.21 232.32 236.91 240.52 243.11 245.32 247.79 250.89 254.54 257.25 259.74 263.14 261.92 260.76 264.23 264.9 266.57 267.1 269.71 270.01 272.76 274.03 275.65 278.59 280.56 282.87 285.08 287.32 290.13 293.84 297.39 281.71 540.94 2409 30925 3.7968e+05 2.899e+06 1.4987e+07 5.5638e+07 1.5706e+08
28.114 2.7117e+06 4.6135e+05 49910 2935.4 298.61 256.86 218.48 218.1 224.07 227.24 230.16 233.03 235.41 237.04 238.49 240.44 241.9 242.1 243.97 246.82 251.76 251.59 253.57 254.61 256.15 256.86 258.66 260.43 261.81 263.56 266.55 267.67 269.42 272.42 275.27 278.2 280.38 283.98 288.08 272.88 2772.9 29933 3.2482e+05 2.4695e+06 1.2932e+07 4.8893e+07 1.4145e+08
28.327 2.293e+06 3.9213e+05 45524 3844.2 566.87 235.66 201.94 210.92 214.89 216.62 218.85 221.67 224.72 227.47 229.13 230.65 233.99 237.1 239.23 240.33 237.94 241.57 241.66 243.52 244.83 245.23 247.76 248.31 250.37 252.48 253.89 255.84 257.94 260.89 264.07 266.44 269.27 271.38 287.66 155.57 1524.5 25839 2.7459e+05 2.0802e+06 1.1062e+07 4.2876e+07 1.2746e+08
28.54 1.9233e+06 3.2047e+05 38329 3645.2 444.44 178.96 195.8 202.91 203.73 206.18 208.69 211.13 213.58 216.26 218.9 220.35 221.68 223.75 222.81 225.05 230.34 229.58 232.04 232.67 233.71 234.91 236.57 237.56 239.61 241.42 242.19 245 247.54 249.48 251.87 255.21 258.45 260.63 262.88 272.6 238.54 17374 2.177e+05 1.7133e+06 9.3962e+06 3.7621e+07 1.1487e+08
28.753 1.6208e+06 2.5324e+05 27971 2129 146.41 161.29 192.81 192.25 193.87 197.51 200.48 202.71 204.68 206.68 209.16 211.67 212.89 214.6 218.25 220.32 217.91 220.58 221.29 222.77 222.95 225.4 225.61 227.73 229 230.45 232.2 234.53 236.81 238.33 240.18 242.36 245.41 250.34 244.94 354.48 209.51 9744.1 1.6228e+05 1.3884e+06 7.977e+06 3.3088e+07 1.0341e+08
28.966 1.3862e+06 2.0123e+05 18670 704.52 48.759 182.28 183.46 182.54 186.79 189.94 192.59 194.8 196.66 198.32 200.23 202.66 204.33 205.15 206.02 205.14 210.5 210.41 212.27 212.88 213.91 215.23 215.97 218.04 219 220.27 222.96 224.06 225.69 227.77 229.7 231.96 234.13 237.23 242.71 274.58 866.4 7123.7 1.2236e+05 1.1321e+06 6.8159e+06 2.9155e+07 9.2872e+07
29.179 1.2002e+06 1.6791e+05 13988 465.13 183.51 189.69 171.23 176 180.05 181.74 183.79 186.19 188.43 190.12 191.08 192.27 194.22 195.32 198.46 202.21 199.56 202.28 202.3 204.05 205.12 205.47 207.37 208.21 209.59 211.21 213.18 214.23 215.68 218.29 220.87 223.13 225.48 226.06 234.51 183.84 988.16 8027.2 1.016e+05 9.4738e+05 5.8703e+06 2.5666e+07 8.3155e+07
29.392 1.0366e+06 1.4659e+05 13262 1031.2 292.62 166.76 164 170.03 171.49 173.16 175.02 177.23 179.66 182.11 184 185.2 187.55 190.46 189.37 188.07 192.6 192.88 194.54 195.04 196.3 196.65 198.66 199.08 200.91 202.56 203.25 205.26 207.17 209.27 211.65 213.84 216.16 219.19 218.58 200.26 435.07 8076.3 90294 8.0938e+05 5.0643e+06 2.25e+07 7.4256e+07
29.605 8.796e+05 1.2689e+05 12945 1302.5 228.77 144.74 160.49 162.01 162.9 165.66 167.98 169.77 171.44 173.37 175.6 177.13 177.52 178.25 180.24 185.45 183.67 184.9 185.79 187.16 187.34 189.1 189.73 190.98 192.39 193.76 194.6 196.92 199 200.31 202.06 204.54 206.89 210.31 209.92 246.46 22.075 5491.5 76523 6.858e+05 4.3342e+06 1.9612e+07 6.6227e+07
29.818 7.3085e+05 1.0351e+05 10522 842.36 107.54 144.75 154.28 153.75 156.54 159.44 161.82 163.65 165.15 166.49 168.31 170.68 172.34 174.34 175.95 172.56 176.24 177.16 178.6 178.9 179.53 181.21 181.4 183.37 184.19 185.24 187.12 188.59 190.25 191.59 193 194.75 197.53 199.32 205 228.08 171 2412.8 57485 5.6162e+05 3.6605e+06 1.7021e+07 5.909e+07
