NaN -14.212 -13.043 -11.95 -10.927 -9.9699 -9.0746 -8.2371 -7.4537 -6.7207 -6.035 -5.3936 -4.7935 -4.2321 -3.7069 -3.2156 -2.7559 -2.326 -1.9237 -1.5474 -1.1953 -0.86601 -0.55791 -0.26968 -3.9113e-05 0.2143 0.49871 0.80273 1.1277 1.4751 1.8464 2.2433 2.6676 3.1212 3.606 4.1242 4.6782 5.2703 5.9033 6.5799 7.3031 8.0762 8.9027 9.786 10.73 11.74 12.819 13.972
0 7.0544e+11 8.26e+11 9.6782e+11 1.1348e+12 1.3316e+12 1.564e+12 1.8392e+12 2.1662e+12 2.5565e+12 3.0246e+12 3.5896e+12 4.2751e+12 5.1106e+12 6.1286e+12 7.358e+12 8.8026e+12 1.0391e+13 1.1879e+13 1.2723e+13 1.215e+13 9.8109e+12 6.5747e+12 3.8873e+12 2.4085e+12 1.9328e+12 1.8756e+12 2.0749e+12 2.2761e+12 2.3756e+12 2.3625e+12 2.2625e+12 2.1079e+12 1.9262e+12 1.7365e+12 1.5513e+12 1.3775e+12 1.2185e+12 1.0754e+12 9.4782e+11 8.349e+11 7.3531e+11 6.4766e+11 5.7058e+11 5.028e+11 4.4319e+11 3.9072e+11 3.445e+11
0.21299 7.0567e+11 8.2658e+11 9.6898e+11 1.1369e+12 1.3353e+12 1.5703e+12 1.8494e+12 2.1822e+12 2.5812e+12 3.0622e+12 3.6456e+12 4.3576e+12 5.2304e+12 6.3009e+12 7.6043e+12 9.1539e+12 1.0895e+13 1.2608e+13 1.3783e+13 1.3618e+13 1.1581e+13 8.3291e+12 5.37e+12 3.562e+12 2.8445e+12 2.5285e+12 2.5279e+12 2.584e+12 2.5832e+12 2.5034e+12 2.3597e+12 2.1764e+12 1.9753e+12 1.7723e+12 1.5775e+12 1.3968e+12 1.2326e+12 1.0857e+12 9.5529e+11 8.4027e+11 7.3913e+11 6.5034e+11 5.7243e+11 5.0406e+11 4.4402e+11 3.9125e+11 3.4483e+11
0.42597 7.0603e+11 8.2749e+11 9.7088e+11 1.1405e+12 1.3415e+12 1.5806e+12 1.8661e+12 2.2086e+12 2.6218e+12 3.1236e+12 3.737e+12 4.4916e+12 5.4244e+12 6.5789e+12 8e+12 9.717e+12 1.1703e+13 1.3793e+13 1.5555e+13 1.6214e+13 1.4971e+13 1.1972e+13 8.6137e+12 6.1157e+12 4.8307e+12 3.89e+12 3.4236e+12 3.1644e+12 2.9606e+12 2.7526e+12 2.5283e+12 2.2936e+12 2.0586e+12 1.8326e+12 1.6217e+12 1.4292e+12 1.2565e+12 1.1032e+12 9.6801e+11 8.4944e+11 7.4568e+11 6.5495e+11 5.7563e+11 5.0624e+11 4.4547e+11 3.9218e+11 3.454e+11
0.63896 7.064e+11 8.2856e+11 9.7318e+11 1.1448e+12 1.3491e+12 1.5934e+12 1.8868e+12 2.2411e+12 2.6717e+12 3.1986e+12 3.8476e+12 4.6521e+12 5.6538e+12 6.9029e+12 8.4535e+12 1.035e+13 1.2598e+13 1.5099e+13 1.7554e+13 1.9337e+13 1.9495e+13 1.7399e+13 1.3823e+13 1.0337e+13 8.1073e+12 6.0795e+12 4.8075e+12 4.0239e+12 3.4983e+12 3.0966e+12 2.7552e+12 2.4482e+12 2.1673e+12 1.9108e+12 1.6789e+12 1.4714e+12 1.2877e+12 1.1261e+12 9.8481e+11 8.6163e+11 7.5442e+11 6.6114e+11 5.7995e+11 5.0919e+11 4.4743e+11 3.9345e+11 3.4617e+11
0.85195 7.0663e+11 8.2953e+11 9.7543e+11 1.1492e+12 1.357e+12 1.6066e+12 1.9081e+12 2.2743e+12 2.722e+12 3.2729e+12 3.955e+12 4.8037e+12 5.8631e+12 7.185e+12 8.8247e+12 1.0829e+13 1.3211e+13 1.5914e+13 1.8753e+13 2.1337e+13 2.2887e+13 2.2296e+13 1.9288e+13 1.5215e+13 1.2081e+13 8.8244e+12 6.5547e+12 5.0965e+12 4.1551e+12 3.5063e+12 3.0188e+12 2.6242e+12 2.2893e+12 1.998e+12 1.7426e+12 1.5187e+12 1.3228e+12 1.1522e+12 1.0041e+12 8.7578e+11 7.6466e+11 6.6845e+11 5.8507e+11 5.127e+11 4.4978e+11 3.9496e+11 3.471e+11
1.0649 7.0656e+11 8.3009e+11 9.7712e+11 1.1528e+12 1.3636e+12 1.6178e+12 1.926e+12 2.3018e+12 2.7626e+12 3.3305e+12 4.0335e+12 4.906e+12 5.9885e+12 7.3247e+12 8.9544e+12 1.0898e+13 1.3132e+13 1.5564e+13 1.803e+13 2.0328e+13 2.2166e+13 2.2843e+13 2.1456e+13 1.825e+13 1.5121e+13 1.1306e+13 8.2927e+12 6.2134e+12 4.848e+12 3.9356e+12 3.2905e+12 2.8023e+12 2.4108e+12 2.0843e+12 1.8058e+12 1.5658e+12 1.3583e+12 1.179e+12 1.0242e+12 8.9064e+11 7.7555e+11 6.763e+11 5.9063e+11 5.1655e+11 4.5237e+11 3.9663e+11 3.4812e+11
1.2779 7.0601e+11 8.2992e+11 9.7771e+11 1.1547e+12 1.3675e+12 1.6246e+12 1.9367e+12 2.3174e+12 2.7835e+12 3.356e+12 4.0597e+12 4.9232e+12 5.9758e+12 7.241e+12 8.7244e+12 1.0391e+13 1.2141e+13 1.3798e+13 1.5168e+13 1.6209e+13 1.7172e+13 1.8228e+13 1.8686e+13 1.7631e+13 1.5723e+13 1.2583e+13 9.5313e+12 7.1415e+12 5.4666e+12 4.329e+12 3.5391e+12 2.9629e+12 2.5188e+12 2.1602e+12 1.8614e+12 1.6077e+12 1.3904e+12 1.2037e+12 1.0431e+12 9.0494e+11 7.8621e+11 6.8411e+11 5.9622e+11 5.2045e+11 4.5501e+11 3.9835e+11 3.4917e+11
1.4909 7.0478e+11 8.2872e+11 9.7668e+11 1.154e+12 1.3672e+12 1.6247e+12 1.9368e+12 2.3159e+12 2.7772e+12 3.3382e+12 4.0178e+12 4.8338e+12 5.7977e+12 6.9036e+12 8.1113e+12 9.3223e+12 1.0362e+13 1.1006e+13 1.1105e+13 1.0812e+13 1.0726e+13 1.1517e+13 1.3012e+13 1.399e+13 1.3785e+13 1.2237e+13 9.9232e+12 7.6778e+12 5.9074e+12 4.6348e+12 3.7378e+12 3.0907e+12 2.6032e+12 2.2188e+12 1.9043e+12 1.6405e+12 1.4162e+12 1.2241e+12 1.0592e+12 9.1748e+11 7.958e+11 6.9127e+11 6.0145e+11 5.2415e+11 4.5753e+11 3.9999e+11 3.5017e+11
1.7039 7.0272e+11 8.2621e+11 9.7357e+11 1.15e+12 1.3618e+12 1.6166e+12 1.9238e+12 2.2941e+12 2.7396e+12 3.2725e+12 3.9033e+12 4.6361e+12 5.4609e+12 6.3402e+12 7.1909e+12 7.8678e+12 8.1702e+12 7.9149e+12 7.1004e+12 6.0748e+12 5.48e+12 5.9114e+12 7.4665e+12 9.3682e+12 1.0417e+13 1.0547e+13 9.4172e+12 7.7246e+12 6.1046e+12 4.8181e+12 3.8691e+12 3.1764e+12 2.6584e+12 2.2559e+12 1.9312e+12 1.6616e+12 1.4335e+12 1.2385e+12 1.0711e+12 9.2726e+11 8.0357e+11 6.9728e+11 6.0594e+11 5.274e+11 4.5978e+11 4.0146e+11 3.5105e+11
1.9169 6.997e+11 8.2219e+11 9.6809e+11 1.1422e+12 1.3504e+12 1.5995e+12 1.897e+12 2.2514e+12 2.6707e+12 3.1609e+12 3.7227e+12 4.3459e+12 4.9995e+12 5.6193e+12 6.0943e+12 6.2672e+12 5.9733e+12 5.1483e+12 3.9695e+12 2.8704e+12 2.3057e+12 2.5294e+12 3.641e+12 5.4266e+12 6.9189e+12 8.167e+12 8.2124e+12 7.2987e+12 6.0379e+12 4.8634e+12 3.9258e+12 3.2174e+12 2.6835e+12 2.2711e+12 1.9416e+12 1.6701e+12 1.4414e+12 1.2461e+12 1.0782e+12 9.3358e+11 8.0899e+11 7.0171e+11 6.094e+11 5.2997e+11 4.6159e+11 4.0264e+11 3.5175e+11
2.1299 6.9563e+11 8.1653e+11 9.6006e+11 1.1306e+12 1.3331e+12 1.5733e+12 1.8568e+12 2.1892e+12 2.574e+12 3.0106e+12 3.4901e+12 3.9888e+12 4.4589e+12 4.8197e+12 4.9541e+12 4.7293e+12 4.0635e+12 3.0323e+12 1.9276e+12 1.12e+12 7.9594e+11 9.3335e+11 1.5622e+12 2.779e+12 4.0996e+12 5.7374e+12 6.621e+12 6.4962e+12 5.722e+12 4.7687e+12 3.9067e+12 3.215e+12 2.6808e+12 2.2663e+12 1.9366e+12 1.6665e+12 1.4399e+12 1.2465e+12 1.08e+12 9.361e+11 8.1172e+11 7.0429e+11 6.116e+11 5.317e+11 4.6284e+11 4.0347e+11 3.5222e+11
2.3429 6.9046e+11 8.092e+11 9.4948e+11 1.1151e+12 1.3101e+12 1.5388e+12 1.8049e+12 2.1106e+12 2.455e+12 2.8312e+12 3.2215e+12 3.5917e+12 3.8836e+12 4.0125e+12 3.8763e+12 3.3945e+12 2.5818e+12 1.6176e+12 8.0062e+11 3.4343e+11 2.2315e+11 3.1484e+11 6.1542e+11 1.2828e+12 2.1891e+12 3.6772e+12 4.9517e+12 5.4548e+12 5.1965e+12 4.5403e+12 3.8125e+12 3.1709e+12 2.6528e+12 2.2441e+12 1.9183e+12 1.6524e+12 1.43e+12 1.2403e+12 1.0766e+12 9.3479e+11 8.1165e+11 7.0486e+11 6.1241e+11 5.3248e+11 4.6346e+11 4.0387e+11 3.524e+11
2.5558 6.8422e+11 8.0023e+11 9.3647e+11 1.096e+12 1.2821e+12 1.4972e+12 1.7431e+12 2.019e+12 2.3196e+12 2.6323e+12 2.9326e+12 3.1793e+12 3.3116e+12 3.2527e+12 2.9316e+12 2.3298e+12 1.5422e+12 7.8497e+11 2.7814e+11 7.2604e+10 5.2147e+10 1.0712e+11 2.3376e+11 5.4264e+11 1.0589e+12 2.1531e+12 3.438e+12 4.322e+12 4.5197e+12 4.1933e+12 3.6455e+12 3.0858e+12 2.6013e+12 2.2069e+12 1.8891e+12 1.6296e+12 1.4128e+12 1.2281e+12 1.0686e+12 9.2983e+11 8.0884e+11 7.0343e+11 6.1177e+11 5.3225e+11 4.6338e+11 4.038e+11 3.5227e+11
2.7688 6.7693e+11 7.8974e+11 9.2127e+11 1.0739e+12 1.2497e+12 1.4498e+12 1.6739e+12 1.9181e+12 2.1735e+12 2.4227e+12 2.6369e+12 2.7724e+12 2.7722e+12 2.5771e+12 2.1542e+12 1.5416e+12 8.7747e+11 3.5372e+11 8.0709e+10 6.473e+09 1.368e+10 4.1177e+10 8.9701e+10 2.1325e+11 4.6362e+11 1.1478e+12 2.2118e+12 3.2273e+12 3.7601e+12 3.7514e+12 3.411e+12 2.9606e+12 2.5272e+12 2.156e+12 1.8506e+12 1.5995e+12 1.3897e+12 1.211e+12 1.0564e+12 9.2155e+11 8.0345e+11 7.0006e+11 6.0971e+11 5.31e+11 4.6258e+11 4.0323e+11 3.518e+11
2.9818 6.6867e+11 7.7787e+11 9.0413e+11 1.0491e+12 1.2138e+12 1.398e+12 1.5991e+12 1.811e+12 2.0215e+12 2.2101e+12 2.3458e+12 2.3865e+12 2.2847e+12 2.0038e+12 1.5483e+12 9.946e+11 4.8663e+11 1.5674e+11 2.3509e+10 3.0372e+08 7.1512e+09 1.8654e+10 3.6074e+10 7.9095e+10 1.8257e+11 5.5186e+11 1.3118e+12 2.2652e+12 2.9864e+12 3.2452e+12 3.1181e+12 2.797e+12 2.4307e+12 2.0924e+12 1.8039e+12 1.5633e+12 1.3616e+12 1.1896e+12 1.0407e+12 9.1033e+11 7.9572e+11 6.9486e+11 6.0629e+11 5.2874e+11 4.6106e+11 4.0215e+11 3.5098e+11
3.1948 6.5953e+11 7.6477e+11 8.8534e+11 1.0221e+12 1.1752e+12 1.3428e+12 1.5208e+12 1.7006e+12 1.868e+12 2.0007e+12 2.0678e+12 2.0321e+12 1.8592e+12 1.5359e+12 1.0963e+12 6.3426e+11 2.7124e+11 7.5086e+10 1.1615e+10 2.9048e+09 5.2561e+09 9.4874e+09 1.5604e+10 2.8592e+10 6.4095e+10 2.3507e+11 7.1073e+11 1.488e+12 2.2589e+12 2.7092e+12 2.7798e+12 2.5982e+12 2.3124e+12 2.0162e+12 1.7498e+12 1.5221e+12 1.3294e+12 1.1647e+12 1.0219e+12 8.9655e+11 7.8588e+11 6.8799e+11 6.0157e+11 5.2552e+11 4.5884e+11 4.0058e+11 3.4981e+11
3.4078 6.4959e+11 7.5061e+11 8.6516e+11 9.9342e+11 1.1344e+12 1.2853e+12 1.4403e+12 1.5892e+12 1.7163e+12 1.7989e+12 1.8084e+12 1.7147e+12 1.4977e+12 1.165e+12 7.6958e+11 4.043e+11 1.5545e+11 4.0782e+10 8.4904e+09 3.361e+09 3.5615e+09 5.1066e+09 7.3585e+09 1.0781e+10 2.0153e+10 8.6003e+10 3.466e+11 9.0914e+11 1.6219e+12 2.178e+12 2.4127e+12 2.3695e+12 2.1734e+12 1.9277e+12 1.6885e+12 1.4764e+12 1.2939e+12 1.137e+12 1.0006e+12 8.8058e+11 7.7418e+11 6.7961e+11 5.9566e+11 5.2138e+11 4.5594e+11 3.9851e+11 3.4829e+11
3.6208 6.3892e+11 7.3551e+11 8.4381e+11 9.6332e+11 1.0922e+12 1.2264e+12 1.359e+12 1.4786e+12 1.5688e+12 1.6078e+12 1.5706e+12 1.4357e+12 1.1964e+12 8.7652e+11 5.3711e+11 2.5817e+11 9.0922e+10 2.3164e+10 5.4456e+09 2.277e+09 2.1619e+09 2.8302e+09 3.7702e+09 4.652e+09 6.1106e+09 2.5545e+10 1.4856e+11 5.1212e+11 1.1011e+12 1.6821e+12 2.0348e+12 2.1182e+12 2.0156e+12 1.8273e+12 1.6203e+12 1.4265e+12 1.2555e+12 1.107e+12 9.7724e+11 8.6274e+11 7.6086e+11 6.6987e+11 5.8865e+11 5.1639e+11 4.5239e+11 3.9596e+11 3.4642e+11
3.8338 6.2762e+11 7.196e+11 8.2149e+11 9.3213e+11 1.0489e+12 1.1668e+12 1.2779e+12 1.3701e+12 1.4272e+12 1.4291e+12 1.3555e+12 1.1935e+12 9.4825e+11 6.5398e+11 3.7175e+11 1.6336e+11 5.2114e+10 1.203e+10 2.6138e+09 1.1917e+09 1.247e+09 1.6071e+09 2.0649e+09 2.3883e+09 2.2735e+09 5.5103e+09 5.3716e+10 2.6282e+11 7.0339e+11 1.2447e+12 1.6646e+12 1.8534e+12 1.8421e+12 1.7155e+12 1.5453e+12 1.3727e+12 1.2147e+12 1.075e+12 9.5218e+11 8.4335e+11 7.4614e+11 6.5893e+11 5.8065e+11 5.1061e+11 4.4823e+11 3.9295e+11 3.4421e+11
4.0468 6.1573e+11 7.0299e+11 7.9835e+11 9.0008e+11 1.0048e+12 1.1069e+12 1.1976e+12 1.2647e+12 1.2925e+12 1.2634e+12 1.1625e+12 9.8474e+11 7.4481e+11 4.8243e+11 2.5313e+11 1.0028e+11 2.7708e+10 5.0825e+09 8.887e+08 5.7707e+08 7.2252e+08 9.3805e+08 1.1887e+09 1.3851e+09 1.2673e+09 7.4498e+08 1.513e+10 1.2093e+11 4.2053e+11 8.801e+11 1.3183e+12 1.5848e+12 1.6571e+12 1.5936e+12 1.4638e+12 1.3151e+12 1.1715e+12 1.0415e+12 9.2576e+11 8.2269e+11 7.3025e+11 6.4693e+11 5.7175e+11 5.0409e+11 4.4349e+11 3.895e+11 3.4168e+11
4.2597 6.0331e+11 6.8575e+11 7.7453e+11 8.6737e+11 9.6031e+11 1.0471e+12 1.1186e+12 1.1627e+12 1.1649e+12 1.1107e+12 9.9011e+11 8.0548e+11 5.7835e+11 3.5005e+11 1.677e+11 5.8315e+10 1.2976e+10 1.5239e+09 2.1242e+08 3.0905e+08 4.3409e+08 5.655e+08 7.1229e+08 8.4945e+08 8.7044e+08 3.0123e+08 2.7534e+09 4.8899e+10 2.3395e+11 5.9301e+11 1.009e+12 1.3226e+12 1.4654e+12 1.4634e+12 1.3761e+12 1.2538e+12 1.1263e+12 1.0065e+12 8.9823e+11 8.01e+11 7.1338e+11 6.3403e+11 5.6205e+11 4.9691e+11 4.3821e+11 3.8564e+11 3.3884e+11
4.4727 5.904e+11 6.6794e+11 7.5011e+11 8.3414e+11 9.1557e+11 9.8769e+11 1.0413e+12 1.0646e+12 1.0448e+12 9.7035e+11 8.3664e+11 6.5201e+11 4.4256e+11 2.4839e+11 1.07e+11 3.1568e+10 5.1598e+09 2.3746e+08 7.4414e+07 1.951e+08 2.7302e+08 3.5373e+08 4.4309e+08 5.3539e+08 6.0102e+08 4.721e+08 2.4479e+08 1.7123e+10 1.2056e+11 3.7986e+11 7.4516e+11 1.0758e+12 1.2725e+12 1.327e+12 1.2829e+12 1.189e+12 1.079e+12 9.7037e+11 8.698e+11 7.785e+11 6.957e+11 6.2036e+11 5.5166e+11 4.8912e+11 4.3244e+11 3.8139e+11 3.357e+11
4.6857 5.7703e+11 6.4962e+11 7.2517e+11 8.005e+11 8.7073e+11 9.2888e+11 9.6577e+11 9.7046e+11 9.3184e+11 8.4187e+11 7.0055e+11 5.2129e+11 3.3274e+11 1.7164e+11 6.5443e+10 1.5916e+10 1.7938e+09 2.0975e+07 7.9481e+07 1.3501e+08 1.7992e+08 2.3049e+08 2.865e+08 3.4651e+08 4.0269e+08 4.77e+08 3.1068e+08 5.4499e+09 5.7662e+10 2.3104e+11 5.3027e+11 8.5186e+11 1.0839e+12 1.1873e+12 1.1853e+12 1.1209e+12 1.0298e+12 9.3312e+11 8.4064e+11 7.5535e+11 6.774e+11 6.0606e+11 5.4067e+11 4.808e+11 4.2622e+11 3.7677e+11 3.3227e+11
4.8987 5.6322e+11 6.3082e+11 6.9977e+11 7.6653e+11 8.2591e+11 8.708e+11 8.9229e+11 8.8041e+11 8.2612e+11 7.2474e+11 5.8061e+11 4.1102e+11 2.4538e+11 1.1543e+11 3.8597e+10 7.7605e+09 7.137e+08 7.578e+07 7.8878e+07 9.6744e+07 1.2433e+08 1.5683e+08 1.9294e+08 2.3185e+08 2.691e+08 3.6067e+08 5.1967e+08 2.1135e+09 2.6138e+10 1.3369e+11 3.6341e+11 6.5609e+11 9.0489e+11 1.0472e+12 1.0843e+12 1.0498e+12 9.7869e+11 8.9485e+11 8.1086e+11 7.3172e+11 6.586e+11 5.9125e+11 5.2917e+11 4.7201e+11 4.1959e+11 3.7181e+11 3.2857e+11
5.1117 5.4901e+11 6.1159e+11 6.7397e+11 7.3232e+11 7.8123e+11 8.136e+11 8.2097e+11 7.9458e+11 7.276e+11 6.1866e+11 4.7594e+11 3.1944e+11 1.7762e+11 7.5939e+10 2.2413e+10 3.9816e+09 4.503e+08 9.6882e+07 6.1979e+07 7.1694e+07 9.006e+07 1.115e+08 1.3541e+08 1.6108e+08 1.8463e+08 2.4076e+08 4.6945e+08 1.3765e+09 1.1972e+10 7.4231e+10 2.4006e+11 4.9121e+11 7.3976e+11 9.0974e+11 9.8158e+11 9.7636e+11 9.2591e+11 8.5562e+11 7.8056e+11 7.0771e+11 6.3943e+11 5.7603e+11 5.1725e+11 4.6281e+11 4.1259e+11 3.6654e+11 3.2463e+11
5.3247 5.344e+11 5.9195e+11 6.4782e+11 6.9796e+11 7.3681e+11 7.5745e+11 7.5203e+11 7.1317e+11 6.364e+11 5.235e+11 3.8586e+11 2.4493e+11 1.2666e+11 4.9418e+10 1.3219e+10 2.2883e+09 3.2072e+08 6.6576e+07 4.592e+07 5.5473e+07 6.8128e+07 8.2661e+07 9.8846e+07 1.1623e+08 1.3166e+08 1.5964e+08 3.0634e+08 1.0716e+09 6.1554e+09 4.0381e+10 1.5339e+11 3.5757e+11 5.9187e+11 7.7793e+11 8.7865e+11 9.0111e+11 8.7159e+11 8.1548e+11 7.4979e+11 6.8342e+11 6.2e+11 5.6052e+11 5.05e+11 4.5328e+11 4.0527e+11 3.6098e+11 3.2044e+11
5.5377 5.1943e+11 5.7195e+11 6.2139e+11 6.6353e+11 6.9279e+11 7.0253e+11 6.857e+11 6.3647e+11 5.5273e+11 4.3919e+11 3.0966e+11 1.8575e+11 8.9526e+10 3.224e+10 8.0645e+09 1.3798e+09 1.7509e+08 3.4663e+07 3.6493e+07 4.4627e+07 5.3466e+07 6.357e+07 7.4758e+07 8.6831e+07 9.7426e+07 1.1243e+08 1.7028e+08 7.1477e+08 3.709e+09 2.231e+10 9.5592e+10 2.5342e+11 4.6336e+11 6.5439e+11 7.7722e+11 8.2483e+11 8.1597e+11 7.7449e+11 7.186e+11 6.5892e+11 6.004e+11 5.4479e+11 4.9249e+11 4.4346e+11 3.9767e+11 3.5518e+11 3.1605e+11
5.7506 5.0412e+11 5.5162e+11 5.9475e+11 6.2914e+11 6.4933e+11 6.4908e+11 6.223e+11 5.648e+11 4.7681e+11 3.6556e+11 2.4642e+11 1.3983e+11 6.3143e+10 2.1238e+10 4.986e+09 7.5213e+08 5.9518e+07 2.1898e+07 3.1098e+07 3.6884e+07 4.319e+07 5.0356e+07 5.8262e+07 6.6809e+07 7.4332e+07 8.4417e+07 9.7567e+07 3.7208e+08 2.3692e+09 1.3001e+10 5.8941e+10 1.7547e+11 3.5509e+11 5.4127e+11 6.7898e+11 7.4837e+11 7.5937e+11 7.3273e+11 6.87e+11 6.3423e+11 5.8068e+11 5.2893e+11 4.7979e+11 4.3341e+11 3.8984e+11 3.4915e+11 3.1145e+11
5.9636 4.885e+11 5.3104e+11 5.6798e+11 5.9494e+11 6.0664e+11 5.9737e+11 5.6214e+11 4.9847e+11 4.0875e+11 3.0225e+11 1.9489e+11 1.0488e+11 4.459e+10 1.4016e+10 2.9538e+09 3.1813e+08 9.4043e+06 2.0827e+07 2.6997e+07 3.1002e+07 3.5619e+07 4.079e+07 4.6497e+07 5.2639e+07 5.8097e+07 6.5784e+07 6.8167e+07 1.4765e+08 1.389e+09 8.0347e+09 3.6654e+10 1.1946e+11 2.6675e+11 4.402e+11 5.8552e+11 6.7267e+11 7.0216e+11 6.9029e+11 6.5501e+11 6.094e+11 5.609e+11 5.13e+11 4.6697e+11 4.232e+11 3.8182e+11 3.4293e+11 3.0668e+11
6.1766 4.7261e+11 5.1024e+11 5.4118e+11 5.6108e+11 5.6493e+11 5.477e+11 5.0556e+11 4.3773e+11 3.4853e+11 2.4861e+11 1.5352e+11 7.8521e+10 3.1426e+10 9.0549e+09 1.5709e+09 8.4847e+07 6.4563e+06 2.0852e+07 2.3357e+07 2.6328e+07 2.9767e+07 3.3576e+07 3.7758e+07 4.2244e+07 4.6254e+07 5.2134e+07 5.5771e+07 5.1512e+07 6.632e+08 5.0292e+09 2.3353e+10 8.0723e+10 1.9699e+11 3.5216e+11 4.9827e+11 5.9868e+11 6.4476e+11 6.473e+11 6.2266e+11 5.8442e+11 5.411e+11 4.9704e+11 4.5408e+11 4.1287e+11 3.7364e+11 3.3655e+11 3.0176e+11
6.3896 4.565e+11 4.8932e+11 5.1447e+11 5.2772e+11 5.2443e+11 5.0033e+11 4.5281e+11 3.827e+11 2.9589e+11 2.0371e+11 1.2059e+11 5.8603e+10 2.1877e+10 5.5638e+09 7.1262e+08 1.0956e+07 1.575e+07 1.8811e+07 2.0161e+07 2.248e+07 2.5071e+07 2.7932e+07 3.1035e+07 3.4363e+07 3.7328e+07 4.1746e+07 4.677e+07 3.1994e+07 2.2247e+08 2.9558e+09 1.522e+10 5.4725e+10 1.4369e+11 2.7747e+11 4.1842e+11 5.2738e+11 5.8767e+11 6.0392e+11 5.8997e+11 5.593e+11 5.2127e+11 4.8109e+11 4.4117e+11 4.0247e+11 3.6535e+11 3.3003e+11 2.967e+11
6.6026 4.4021e+11 4.6836e+11 4.8798e+11 4.9504e+11 4.8537e+11 4.5552e+11 4.041e+11 3.3336e+11 2.5033e+11 1.6642e+11 9.441e+10 4.3383e+10 1.4834e+10 3.1817e+09 2.7955e+08 1.4419e+07 1.8661e+07 1.5995e+07 1.7402e+07 1.9222e+07 2.1205e+07 2.338e+07 2.5716e+07 2.8214e+07 3.0424e+07 3.3731e+07 3.8179e+07 3.5593e+07 3.5487e+07 1.5019e+09 9.8922e+09 3.7494e+10 1.0418e+11 2.1582e+11 3.4689e+11 4.597e+11 5.3144e+11 5.6037e+11 5.5697e+11 5.3403e+11 5.0142e+11 4.6516e+11 4.2826e+11 3.9203e+11 3.5698e+11 3.2341e+11 2.9153e+11
6.8156 4.2381e+11 4.4743e+11 4.6183e+11 4.6322e+11 4.4796e+11 4.1347e+11 3.5949e+11 2.8948e+11 2.1117e+11 1.3553e+11 7.3484e+10 3.1628e+10 9.6825e+09 1.6985e+09 1.2466e+08 2.788e+07 1.516e+07 1.3624e+07 1.4999e+07 1.6418e+07 1.7965e+07 1.963e+07 2.1414e+07 2.3303e+07 2.4973e+07 2.7457e+07 3.0678e+07 3.5976e+07 2.8212e+06 5.9758e+08 6.1453e+09 2.5897e+10 7.5552e+10 1.663e+11 2.8421e+11 3.9651e+11 4.7666e+11 5.169e+11 5.2374e+11 5.0859e+11 4.8155e+11 4.4927e+11 4.1539e+11 3.8158e+11 3.4857e+11 3.1671e+11 2.8626e+11
7.0286 4.0736e+11 4.2665e+11 4.3616e+11 4.3243e+11 4.1238e+11 3.7429e+11 3.1895e+11 2.5072e+11 1.7764e+11 1.0989e+11 5.6643e+10 2.2551e+10 6.0707e+09 8.9492e+08 9.3463e+07 2.6366e+07 1.0963e+07 1.1776e+07 1.288e+07 1.3995e+07 1.521e+07 1.6502e+07 1.7875e+07 1.9317e+07 2.0592e+07 2.2466e+07 2.475e+07 3.015e+07 2.1732e+07 1.5873e+08 3.4793e+09 1.7761e+10 5.5013e+10 1.2747e+11 2.3056e+11 3.3857e+11 4.2395e+11 4.7382e+11 4.9034e+11 4.83e+11 4.6164e+11 4.3342e+11 4.0256e+11 3.7114e+11 3.4012e+11 3.0995e+11 2.8092e+11
7.2416 3.9093e+11 4.061e+11 4.111e+11 4.028e+11 3.7875e+11 3.3803e+11 2.8232e+11 2.1661e+11 1.4891e+11 8.8508e+10 4.3061e+10 1.5677e+10 3.7097e+09 5.2166e+08 8.2694e+07 1.5515e+07 8.7368e+06 1.0176e+07 1.1008e+07 1.1901e+07 1.2856e+07 1.3869e+07 1.4933e+07 1.6045e+07 1.7022e+07 1.8449e+07 2.0156e+07 2.3085e+07 3.429e+07 2.8313e+07 1.7172e+09 1.1802e+10 4.0133e+10 9.7598e+10 1.8565e+11 2.8644e+11 3.7394e+11 4.3148e+11 4.5693e+11 4.5725e+11 4.4165e+11 4.1759e+11 3.8978e+11 3.6075e+11 3.3168e+11 3.0316e+11 2.7552e+11
7.4545 3.7459e+11 3.8589e+11 3.8675e+11 3.7447e+11 3.4716e+11 3.0465e+11 2.4934e+11 1.8661e+11 1.2424e+11 7.0642e+10 3.2195e+10 1.0661e+10 2.2881e+09 3.5523e+08 5.7629e+07 6.8308e+06 7.8024e+06 8.7141e+06 9.3679e+06 1.0088e+07 1.0842e+07 1.164e+07 1.2471e+07 1.3336e+07 1.4085e+07 1.5185e+07 1.6497e+07 1.7887e+07 2.982e+07 3.2566e+07 7.2251e+08 7.397e+09 2.9061e+10 7.4792e+10 1.4883e+11 2.4045e+11 3.2719e+11 3.9031e+11 4.2366e+11 4.3138e+11 4.2159e+11 4.0176e+11 3.7705e+11 3.5039e+11 3.2325e+11 2.9635e+11 2.7008e+11
7.6675 3.5842e+11 3.661e+11 3.6324e+11 3.4752e+11 3.1763e+11 2.7404e+11 2.1971e+11 1.602e+11 1.0301e+11 5.5753e+10 2.3674e+10 7.1768e+09 1.482e+09 2.5256e+08 2.6848e+07 4.1491e+06 6.9779e+06 7.4093e+06 7.9455e+06 8.5203e+06 9.1231e+06 9.7517e+06 1.0406e+07 1.1079e+07 1.1661e+07 1.2511e+07 1.3519e+07 1.4511e+07 1.9327e+07 5.2329e+07 2.8755e+08 4.2849e+09 2.0583e+10 5.7275e+10 1.191e+11 2.0067e+11 2.8421e+11 3.5072e+11 3.9076e+11 4.0545e+11 4.0143e+11 3.8591e+11 3.6436e+11 3.4009e+11 3.1485e+11 2.8954e+11 2.6461e+11
7.8805 3.4247e+11 3.4682e+11 3.4062e+11 3.2199e+11 2.9011e+11 2.4603e+11 1.9307e+11 1.3692e+11 8.4743e+10 4.347e+10 1.7188e+10 4.8682e+09 1.0124e+09 1.5983e+08 6.3414e+06 4.685e+06 5.964e+06 6.2757e+06 6.7171e+06 7.173e+06 7.6556e+06 8.1533e+06 8.6685e+06 9.1962e+06 9.6519e+06 1.0308e+07 1.1085e+07 1.1988e+07 1.2203e+07 4.6654e+07 1.625e+08 2.2942e+09 1.4039e+10 4.3574e+10 9.5253e+10 1.6683e+11 2.4536e+11 3.1315e+11 3.5849e+11 3.7956e+11 3.8119e+11 3.7003e+11 3.5168e+11 3.2982e+11 3.0648e+11 2.8273e+11 2.5913e+11
8.0935 3.2682e+11 3.2811e+11 3.1897e+11 2.9789e+11 2.6455e+11 2.2041e+11 1.6911e+11 1.1638e+11 6.9108e+10 3.3516e+10 1.2414e+10 3.3743e+09 6.9621e+08 7.9617e+07 2.9463e+05 5.0848e+06 4.9818e+06 5.3026e+06 5.6578e+06 6.0238e+06 6.4067e+06 6.803e+06 7.2085e+06 7.6241e+06 7.9814e+06 8.4902e+06 9.0924e+06 9.8402e+06 9.5142e+06 2.5711e+07 1.4057e+08 1.1942e+09 9.1217e+09 3.2638e+10 7.6056e+10 1.3842e+11 2.1082e+11 2.7799e+11 3.2714e+11 3.5384e+11 3.6088e+11 3.5409e+11 3.3901e+11 3.1959e+11 2.9815e+11 2.7594e+11 2.5364e+11
8.3065 3.1152e+11 3.1003e+11 2.9831e+11 2.7522e+11 2.4082e+11 1.9697e+11 1.4754e+11 9.8291e+10 5.5856e+10 2.563e+10 8.9981e+09 2.3845e+09 4.4992e+08 2.7447e+07 2.2559e+06 4.4322e+06 4.1817e+06 4.4705e+06 4.7505e+06 5.0465e+06 5.3494e+06 5.6638e+06 5.9843e+06 6.3113e+06 6.5906e+06 6.9898e+06 7.4573e+06 8.0181e+06 8.4727e+06 9.2795e+06 1.1433e+08 6.8316e+08 5.6548e+09 2.3839e+10 6.0402e+10 1.1472e+11 1.8056e+11 2.4557e+11 2.9703e+11 3.2846e+11 3.4057e+11 3.3809e+11 3.2632e+11 3.0938e+11 2.8984e+11 2.6917e+11 2.4815e+11
8.5195 2.9661e+11 2.9262e+11 2.7865e+11 2.539e+11 2.188e+11 1.7551e+11 1.2812e+11 8.2447e+10 4.4788e+10 1.9527e+10 6.5812e+09 1.6803e+09 2.5818e+08 6.1958e+06 4.6288e+06 3.4289e+06 3.5365e+06 3.7604e+06 3.9821e+06 4.2176e+06 4.4589e+06 4.7063e+06 4.9603e+06 5.2168e+06 5.4352e+06 5.7498e+06 6.1125e+06 6.5338e+06 7.2643e+06 4.0214e+06 6.7382e+07 4.6618e+08 3.4241e+09 1.6868e+10 4.7441e+10 9.4897e+10 1.5434e+11 2.161e+11 2.6846e+11 3.0361e+11 3.2033e+11 3.2205e+11 3.136e+11 2.9917e+11 2.8156e+11 2.6243e+11 2.4267e+11
8.7325 2.8214e+11 2.7589e+11 2.5998e+11 2.3389e+11 1.9836e+11 1.5585e+11 1.1068e+11 6.8694e+10 3.5703e+10 1.4889e+10 4.8456e+09 1.1448e+09 1.2831e+08 4.4399e+06 4.491e+06 2.714e+06 2.9881e+06 3.1564e+06 3.3353e+06 3.519e+06 3.7107e+06 3.9055e+06 4.1053e+06 4.3067e+06 4.4784e+06 4.7238e+06 5.0068e+06 5.3353e+06 5.8411e+06 4.8908e+06 2.4071e+07 3.3996e+08 2.1254e+09 1.1566e+10 3.6624e+10 7.8168e+10 1.3175e+11 1.8965e+11 2.4168e+11 2.7951e+11 3.0027e+11 3.0598e+11 3.0085e+11 2.8896e+11 2.733e+11 2.557e+11 2.372e+11
8.9455 2.6813e+11 2.5986e+11 2.4226e+11 2.1508e+11 1.7937e+11 1.3785e+11 9.5105e+10 5.6897e+10 2.8371e+10 1.1391e+10 3.553e+09 7.3479e+08 5.8873e+07 7.711e+06 2.921e+06 2.3199e+06 2.5164e+06 2.6478e+06 2.7906e+06 2.9345e+06 3.0847e+06 3.2385e+06 3.3938e+06 3.5522e+06 3.687e+06 3.8769e+06 4.0988e+06 4.3568e+06 4.6349e+06 5.7219e+06 2.7715e+06 2.2151e+08 1.4129e+09 7.7711e+09 2.7666e+10 6.3877e+10 1.1227e+11 1.6614e+11 2.1689e+11 2.5639e+11 2.8052e+11 2.8994e+11 2.8805e+11 2.7873e+11 2.6504e+11 2.4898e+11 2.3173e+11
9.1584 2.5459e+11 2.4451e+11 2.2545e+11 1.9741e+11 1.6172e+11 1.2143e+11 8.1295e+10 4.6912e+10 2.2531e+10 8.7299e+09 2.5552e+09 4.4148e+08 3.281e+07 8.005e+06 1.6785e+06 2.0275e+06 2.119e+06 2.2235e+06 2.3335e+06 2.4476e+06 2.5638e+06 2.684e+06 2.805e+06 2.9283e+06 3.033e+06 3.1807e+06 3.3536e+06 3.5538e+06 3.7555e+06 4.8051e+06 6.6889e+05 1.1295e+08 9.9131e+08 5.2297e+09 2.0439e+10 5.1574e+10 9.5353e+10 1.4534e+11 1.942e+11 2.3443e+11 2.6124e+11 2.74e+11 2.7524e+11 2.6847e+11 2.5677e+11 2.4227e+11 2.2627e+11
9.3714 2.4153e+11 2.2982e+11 2.0949e+11 1.8079e+11 1.4534e+11 1.065e+11 6.917e+10 3.8571e+10 1.7905e+10 6.6653e+09 1.7796e+09 2.5587e+08 2.6667e+07 5.039e+06 1.3016e+06 1.7318e+06 1.7873e+06 1.8701e+06 1.9532e+06 2.0425e+06 2.1327e+06 2.2249e+06 2.3193e+06 2.414e+06 2.4945e+06 2.61e+06 2.7427e+06 2.8971e+06 3.0763e+06 3.3786e+06 4.6081e+06 4.0143e+07 6.8192e+08 3.6081e+09 1.4843e+10 4.101e+10 8.0524e+10 1.2696e+11 1.736e+11 2.1381e+11 2.4256e+11 2.5825e+11 2.6244e+11 2.5819e+11 2.4849e+11 2.3555e+11 2.2082e+11
9.5844 2.2894e+11 2.1577e+11 1.9434e+11 1.6516e+11 1.3017e+11 9.3021e+10 5.864e+10 3.1673e+10 1.4228e+10 5.0295e+09 1.1959e+09 1.5492e+08 2.3101e+07 1.8318e+06 1.3334e+06 1.4553e+06 1.5111e+06 1.5748e+06 1.6394e+06 1.7068e+06 1.7766e+06 1.8469e+06 1.9196e+06 1.992e+06 2.0537e+06 2.1426e+06 2.2439e+06 2.3628e+06 2.5085e+06 2.4902e+06 5.7912e+06 1.0474e+07 4.2468e+08 2.5645e+09 1.0711e+10 3.2085e+10 6.7425e+10 1.1062e+11 1.55e+11 1.9463e+11 2.2466e+11 2.4278e+11 2.4969e+11 2.479e+11 2.4019e+11 2.2883e+11 2.1536e+11
9.7974 2.1681e+11 2.0231e+11 1.7994e+11 1.5047e+11 1.1618e+11 8.0951e+10 4.9588e+10 2.5996e+10 1.127e+10 3.7245e+09 7.8484e+08 1.0609e+08 1.612e+07 4.0054e+05 1.2915e+06 1.232e+06 1.2818e+06 1.3292e+06 1.38e+06 1.4301e+06 1.4831e+06 1.537e+06 1.5914e+06 1.6469e+06 1.694e+06 1.7607e+06 1.8384e+06 1.9291e+06 2.0366e+06 2.0869e+06 3.8036e+06 7.912e+06 2.2797e+08 1.8326e+09 7.7796e+09 2.4751e+10 5.5845e+10 9.5985e+10 1.3821e+11 1.7692e+11 2.0764e+11 2.2771e+11 2.3706e+11 2.376e+11 2.3187e+11 2.221e+11 2.099e+11
10.01 2.0511e+11 1.8942e+11 1.6626e+11 1.3671e+11 1.0335e+11 7.0235e+10 4.187e+10 2.1318e+10 8.8594e+09 2.6991e+09 5.1822e+08 7.9486e+07 7.7994e+06 5.225e+05 1.0917e+06 1.0553e+06 1.0922e+06 1.127e+06 1.165e+06 1.2032e+06 1.2422e+06 1.283e+06 1.3235e+06 1.3654e+06 1.4008e+06 1.4504e+06 1.5094e+06 1.5776e+06 1.6558e+06 1.7821e+06 1.7057e+06 1.1129e+07 1.0778e+08 1.2647e+09 5.7275e+09 1.893e+10 4.5702e+10 8.2785e+10 1.23e+11 1.6065e+11 1.916e+11 2.1313e+11 2.2461e+11 2.2734e+11 2.2354e+11 2.1535e+11 2.0442e+11
10.223 1.9383e+11 1.7706e+11 1.5328e+11 1.2385e+11 9.1661e+10 6.0802e+10 3.5319e+10 1.7437e+10 6.8827e+09 1.9228e+09 3.5649e+08 5.7565e+07 2.0301e+06 1.0005e+06 8.7778e+05 9.0892e+05 9.3432e+05 9.6095e+05 9.8756e+05 1.0166e+06 1.0454e+06 1.0752e+06 1.1055e+06 1.1362e+06 1.1623e+06 1.1995e+06 1.243e+06 1.2934e+06 1.3526e+06 1.4506e+06 1.0244e+06 9.5282e+06 5.5033e+07 8.1566e+08 4.2491e+09 1.446e+10 3.6982e+10 7.0844e+10 1.0915e+11 1.4572e+11 1.766e+11 1.9915e+11 2.1242e+11 2.1715e+11 2.1521e+11 2.0858e+11 1.9893e+11
10.436 1.8294e+11 1.6522e+11 1.4098e+11 1.119e+11 8.109e+10 5.2554e+10 2.976e+10 1.4189e+10 5.2725e+09 1.3635e+09 2.5756e+08 3.6037e+07 1.4036e+05 1.0791e+06 7.4025e+05 7.8418e+05 8.0286e+05 8.2308e+05 8.4235e+05 8.6332e+05 8.8463e+05 9.0582e+05 9.2829e+05 9.5022e+05 9.6906e+05 9.9672e+05 1.0279e+06 1.0649e+06 1.1093e+06 1.1576e+06 1.1427e+06 4.4649e+06 3.9695e+07 4.8961e+08 3.1209e+09 1.1093e+10 2.967e+10 6.0088e+10 9.6433e+10 1.3199e+11 1.6261e+11 1.8585e+11 2.0056e+11 2.0709e+11 2.0689e+11 2.018e+11 1.9343e+11
10.649 1.7243e+11 1.5388e+11 1.2937e+11 1.0085e+11 7.1597e+10 4.5374e+10 2.5023e+10 1.1456e+10 3.988e+09 9.7875e+08 1.8855e+08 1.8079e+07 6.6841e+05 8.043e+05 6.6015e+05 6.806e+05 6.9386e+05 7.0828e+05 7.232e+05 7.3752e+05 7.5293e+05 7.6819e+05 7.8395e+05 7.9973e+05 8.1325e+05 8.3276e+05 8.5503e+05 8.8175e+05 9.1348e+05 9.4301e+05 1.1459e+06 7.8589e+05 3.2872e+07 2.8659e+08 2.2244e+09 8.5498e+09 2.3699e+10 5.0513e+10 8.4724e+10 1.193e+11 1.4961e+11 1.7326e+11 1.891e+11 1.9719e+11 1.9863e+11 1.9502e+11 1.879e+11
10.862 1.6228e+11 1.4305e+11 1.1845e+11 9.0702e+10 6.3122e+10 3.9129e+10 2.0963e+10 9.1614e+09 2.9952e+09 7.1856e+08 1.3209e+08 7.2135e+06 1.4489e+06 5.2769e+05 5.8993e+05 5.937e+05 6.0373e+05 6.1334e+05 6.2449e+05 6.3454e+05 6.4508e+05 6.5611e+05 6.6667e+05 6.7793e+05 6.8746e+05 7.0049e+05 7.1648e+05 7.3496e+05 7.5665e+05 7.8331e+05 8.898e+05 1.249e+05 2.2201e+07 1.801e+08 1.5223e+09 6.5766e+09 1.8923e+10 4.2141e+10 7.3947e+10 1.075e+11 1.375e+11 1.6139e+11 1.781e+11 1.8751e+11 1.9044e+11 1.8825e+11 1.8237e+11
11.075 1.5248e+11 1.3272e+11 1.0822e+11 8.1432e+10 5.5586e+10 3.3685e+10 1.7467e+10 7.2571e+09 2.2526e+09 5.3591e+08 8.4487e+07 3.3396e+06 1.4171e+06 4.2652e+05 5.1692e+05 5.2055e+05 5.2819e+05 5.352e+05 5.4228e+05 5.4979e+05 5.5682e+05 5.6435e+05 5.7153e+05 5.7911e+05 5.8548e+05 5.9425e+05 6.0514e+05 6.1739e+05 6.32e+05 6.5208e+05 6.4558e+05 8.1318e+05 1.013e+07 1.2729e+08 1.0093e+09 4.9946e+09 1.5131e+10 3.497e+10 6.4096e+10 9.6481e+10 1.2618e+11 1.5024e+11 1.676e+11 1.7812e+11 1.8237e+11 1.8151e+11 1.7682e+11
11.288 1.4305e+11 1.229e+11 9.8702e+10 7.301e+10 4.8895e+10 2.8921e+10 1.4456e+10 5.7084e+09 1.7091e+09 3.9667e+08 4.8699e+07 3.316e+06 8.0278e+05 4.3172e+05 4.5204e+05 4.583e+05 4.6429e+05 4.6986e+05 4.7421e+05 4.7956e+05 4.8439e+05 4.8906e+05 4.941e+05 4.9877e+05 5.0278e+05 5.0885e+05 5.1549e+05 5.2349e+05 5.3323e+05 5.4497e+05 5.3117e+05 1.071e+06 2.6082e+06 9.2243e+07 6.6928e+08 3.711e+09 1.2095e+10 2.8942e+10 5.52e+10 8.6169e+10 1.1554e+11 1.3975e+11 1.5762e+11 1.6904e+11 1.7445e+11 1.7482e+11 1.7128e+11
11.501 1.3398e+11 1.1361e+11 8.9883e+10 6.5387e+10 4.2948e+10 2.4734e+10 1.1879e+10 4.4784e+09 1.3099e+09 2.8343e+08 2.6844e+07 3.7113e+06 2.8696e+05 4.2357e+05 4.0064e+05 4.0654e+05 4.1024e+05 4.1435e+05 4.1776e+05 4.21e+05 4.244e+05 4.2729e+05 4.3053e+05 4.3337e+05 4.3577e+05 4.3962e+05 4.4339e+05 4.4841e+05 4.5436e+05 4.6066e+05 4.7339e+05 6.9726e+05 8.7904e+05 5.9839e+07 4.6081e+08 2.693e+09 9.6175e+09 2.3935e+10 4.7292e+10 7.6552e+10 1.055e+11 1.2985e+11 1.4816e+11 1.6031e+11 1.6672e+11 1.682e+11 1.6576e+11
11.714 1.2529e+11 1.0487e+11 8.1751e+10 5.8499e+10 3.7647e+10 2.1051e+10 9.7014e+09 3.521e+09 1.0062e+09 1.9221e+08 1.6801e+07 2.9557e+06 1.6764e+05 3.7269e+05 3.5868e+05 3.6202e+05 3.647e+05 3.6719e+05 3.7026e+05 3.7214e+05 3.743e+05 3.7629e+05 3.7801e+05 3.798e+05 3.8129e+05 3.8312e+05 3.8539e+05 3.8806e+05 3.911e+05 3.9455e+05 4.0893e+05 3.2486e+05 1.7124e+06 3.2047e+07 3.3077e+08 1.926e+09 7.5609e+09 1.9784e+10 4.0374e+10 6.7653e+10 9.5989e+10 1.2048e+11 1.3919e+11 1.5195e+11 1.5922e+11 1.6169e+11 1.6026e+11
11.927 1.1699e+11 9.6663e+10 7.4279e+10 5.2274e+10 3.2907e+10 1.782e+10 7.8924e+09 2.7818e+09 7.6406e+08 1.2459e+08 1.3281e+07 1.4679e+06 2.85e+05 3.135e+05 3.2065e+05 3.2343e+05 3.2578e+05 3.2751e+05 3.2952e+05 3.3105e+05 3.3229e+05 3.3366e+05 3.3448e+05 3.3554e+05 3.3634e+05 3.3695e+05 3.3826e+05 3.3919e+05 3.4037e+05 3.4243e+05 3.4429e+05 2.5789e+05 1.9441e+06 1.4734e+07 2.3666e+08 1.3817e+09 5.8542e+09 1.6312e+10 3.4399e+10 5.9511e+10 8.6988e+10 1.1156e+11 1.3066e+11 1.4398e+11 1.5197e+11 1.5532e+11 1.5482e+11
12.14 1.091e+11 8.9004e+10 6.7426e+10 4.6637e+10 2.8661e+10 1.5009e+10 6.4147e+09 2.2052e+09 5.6604e+08 8.0641e+07 1.1184e+07 3.1473e+05 3.6518e+05 2.7709e+05 2.875e+05 2.8941e+05 2.919e+05 2.9366e+05 2.9465e+05 2.9606e+05 2.9684e+05 2.9756e+05 2.9814e+05 2.9855e+05 2.9882e+05 2.9911e+05 2.9941e+05 2.9947e+05 2.9967e+05 3.0003e+05 2.9715e+05 3.1626e+05 1.0708e+06 8.1405e+06 1.5924e+08 1.0088e+09 4.4689e+09 1.337e+10 2.9273e+10 5.2157e+10 7.8504e+10 1.0303e+11 1.2254e+11 1.3636e+11 1.4498e+11 1.491e+11 1.4945e+11
12.353 1.0162e+11 8.1876e+10 6.1143e+10 4.1521e+10 2.4862e+10 1.259e+10 5.2214e+09 1.7437e+09 4.0709e+08 5.5745e+07 8.1168e+06 2455.3 3.1893e+05 2.5469e+05 2.584e+05 2.606e+05 2.6231e+05 2.6405e+05 2.6483e+05 2.6584e+05 2.6657e+05 2.6688e+05 2.6735e+05 2.674e+05 2.6734e+05 2.6757e+05 2.6712e+05 2.6691e+05 2.6647e+05 2.6558e+05 2.6462e+05 3.0474e+05 2.1001e+05 6.9497e+06 9.8045e+07 7.4721e+08 3.3853e+09 1.0859e+10 2.4871e+10 4.5595e+10 7.0568e+10 9.4881e+10 1.1476e+11 1.2909e+11 1.3828e+11 1.4306e+11 1.4417e+11
12.566 9.4563e+10 7.5254e+10 5.5376e+10 3.6868e+10 2.1477e+10 1.0537e+10 4.2589e+09 1.3644e+09 2.8692e+08 4.2142e+07 4.4629e+06 2.3108e+05 2.2762e+05 2.3464e+05 2.3386e+05 2.3536e+05 2.3661e+05 2.3787e+05 2.3914e+05 2.3967e+05 2.4033e+05 2.4062e+05 2.4086e+05 2.4088e+05 2.4082e+05 2.407e+05 2.4019e+05 2.3976e+05 2.3889e+05 2.3754e+05 2.3733e+05 2.385e+05 42243 5.8624e+06 5.754e+07 5.4879e+08 2.5686e+09 8.7265e+09 2.1063e+10 3.979e+10 6.3219e+10 8.7093e+10 1.0728e+11 1.2212e+11 1.3184e+11 1.3722e+11 1.3901e+11
12.779 8.792e+10 6.9107e+10 5.0074e+10 3.2635e+10 1.8486e+10 8.8152e+09 3.4745e+09 1.0499e+09 2.0316e+08 3.2657e+07 1.6836e+06 4.4939e+05 1.7844e+05 2.097e+05 2.108e+05 2.13e+05 2.1421e+05 2.1508e+05 2.1634e+05 2.1689e+05 2.174e+05 2.1786e+05 2.179e+05 2.1802e+05 2.1806e+05 2.1763e+05 2.1742e+05 2.167e+05 2.1572e+05 2.1458e+05 2.13e+05 1.9727e+05 2.5532e+05 3.4236e+06 3.6402e+07 3.892e+08 1.9638e+09 6.9485e+09 1.7743e+10 3.4674e+10 5.6484e+10 7.9688e+10 1.0008e+11 1.1543e+11 1.2567e+11 1.3158e+11 1.3397e+11
12.992 8.1681e+10 6.34e+10 4.5188e+10 2.8793e+10 1.5869e+10 7.3793e+09 2.8237e+09 7.9402e+08 1.4864e+08 2.3559e+07 5.496e+05 4.0488e+05 1.7668e+05 1.891e+05 1.9127e+05 1.9257e+05 1.9418e+05 1.9523e+05 1.9605e+05 1.9689e+05 1.9731e+05 1.9776e+05 1.9791e+05 1.9805e+05 1.9808e+05 1.9778e+05 1.9764e+05 1.9693e+05 1.9614e+05 1.9521e+05 1.9316e+05 1.8819e+05 3.4059e+05 1.0982e+06 2.6731e+07 2.64e+08 1.5077e+09 5.5057e+09 1.4839e+10 3.0154e+10 5.0366e+10 7.2696e+10 9.3132e+10 1.0897e+11 1.1974e+11 1.2615e+11 1.2907e+11
13.205 7.5828e+10 5.8092e+10 4.0683e+10 2.5323e+10 1.3602e+10 6.1803e+09 2.2755e+09 5.9443e+08 1.1304e+08 1.4797e+07 6.2715e+05 2.1574e+05 1.7836e+05 1.7086e+05 1.7319e+05 1.7481e+05 1.7625e+05 1.7754e+05 1.7809e+05 1.7901e+05 1.7957e+05 1.7992e+05 1.8029e+05 1.8041e+05 1.8039e+05 1.805e+05 1.8019e+05 1.7982e+05 1.7922e+05 1.782e+05 1.7677e+05 1.795e+05 2.2579e+05 2.0272e+05 2.015e+07 1.7522e+08 1.1485e+09 4.3633e+09 1.2315e+10 2.6139e+10 4.4842e+10 6.6149e+10 8.6449e+10 1.0271e+11 1.1402e+11 1.2092e+11 1.2432e+11
13.418 7.0337e+10 5.3148e+10 3.6532e+10 2.2213e+10 1.1654e+10 5.17e+09 1.8131e+09 4.4655e+08 8.6808e+07 8.0187e+06 9.404e+05 91047 1.6345e+05 1.5703e+05 1.5826e+05 1.5916e+05 1.6021e+05 1.6142e+05 1.6232e+05 1.6301e+05 1.637e+05 1.6408e+05 1.6453e+05 1.6472e+05 1.6478e+05 1.6504e+05 1.6479e+05 1.6473e+05 1.6427e+05 1.6336e+05 1.6242e+05 1.6263e+05 1.1913e+05 4.1983e+05 1.3077e+07 1.1975e+08 8.566e+08 3.4677e+09 1.0155e+10 2.2555e+10 3.9862e+10 6.007e+10 8.0047e+10 9.6647e+10 1.0849e+11 1.1588e+11 1.1974e+11
13.631 6.5181e+10 4.8536e+10 3.2719e+10 1.9449e+10 9.986e+09 4.3083e+09 1.4292e+09 3.4098e+08 6.4321e+07 4.2957e+06 8.6996e+05 92103 1.3974e+05 1.4192e+05 1.434e+05 1.4515e+05 1.4611e+05 1.4694e+05 1.481e+05 1.4869e+05 1.4938e+05 1.4994e+05 1.5032e+05 1.5067e+05 1.5092e+05 1.5104e+05 1.5116e+05 1.5114e+05 1.5086e+05 1.5037e+05 1.4983e+05 1.4711e+05 1.1844e+05 6.7291e+05 6.6487e+06 8.6968e+07 6.2297e+08 2.7572e+09 8.3435e+09 1.9353e+10 3.5363e+10 5.4462e+10 7.3953e+10 9.0764e+10 1.0312e+11 1.1101e+11 1.153e+11
13.844 6.0333e+10 4.4235e+10 2.9233e+10 1.701e+10 8.5533e+09 3.567e+09 1.1198e+09 2.6513e+08 4.4478e+07 3.1151e+06 4.6553e+05 1.3931e+05 1.2457e+05 1.2988e+05 1.3113e+05 1.3217e+05 1.3331e+05 1.3416e+05 1.3514e+05 1.3589e+05 1.365e+05 1.3715e+05 1.3754e+05 1.3798e+05 1.3833e+05 1.3843e+05 1.3884e+05 1.3882e+05 1.3882e+05 1.3878e+05 1.3816e+05 1.3661e+05 1.4974e+05 4.7902e+05 2.9413e+06 6.4587e+07 4.4682e+08 2.1788e+09 6.85e+09 1.651e+10 3.1281e+10 4.9311e+10 6.819e+10 8.5069e+10 9.7892e+10 1.063e+11 1.1102e+11
14.057 5.5767e+10 4.0228e+10 2.6068e+10 1.4869e+10 7.3142e+09 2.9301e+09 8.7886e+08 2.0699e+08 2.873e+07 2.9717e+06 1.0165e+05 1.491e+05 1.1591e+05 1.1795e+05 1.1915e+05 1.2048e+05 1.2176e+05 1.2276e+05 1.2337e+05 1.2428e+05 1.249e+05 1.255e+05 1.2602e+05 1.2646e+05 1.2676e+05 1.2714e+05 1.275e+05 1.277e+05 1.2792e+05 1.28e+05 1.2761e+05 1.2773e+05 1.4328e+05 1.3815e+05 2.0041e+06 4.5301e+07 3.2366e+08 1.6986e+09 5.6276e+09 1.4018e+10 2.7564e+10 4.4582e+10 6.2778e+10 7.958e+10 9.2799e+10 1.0172e+11 1.0687e+11
14.27 5.1465e+10 3.6508e+10 2.3212e+10 1.2994e+10 6.2336e+09 2.3897e+09 6.9538e+08 1.5865e+08 1.8363e+07 2.6005e+06 4958.7 1.1816e+05 1.0866e+05 1.086e+05 1.0968e+05 1.103e+05 1.1118e+05 1.1227e+05 1.1294e+05 1.1373e+05 1.1442e+05 1.1494e+05 1.1556e+05 1.1598e+05 1.1626e+05 1.1686e+05 1.1711e+05 1.1758e+05 1.1789e+05 1.18e+05 1.1815e+05 1.1831e+05 1.1563e+05 21473 2.1001e+06 2.848e+07 2.4087e+08 1.3033e+09 4.6197e+09 1.1865e+10 2.4181e+10 4.023e+10 5.7721e+10 7.4317e+10 8.7836e+10 9.7248e+10 1.0286e+11
14.483 4.7413e+10 3.3071e+10 2.0652e+10 1.1347e+10 5.2863e+09 1.941e+09 5.5515e+08 1.173e+08 1.2904e+07 1.7001e+06 97053 86982 98430 98766 99839 1.0107e+05 1.0188e+05 1.0263e+05 1.0354e+05 1.0414e+05 1.0484e+05 1.0542e+05 1.0597e+05 1.0644e+05 1.068e+05 1.0732e+05 1.077e+05 1.0825e+05 1.0861e+05 1.0889e+05 1.0932e+05 1.0923e+05 1.0228e+05 1.0694e+05 1.7415e+06 1.6541e+07 1.8217e+08 9.8927e+08 3.7748e+09 1.0032e+10 2.1118e+10 3.6212e+10 5.3008e+10 6.9299e+10 8.3011e+10 9.2883e+10 9.895e+10
14.696 4.3604e+10 2.9912e+10 1.8364e+10 9.8925e+09 4.4576e+09 1.577e+09 4.4404e+08 8.3612e+07 1.0329e+07 7.2658e+05 1.7908e+05 78877 89237 90706 91844 92686 93370 94041 94945 95527 96137 96765 97231 97747 98186 98539 99152 99590 1.0007e+05 1.006e+05 1.0105e+05 1.0124e+05 1.0146e+05 1.7074e+05 8.5404e+05 1.0415e+07 1.351e+08 7.519e+08 3.0568e+09 8.479e+09 1.8373e+10 3.2493e+10 4.8617e+10 6.4541e+10 7.8336e+10 8.8615e+10 9.5142e+10
14.909 4.0033e+10 2.7025e+10 1.6321e+10 8.5998e+09 3.7398e+09 1.2863e+09 3.5169e+08 5.8882e+07 8.4649e+06 1.8538e+05 1.5694e+05 82358 81881 83106 83748 84720 85754 86407 86999 87704 88246 88842 89308 89809 90211 90605 91229 91645 92231 92857 93188 93808 96955 1.3069e+05 1.6891e+05 8.1087e+06 9.5145e+07 5.7832e+08 2.4482e+09 7.1589e+09 1.5944e+10 2.9052e+10 4.4517e+10 6.0047e+10 7.3826e+10 8.4442e+10 9.1418e+10
15.122 3.6702e+10 2.4399e+10 1.4493e+10 7.4476e+09 3.1278e+09 1.054e+09 2.7309e+08 4.2779e+07 6.2238e+06 1.4702e+05 81977 79985 75799 76576 77446 77965 78599 79452 79904 80581 81120 81590 82127 82551 82872 83430 83872 84426 85007 85551 86076 86661 87620 71611 63226 6.6472e+06 6.3663e+07 4.4962e+08 1.9437e+09 6.024e+09 1.3816e+10 2.5883e+10 4.0677e+10 5.581e+10 6.9497e+10 8.0369e+10 8.777e+10
15.335 3.3607e+10 2.2015e+10 1.285e+10 6.4226e+09 2.6146e+09 8.645e+08 2.0752e+08 3.2945e+07 3.8029e+06 3.0524e+05 39020 70261 69724 70354 70946 71647 72357 72950 73533 74050 74605 75044 75542 75944 76236 76804 77166 77791 78311 78814 79565 80182 79800 62810 2.4505e+05 4.5466e+06 4.2586e+07 3.4796e+08 1.5392e+09 5.0379e+09 1.1964e+10 2.2988e+10 3.7073e+10 5.1815e+10 6.5359e+10 7.6406e+10 8.4193e+10
15.548 3.0746e+10 1.9853e+10 1.1367e+10 5.5177e+09 2.1895e+09 7.0522e+08 1.5593e+08 2.622e+07 1.9515e+06 3.4963e+05 47089 61142 63767 64513 65498 66232 66553 67082 67771 68169 68655 69114 69514 69919 70265 70653 71128 71644 72144 72717 73427 74062 74419 80193 2.9627e+05 2.2948e+06 3.0654e+07 2.6295e+08 1.224e+09 4.1802e+09 1.035e+10 2.0369e+10 3.3691e+10 4.8041e+10 6.1416e+10 7.2564e+10 8.0688e+10
15.761 2.811e+10 1.7888e+10 1.0025e+10 4.7282e+09 1.8377e+09 5.6875e+08 1.1815e+08 2.0283e+07 1.0866e+06 2.2165e+05 67846 57014 58993 59721 60101 60686 61483 61849 62371 62832 63241 63705 64037 64435 64774 65060 65605 65982 66512 67138 67652 68239 69338 80490 1.5678e+05 9.3911e+05 2.3783e+07 1.9247e+08 9.7966e+08 3.4434e+09 8.9319e+09 1.8023e+10 3.0529e+10 4.4465e+10 5.7664e+10 6.8855e+10 7.7257e+10
15.974 2.5687e+10 1.6096e+10 8.8131e+09 4.0481e+09 1.5431e+09 4.5253e+08 9.1837e+07 1.4487e+07 9.6801e+05 62489 67970 54408 54460 54957 55613 56171 56562 57180 57495 57988 58354 58721 59088 59420 59690 60048 60472 60861 61373 61913 62361 63068 63917 64783 28599 6.8038e+05 1.8092e+07 1.3839e+08 7.8472e+08 2.8247e+09 7.6758e+09 1.5933e+10 2.7591e+10 4.107e+10 5.4093e+10 6.5287e+10 7.3907e+10
16.187 2.3458e+10 1.4456e+10 7.7249e+09 3.4678e+09 1.2918e+09 3.5666e+08 7.3051e+07 9.4624e+06 1.0205e+06 2236 51562 50522 50442 51077 51419 51682 52331 52761 53095 53515 53899 54203 54570 54856 55056 55490 55759 56219 56645 57073 57647 58251 58767 54989 26962 8.3226e+05 1.2264e+07 1.0104e+08 6.2245e+08 2.3176e+09 6.559e+09 1.4072e+10 2.4884e+10 3.7847e+10 5.0688e+10 6.1864e+10 7.0647e+10
16.4 2.1406e+10 1.2952e+10 6.7565e+09 2.9738e+09 1.0741e+09 2.811e+08 5.805e+07 6.0173e+06 8.5196e+05 37370 39213 45807 46322 46763 47475 48166 48273 48722 49180 49461 49816 50111 50422 50692 50908 51248 51522 51947 52306 52703 53301 53789 54301 54475 78487 7.3473e+05 7.2593e+06 7.6793e+07 4.8481e+08 1.9072e+09 5.5718e+09 1.2408e+10 2.241e+10 3.4793e+10 4.7432e+10 5.8582e+10 6.7485e+10
16.613 1.951e+10 1.1576e+10 5.9032e+09 2.5506e+09 8.8522e+08 2.2381e+08 4.472e+07 4.2712e+06 4.7979e+05 81147 38358 42100 43030 43632 43992 44249 44855 45043 45486 45770 46071 46399 46625 46903 47144 47345 47710 47999 48351 48781 49223 49689 50265 52842 85452 3.5837e+05 4.2673e+06 5.9759e+07 3.7103e+08 1.5726e+09 4.7119e+09 1.091e+10 2.0163e+10 3.1914e+10 4.4313e+10 5.5437e+10 6.4428e+10
16.826 1.7756e+10 1.0322e+10 5.1572e+09 2.1838e+09 7.2413e+08 1.8062e+08 3.2873e+07 3.5755e+06 1.5405e+05 77229 40953 39496 39943 40183 40574 41198 41411 41848 42104 42434 42683 42962 43192 43436 43646 43836 44181 44408 44767 45165 45455 45903 46449 47395 51450 61407 3.1855e+06 4.532e+07 2.8249e+08 1.2928e+09 3.9769e+09 9.5541e+09 1.8127e+10 2.9219e+10 4.1322e+10 5.2416e+10 6.1478e+10
17.039 1.6128e+10 9.1864e+09 4.5072e+09 1.8618e+09 5.906e+08 1.4659e+08 2.3353e+07 3.0749e+06 43589 41950 38867 36765 37071 37616 37937 37927 38506 38797 39000 39334 39590 39814 40063 40266 40413 40688 40903 41179 41486 41793 42113 42573 43011 42754 30625 32398 2.836e+06 3.2197e+07 2.1775e+08 1.053e+09 3.3583e+09 8.3282e+09 1.6277e+10 2.6713e+10 3.8457e+10 4.9508e+10 5.8636e+10
17.252 1.4621e+10 8.1668e+09 3.9392e+09 1.5782e+09 4.8312e+08 1.1784e+08 1.6793e+07 2.3168e+06 99866 18744 33530 33968 34303 34573 34945 35572 35606 36007 36275 36503 36759 36947 37188 37366 37493 37772 37920 38230 38470 38716 39111 39444 39865 40112 37015 1.282e+05 2.2194e+06 2.1584e+07 1.7118e+08 8.4706e+08 2.8397e+09 7.2289e+09 1.4589e+10 2.4398e+10 3.5723e+10 4.6702e+10 5.5896e+10
17.465 1.323e+10 7.2573e+09 3.4389e+09 1.3301e+09 3.979e+08 9.2594e+07 1.2873e+07 1.4096e+06 1.6274e+05 22297 29742 31377 31806 32295 32747 32807 33246 33353 33712 33898 34128 34353 34525 34715 34872 35045 35254 35490 35708 35967 36311 36573 36864 37559 44616 1.4696e+05 1.2753e+06 1.4682e+07 1.3543e+08 6.7468e+08 2.4004e+09 6.2565e+09 1.3039e+10 2.2267e+10 3.3127e+10 4.399e+10 5.3252e+10
17.678 1.1951e+10 6.4488e+09 2.9944e+09 1.1169e+09 3.2951e+08 7.0972e+07 1.0488e+07 7.1215e+05 1.3829e+05 34111 28564 29371 29767 29936 30082 30684 30806 31112 31342 31552 31738 31950 32102 32282 32445 32553 32813 32962 33197 33470 33676 33958 34239 34699 38791 71107 5.3039e+05 1.1052e+07 1.0512e+08 5.3653e+08 2.0213e+09 5.4089e+09 1.1614e+10 2.0305e+10 3.0678e+10 4.1369e+10 5.0693e+10
17.891 1.0785e+10 5.7298e+09 2.5972e+09 9.3755e+08 2.7257e+08 5.3811e+07 8.5018e+06 4.2326e+05 58947 35143 27655 27428 27659 28017 28389 28311 28768 28953 29112 29367 29542 29724 29889 30046 30169 30324 30521 30675 30904 31133 31298 31590 31951 32124 30026 10049 3.0038e+05 8.9579e+06 7.8676e+07 4.2982e+08 1.6897e+09 4.677e+09 1.0307e+10 1.8493e+10 2.8382e+10 3.8843e+10 4.8211e+10
18.104 9.7261e+09 5.0873e+09 2.2431e+09 7.8912e+08 2.2329e+08 4.1399e+07 6.388e+06 4.2788e+05 5363.7 26299 25503 25429 25770 26029 26134 26608 26678 27023 27158 27358 27543 27675 27860 27987 28074 28287 28392 28605 28783 28956 29190 29448 29692 29912 28182 17095 3.807e+05 6.8919e+06 5.7248e+07 3.476e+08 1.4004e+09 4.0451e+09 9.1189e+09 1.6811e+10 2.6238e+10 3.6416e+10 4.5798e+10
18.317 8.7691e+09 4.5094e+09 1.9304e+09 6.6658e+08 1.8023e+08 3.2913e+07 4.3246e+06 4.6296e+05 8997.1 19393 23185 23662 23903 24198 24678 24711 24983 25074 25343 25485 25665 25818 25964 26097 26193 26362 26474 26677 26825 26987 27254 27421 27612 27918 29254 45613 3.9744e+05 4.5868e+06 4.1995e+07 2.8143e+08 1.1536e+09 3.4945e+09 8.0516e+09 1.5244e+10 2.4239e+10 3.4098e+10 4.3452e+10
18.53 7.9046e+09 3.9867e+09 1.6585e+09 5.6384e+08 1.4362e+08 2.6794e+07 2.7661e+06 3.701e+05 36468 19409 21618 22121 22421 22656 22693 23136 23255 23465 23666 23798 23947 24105 24219 24352 24476 24563 24741 24872 25029 25216 25404 25573 25764 26020 27369 45003 2.3631e+05 2.684e+06 3.2226e+07 2.2505e+08 9.4923e+08 3.0083e+09 7.103e+09 1.3785e+10 2.2374e+10 3.1894e+10 4.1171e+10
18.743 7.1218e+09 3.5136e+09 1.4254e+09 4.7544e+08 1.1411e+08 2.16e+07 1.9332e+06 1.8933e+05 45043 21521 20543 20784 20976 21125 21464 21490 21770 21889 22048 22228 22356 22510 22619 22747 22854 22937 23118 23212 23385 23570 23678 23880 24086 24263 24063 24114 58366 1.7006e+06 2.5655e+07 1.7622e+08 7.8405e+08 2.5753e+09 6.2653e+09 1.243e+10 2.0628e+10 2.9811e+10 3.896e+10
18.956 6.4096e+09 3.0873e+09 1.2272e+09 3.9783e+08 9.1594e+07 1.6688e+07 1.6325e+06 52754 28871 20694 19270 19333 19563 19851 19877 20118 20286 20550 20611 20783 20915 21019 21156 21255 21330 21472 21578 21714 21864 22007 22142 22348 22572 22732 22419 14811 12750 1.4434e+06 2.0061e+07 1.3572e+08 6.5061e+08 2.1914e+09 5.5248e+09 1.1182e+10 1.8986e+10 2.7846e+10 3.6825e+10
19.169 5.7585e+09 2.7069e+09 1.0582e+09 3.2977e+08 7.4756e+07 1.225e+07 1.4649e+06 27525 11249 17582 17797 18024 18259 18407 18760 18889 18996 19109 19293 19419 19556 19663 19787 19884 19943 20098 20164 20330 20445 20564 20757 20907 21057 21264 21637 21039 63004 1.3135e+06 1.4661e+07 1.0469e+08 5.3983e+08 1.8566e+09 4.8652e+09 1.0044e+10 1.7439e+10 2.5995e+10 3.4772e+10
19.382 5.1619e+09 2.3714e+09 9.1202e+08 2.7147e+08 6.1599e+07 8.8013e+06 1.1618e+06 68204 9044.1 15483 16627 16909 17072 17322 17420 17622 17800 17933 18091 18181 18304 18415 18512 18609 18694 18788 18894 19024 19133 19261 19444 19555 19677 19843 20242 25298 88590 9.5531e+05 1.0024e+07 8.2404e+07 4.4449e+08 1.5709e+09 4.272e+09 9.0139e+09 1.5981e+10 2.4248e+10 3.2808e+10
19.595 4.616e+09 2.0783e+09 7.8348e+08 2.2333e+08 5.0358e+07 6.5871e+06 7.4053e+05 91025 16649 15191 15692 15898 16100 16178 16366 16566 16655 16749 16915 17032 17132 17258 17333 17436 17526 17576 17725 17799 17926 18071 18176 18316 18476 18628 18721 20727 51448 4.9108e+05 6.9106e+06 6.6197e+07 3.6131e+08 1.3314e+09 3.7355e+09 8.0868e+09 1.4613e+10 2.2595e+10 3.0936e+10
19.808 4.1191e+09 1.823e+09 6.6925e+08 1.8486e+08 4.0191e+07 5.3378e+06 3.8689e+05 63895 20219 15001 14765 14914 15046 15251 15354 15373 15641 15804 15839 15977 16073 16162 16257 16339 16410 16491 16604 16684 16813 16939 17020 17185 17346 17521 17594 15633 8451.4 2.1041e+05 5.3014e+06 5.301e+07 2.9043e+08 1.131e+09 3.2518e+09 7.2514e+09 1.3336e+10 2.1024e+10 2.9156e+10
20.021 3.6707e+09 1.5998e+09 5.6819e+08 1.5433e+08 3.1222e+07 4.491e+06 2.3094e+05 19456 15956 13905 13760 13890 14092 14241 14382 14622 14597 14745 14862 14975 15075 15156 15255 15329 15373 15495 15551 15670 15769 15867 15992 16135 16286 16394 16564 15574 5905.4 1.8535e+05 4.4181e+06 4.1157e+07 2.3293e+08 9.605e+08 2.8209e+09 6.4944e+09 1.2155e+10 1.9529e+10 2.7464e+10
20.234 3.2696e+09 1.4023e+09 4.8044e+08 1.2937e+08 2.3986e+07 3.6071e+06 2.3411e+05 108.82 10596 12547 12862 13065 13199 13347 13558 13559 13801 13869 13978 14053 14155 14229 14315 14385 14438 14538 14594 14715 14795 14886 15042 15135 15235 15370 15546 16780 25112 2.3976e+05 3.4958e+06 3.0745e+07 1.8838e+08 8.1199e+08 2.4434e+09 5.8032e+09 1.107e+10 1.8107e+10 2.5852e+10
20.447 2.9129e+09 1.2257e+09 4.0614e+08 1.0785e+08 1.8756e+07 2.6151e+06 2.5877e+05 10866 9686.8 11766 12165 12315 12442 12574 12616 12922 12865 12971 13129 13200 13279 13378 13436 13515 13584 13630 13733 13807 13895 14001 14115 14207 14312 14470 14607 15491 29184 2.0454e+05 2.3825e+06 2.2678e+07 1.5412e+08 6.8087e+08 2.1173e+09 5.1693e+09 1.0078e+10 1.6758e+10 2.4313e+10
20.66 2.596e+09 1.067e+09 3.4451e+08 8.8676e+07 1.5212e+07 1.7298e+06 2.1207e+05 25632 11568 11360 11466 11595 11735 11810 11986 11899 12211 12271 12312 12416 12491 12568 12632 12700 12764 12807 12914 12964 13066 13173 13235 13355 13487 13600 13723 13367 16028 91696 1.4286e+06 1.7305e+07 1.2641e+08 5.6629e+08 1.8366e+09 4.5888e+09 9.1689e+09 1.5485e+10 2.2839e+10
20.873 2.3132e+09 9.2495e+08 2.9356e+08 7.1786e+07 1.2624e+07 1.1682e+06 1.1197e+05 24261 12003 10750 10740 10863 10974 11150 11161 11418 11332 11509 11581 11676 11745 11812 11886 11945 11986 12066 12129 12203 12291 12376 12448 12576 12699 12806 12919 12670 7356.5 15216 9.3826e+05 1.3909e+07 1.0235e+08 4.6913e+08 1.593e+09 4.0618e+09 8.3337e+09 1.4293e+10 2.1424e+10
21.086 2.0587e+09 7.9968e+08 2.5059e+08 5.7681e+07 1.0319e+07 9.39e+05 34358 11629 10210 9948.3 10063 10182 10332 10408 10631 10567 10820 10838 10904 10980 11063 11113 11189 11239 11271 11366 11397 11497 11562 11631 11743 11833 11932 12032 12156 12543 10872 21779 8.2415e+05 1.1286e+07 8.1064e+07 3.8952e+08 1.3781e+09 3.5893e+09 7.5616e+09 1.3182e+10 2.0067e+10
21.299 1.8279e+09 6.9115e+08 2.1316e+08 4.6667e+07 8.0417e+06 8.6011e+05 20735 3688.5 8517.9 9292.7 9506.7 9647 9720.1 9853.2 9875.6 10144 10038 10168 10299 10339 10402 10475 10526 10585 10632 10686 10745 10822 10883 10956 11068 11131 11203 11310 11420 11723 15384 54238 7.623e+05 8.6881e+06 6.3176e+07 3.2539e+08 1.186e+09 3.1705e+09 6.8448e+09 1.2152e+10 1.8768e+10
21.512 1.6181e+09 5.9844e+08 1.7982e+08 3.8424e+07 5.9626e+06 7.3846e+05 45246 6101.1 8282 8858.6 9011.4 9101.7 9215.2 9268.1 9403.1 9357.9 9624.5 9605.9 9666.8 9743.2 9807.9 9872.2 9916.5 9972 10027 10053 10140 10182 10256 10339 10405 10483 10575 10693 10790 10759 13168 50724 5.5945e+05 6.1919e+06 4.946e+07 2.7285e+08 1.0146e+09 2.8016e+09 6.1793e+09 1.1197e+10 1.753e+10
21.725 1.4282e+09 5.194e+08 1.5025e+08 3.2088e+07 4.3815e+06 5.2262e+05 57753 11298 8555.8 8420.8 8464.3 8568.2 8664.4 8772.5 8799.9 8958.6 8899.1 9081.7 9126.3 9195.5 9240.6 9300.3 9352.1 9403 9443.5 9485.8 9556.4 9597 9674.3 9749.1 9791.6 9892.4 9991.8 10074 10198 10234 8989.5 18489 2.9387e+05 4.2896e+06 3.9656e+07 2.279e+08 8.6416e+08 2.4755e+09 5.5649e+09 1.0308e+10 1.6357e+10
21.938 1.2581e+09 4.5118e+08 1.2483e+08 2.6716e+07 3.4069e+06 2.9896e+05 39326 11470 8141.9 7874.8 7946.6 8044.4 8139.7 8243.5 8360.8 8360.6 8550.8 8539.7 8582.2 8662.2 8731 8767.4 8828.4 8867 8891.9 8966.7 8996 9066.4 9124.1 9181.5 9251 9337.9 9426.5 9495.3 9570.4 9753.2 8492.9 495.44 1.3754e+05 3.2157e+06 3.244e+07 1.8818e+08 7.3535e+08 2.1844e+09 5.0028e+09 9.4782e+09 1.5251e+10
22.151 1.1078e+09 3.9107e+08 1.039e+08 2.1764e+07 2.8603e+06 1.7003e+05 11195 7497 7240.8 7379.2 7511.9 7602.4 7697.1 7761.9 7855.1 7985.3 7927.9 8070 8155.3 8180.9 8228.1 8279.5 8328.1 8371.4 8399.2 8459.7 8488.9 8562.5 8607.3 8659.4 8752.2 8807 8868.9 8956.1 9022.2 9128.4 9933.4 8982.7 1.2956e+05 2.6945e+06 2.6339e+07 1.5336e+08 6.2722e+08 1.9215e+09 4.4936e+09 8.6997e+09 1.4212e+10
22.364 9.7618e+08 3.3722e+08 8.7202e+07 1.7238e+07 2.437e+06 1.5031e+05 88.589 4878.7 6674.5 7011 7130.3 7225.3 7278.6 7365.3 7410.4 7480 7628.4 7576.5 7657.5 7715.2 7775.1 7825.8 7860 7903.2 7945.7 7973.2 8031.4 8076.9 8126.9 8187.3 8260.1 8308.3 8368.4 8451.8 8564.1 8613 9618.8 19942 1.6159e+05 2.2523e+06 2.0649e+07 1.2424e+08 5.3661e+08 1.683e+09 4.0357e+09 7.9684e+09 1.3239e+10
22.577 8.6132e+08 2.8898e+08 7.3821e+07 1.3454e+07 1.9409e+06 1.6913e+05 8072.9 5638.6 6541.8 6671.6 6743 6809.5 6906.7 6948.1 7028.3 7060.1 7085.4 7238.7 7267.5 7309.8 7338.4 7391.6 7427.2 7470.8 7509.3 7528.2 7597 7622 7683.3 7747 7782.1 7853.2 7927.8 8010.9 8089.4 8180.3 7989.7 15866 1.3386e+05 1.6626e+06 1.5601e+07 1.0126e+08 4.5913e+08 1.4681e+09 3.6243e+09 7.2835e+09 1.2324e+10
22.79 7.6031e+08 2.4653e+08 6.2571e+07 1.0655e+07 1.3926e+06 1.5398e+05 17425 7102.7 6342.6 6284.7 6332.5 6417.9 6485.4 6588.6 6618.4 6703.9 6787.6 6776.8 6814.7 6893.3 6950.3 6982 7026.8 7059.1 7084 7132.5 7169.6 7211.6 7265.8 7316.7 7355.3 7432.7 7508.3 7561.8 7624.5 7715.1 7303.3 5782.3 59749 1.0598e+06 1.1751e+07 8.3624e+07 3.9095e+08 1.2776e+09 3.2526e+09 6.646e+09 1.1462e+10
23.003 6.7022e+08 2.1022e+08 5.2546e+07 8.7499e+06 9.4006e+05 95619 15364 6761.9 5881.3 5898.8 5987.3 6059.1 6133.2 6188.3 6303.2 6313.7 6351.6 6476.5 6513.4 6535.2 6567.4 6602.6 6648 6680 6696.6 6753.9 6771.3 6831.8 6869.3 6910.5 6974.9 7031 7089.7 7145.2 7210.8 7284.1 7515.2 3801 12791 6.7714e+05 9.2437e+06 6.9565e+07 3.3012e+08 1.1117e+09 2.914e+09 6.0575e+09 1.0647e+10
23.216 5.8889e+08 1.799e+08 4.3438e+07 7.3702e+06 6.8628e+05 37500 6266.5 5270.6 5437.8 5597.8 5695.9 5762 5821.2 5878.8 5907 6041.6 6062.2 6025.2 6114.8 6160.9 6217.6 6255.8 6285.8 6318.5 6346.8 6382.8 6413.5 6463.3 6497.8 6539.8 6611.3 6645.5 6689.6 6760.6 6824 6892.4 7257.5 8344.2 19616 5.557e+05 7.6272e+06 5.7388e+07 2.7659e+08 9.688e+08 2.6031e+09 5.5182e+09 9.8745e+09
23.429 5.1526e+08 1.5473e+08 3.5451e+07 6.1325e+06 5.9691e+05 17406 1306.1 4516.5 5206.2 5339.6 5403.6 5472.7 5521.9 5575.8 5637.5 5617.8 5722.5 5818.4 5840 5861.5 5879.6 5923.8 5950.3 5986 6019.7 6030.6 6086.6 6110.1 6153.9 6204 6245.1 6289.7 6341 6406 6479.5 6534.6 6518.4 9868.9 40417 5.29e+05 6.2581e+06 4.6352e+07 2.3115e+08 8.4524e+08 2.3179e+09 5.0259e+09 9.142e+09
23.642 4.4922e+08 1.3338e+08 2.8923e+07 4.8752e+06 5.4828e+05 29795 3703.2 4810 5030.8 5051.6 5100 5154.1 5232.5 5279.5 5312.8 5410.2 5405.2 5418.8 5461.7 5528.6 5577.2 5609.1 5638.7 5667.6 5693.5 5719 5762.7 5784.9 5833.2 5879 5902.8 5963.8 6024.2 6080 6143.8 6214.7 6122.7 6716.4 35346 4.3228e+05 4.8214e+06 3.6726e+07 1.9397e+08 7.3664e+08 2.0581e+09 4.5761e+09 8.4505e+09
23.855 3.9108e+08 1.146e+08 2.3928e+07 3.6944e+06 4.4732e+05 41832 7486.2 5035.3 4741.3 4756.6 4811.9 4877.8 4923.2 5002.2 5062.3 5049.6 5156.4 5238.2 5240.8 5266.3 5285.2 5309.5 5349.2 5373.9 5387.7 5431.7 5450.8 5492.5 5528 5563.7 5601.6 5657.9 5712.8 5749.6 5791.3 5868.6 6006.1 4442.1 11868 2.6284e+05 3.4649e+06 2.9088e+07 1.639e+08 6.3937e+08 1.8246e+09 4.1628e+09 7.8014e+09
24.068 3.4086e+08 9.7643e+07 2.0153e+07 2.7776e+06 2.9938e+05 33143 7203.3 4586.7 4421.5 4507 4582.6 4634.2 4690 4717.8 4783.7 4886.2 4836 4843.3 4922.5 4959.4 5012 5041.1 5068.5 5093.2 5109.1 5151.3 5164.1 5212 5238.3 5269.3 5327.3 5360.5 5399.6 5449.9 5498.2 5533.3 5678.8 5331.4 14.413 1.2983e+05 2.4885e+06 2.3544e+07 1.3888e+08 5.5169e+08 1.6175e+09 3.7804e+09 7.1964e+09
24.281 2.9788e+08 8.2425e+07 1.707e+07 2.205e+06 1.7386e+05 12751 4072 3985.4 4202.8 4303.7 4366.9 4417.1 4457.6 4509.9 4529.1 4544.2 4669.1 4701.5 4724.7 4738.4 4750.4 4782.6 4806.2 4833.9 4860.1 4873.9 4910.9 4939.4 4968.8 5004.9 5052.6 5079.7 5115.1 5170.4 5232.2 5281.4 5276.8 6372.9 6939.3 96887 1.9708e+06 1.9514e+07 1.17e+08 4.7364e+08 1.435e+09 3.4252e+09 6.6355e+09
24.494 2.6085e+08 6.9249e+07 1.4254e+07 1.8791e+06 1.2039e+05 1013.4 2355.2 3793.5 4048 4093.7 4132.4 4186.2 4234.7 4269.5 4319.3 4365.5 4334.4 4377.8 4422.3 4466.8 4509.1 4542.8 4560.1 4586.2 4611.1 4623 4665.9 4679.8 4718.3 4757.6 4780.4 4822.3 4866.3 4916.4 4964.9 5036.8 5057.6 5554.8 14649 1.1771e+05 1.6991e+06 1.6157e+07 9.7314e+07 4.0592e+08 1.2735e+09 3.0955e+09 6.1167e+09
24.706 2.2827e+08 5.836e+07 1.1588e+07 1.6177e+06 1.2286e+05 4379.3 3273.8 3841.4 3846.7 3863.3 3906.6 3950.1 4006.8 4058.6 4082.9 4106.1 4215.4 4248.9 4241.8 4276.2 4286.1 4303.1 4335.7 4356.1 4371.6 4397.9 4424.3 4447.7 4482.4 4514.9 4534.9 4585.1 4632.8 4667.4 4714.3 4752.4 4850.3 4386.6 10870 1.127e+05 1.4062e+06 1.2973e+07 8.0005e+07 3.486e+08 1.1287e+09 2.7918e+09 5.636e+09
24.919 1.9896e+08 4.9631e+07 9.2268e+06 1.304e+06 1.2736e+05 12058 4494.7 3703.1 3606.5 3659.3 3713.1 3761.4 3792.6 3840.2 3904 3941.3 3897.6 3948 3999.5 4024 4069 4093.9 4117.3 4136.6 4145.6 4186.2 4193.1 4232.1 4255.2 4280.9 4319.8 4356.4 4394.3 4426.2 4457.7 4504 4558.4 4343.5 3014.8 65123 1.0184e+06 1.0031e+07 6.5651e+07 3.0048e+08 9.9736e+08 2.5149e+09 5.1885e+09
25.132 1.7237e+08 4.254e+07 7.3746e+06 9.5593e+05 1.0038e+05 12358 4134.5 3374 3418.2 3494.9 3549.1 3588.2 3630.3 3651 3677.3 3733.8 3817.2 3806.2 3837.5 3857.9 3869 3887.5 3912.2 3932.5 3949.8 3970.6 3989.6 4022.3 4042.6 4067.9 4114 4134.7 4162.8 4205.7 4247 4293 4320.4 4673.8 1794.2 20470 6.6035e+05 7.6835e+06 5.4415e+07 2.5939e+08 8.776e+08 2.2649e+09 4.7697e+09
25.345 1.4858e+08 3.6437e+07 6.0747e+06 6.6986e+05 54449 5722.4 2936.3 3137.7 3288 3336 3376.3 3416.3 3449.8 3492.9 3518.7 3529.6 3525.4 3583.9 3620.9 3636.4 3670.8 3706.1 3715 3737.8 3759.4 3767.9 3801.7 3816.7 3843.7 3874.6 3903.7 3928.7 3958.7 4002.9 4053.3 4088.4 4135.5 4366.4 5646.4 13692 4.6277e+05 6.1056e+06 4.5694e+07 2.2314e+08 7.6937e+08 2.0403e+09 4.3765e+09
25.558 1.2789e+08 3.0873e+07 5.1602e+06 5.105e+05 23012 616.91 2470.2 3068.8 3142.1 3162.7 3192.3 3234.9 3277.5 3306.4 3338.4 3376.7 3442.4 3443.6 3447.7 3493.4 3502 3512.9 3539.1 3556.6 3573.9 3584.9 3616.7 3628.1 3659.5 3688.8 3701.7 3740.6 3778.3 3812.7 3847.2 3894.8 3936 3814.9 6866.2 29076 4.1105e+05 5.0947e+06 3.8466e+07 1.9048e+08 6.7334e+08 1.838e+09 4.0078e+09
25.771 1.1041e+08 2.5763e+07 4.3844e+06 4.5152e+05 20461 1513.2 2868.3 2985.1 2960.6 2993.8 3034.7 3067.6 3105.9 3150.8 3182.9 3194.6 3195.8 3265.3 3284.4 3292.3 3323.7 3349.7 3366.5 3383 3390.7 3422.3 3432.2 3458.1 3481.3 3504.4 3526.3 3563.6 3599.1 3623 3656.4 3695.3 3742.7 3677.9 4173.2 32084 3.8283e+05 4.2638e+06 3.1938e+07 1.613e+08 5.897e+08 1.6541e+09 3.6641e+09
25.984 9.5811e+07 2.1295e+07 3.5959e+06 4.1165e+05 31352 4848.2 3119.1 2795.2 2800.5 2857.1 2901.9 2937.7 2960.4 2985.7 3029.4 3080.6 3108 3085.4 3122.6 3159 3175.6 3180.5 3207.7 3221.6 3231.4 3256.7 3264.8 3296.6 3312.3 3331.6 3367.5 3389.9 3416.2 3445.3 3470.9 3501.9 3550.4 3705.7 2281.8 16022 2.9452e+05 3.3813e+06 2.5947e+07 1.3615e+08 5.1745e+08 1.4853e+09 3.3463e+09
26.197 8.3404e+07 1.7677e+07 2.8145e+06 3.338e+05 32875 5444.6 2758 2606.9 2688.4 2736.3 2772 2803.7 2838.1 2859.1 2871.4 2890.7 2918.2 2970.8 2997.1 2985.8 3007 3043.1 3047.3 3066.9 3083 3095.1 3115.7 3135.2 3153.1 3175.4 3209.1 3224 3245.5 3281.8 3319.3 3351.7 3370.8 3476.4 3186.2 1691.3 1.7429e+05 2.508e+06 2.0817e+07 1.1534e+08 4.5453e+08 1.3297e+09 3.0548e+09
26.41 7.2447e+07 1.491e+07 2.1611e+06 2.2755e+05 19910 3050.2 2295.9 2508 2582.2 2603.6 2631.6 2664 2693.5 2728.3 2754.2 2776 2801.7 2793.1 2812.5 2865.7 2882.8 2886.9 2908.8 2923.1 2940.7 2943.3 2974.3 2982 3006.5 3031.5 3046.4 3072 3098.9 3132.4 3169.1 3206.7 3238.3 3191 4253.8 2854.3 97915 1.8417e+06 1.6864e+07 9.8414e+07 3.9857e+08 1.1869e+09 2.7887e+09
26.623 6.2464e+07 1.2761e+07 1.7207e+06 1.4197e+05 5519.2 1133.5 2221.5 2436.1 2446 2468.5 2495.7 2528.3 2561.6 2587.3 2612.8 2630.2 2662.3 2725.4 2724.9 2718.2 2729.7 2760.1 2769 2785 2794 2813.4 2829.5 2843 2866.4 2888 2899.3 2932.1 2962.7 2985.1 3011 3041.9 3095 3101.8 3603.1 10445 88762 1.4671e+06 1.401e+07 8.4297e+07 3.4789e+08 1.0576e+09 2.5455e+09
26.836 5.338e+07 1.0911e+07 1.463e+06 1.0746e+05 1952.9 1586.1 2346.5 2311.5 2311.3 2352.4 2388.4 2413.2 2438.1 2470.4 2502 2528.4 2528.7 2517.4 2548.1 2596.7 2625.2 2619 2647.3 2656.1 2662.3 2686.3 2691.8 2717.3 2732 2748.5 2771.2 2796.9 2822.8 2842.2 2865.8 2895.3 2919.8 3020.8 2556.3 10594 1.0068e+05 1.2714e+06 1.1814e+07 7.1864e+07 3.0194e+08 9.421e+08 2.3219e+09
27.049 4.5393e+07 9.1555e+06 1.2753e+06 1.085e+05 7341.7 2871.6 2279.4 2167.8 2213.2 2255.5 2288.8 2316.7 2335.9 2350.5 2375.2 2407.4 2440.2 2476.3 2499.1 2475.6 2477.8 2513.6 2515.9 2532.9 2542.1 2560.1 2568.6 2591.3 2603.7 2619.7 2651.2 2664 2682.3 2708.7 2732 2760.3 2784.8 2821.1 2564.2 3948.7 85025 1.0765e+06 9.8237e+06 6.0539e+07 2.6106e+08 8.3995e+08 2.1148e+09
27.262 3.8701e+07 7.4959e+06 1.0622e+06 1.0657e+05 11127 2940 2031.5 2070.8 2132.2 2156.5 2180.2 2207.1 2236.4 2258.8 2267.9 2280 2291.9 2286 2309.1 2356.8 2389.4 2386.8 2406.5 2416.9 2433 2434.3 2458.6 2468.6 2485.3 2504.6 2525.1 2539.7 2558 2588.1 2620.3 2642.1 2677.9 2666.7 3004.1 327.23 44976 8.1313e+05 7.885e+06 5.042e+07 2.2571e+08 7.4947e+08 1.9219e+09
27.475 3.3277e+07 6.0677e+06 8.1484e+05 81430 7919.4 1926.2 1873.6 2007.3 2032.4 2048.4 2070.7 2096 2120.8 2148.6 2174.1 2191.3 2226.6 2271.8 2273.8 2265.5 2254.6 2289 2290.9 2307.4 2317.4 2326.5 2346.7 2352.6 2373.8 2393.5 2401.9 2426.4 2450.1 2473.3 2499.2 2533 2554 2593.6 2845.3 2740.1 16917 5.5357e+05 6.1613e+06 4.1902e+07 1.958e+08 6.6834e+08 1.7426e+09
27.688 2.8831e+07 4.9836e+06 5.9356e+05 45732 2069.8 1307.7 1871.4 1919.6 1921.8 1950.1 1976.4 2000.4 2023.6 2044.6 2065.8 2081.1 2082.2 2085.9 2097 2140.1 2182.8 2170.6 2197.3 2202.4 2209.2 2226.6 2235.3 2251.6 2267.1 2282.4 2294.1 2320.2 2344.2 2359.5 2379.4 2401.5 2433.4 2479.5 2356.3 5306.4 17694 3.9498e+05 4.8694e+06 3.5155e+07 1.7045e+08 5.945e+08 1.5771e+09
27.901 2.4967e+07 4.222e+06 4.5437e+05 23720 47.04 1613.4 1851.1 1809.5 1834 1870.4 1898.8 1918.6 1936.4 1957.3 1983.1 2011.4 2033 2056.7 2084.4 2072.2 2055 2087.7 2089.9 2104.9 2108.4 2129.6 2131.5 2153.2 2163.3 2176.1 2199.5 2215 2233.2 2250.7 2268.2 2290.7 2320.5 2340.5 2234.4 3948 28333 3.4338e+05 4.0269e+06 2.9875e+07 1.4835e+08 5.2678e+08 1.4261e+09
28.114 2.1407e+07 3.6419e+06 3.9398e+05 23169 2356.7 2027.7 1724.8 1721.8 1768.9 1793.8 1817.2 1840.1 1858.2 1869.9 1880.8 1896.9 1907.8 1905.7 1919.5 1943.6 1991 1984.7 2003.3 2009.5 2022.5 2027.5 2042.1 2056.2 2067 2080.7 2104.3 2113.1 2127 2150.7 2173.2 2196.2 2212.4 2240 2363.5 1442 25570 3.2007e+05 3.4329e+06 2.5461e+07 1.2843e+08 4.6508e+08 1.2897e+09
28.327 1.8101e+07 3.0955e+06 3.5937e+05 30344 4474.8 1860.5 1594.3 1665.1 1696.5 1710.2 1727.4 1749.9 1774.8 1797.2 1810.1 1821.5 1848.9 1877 1894.6 1902.8 1875.3 1908.5 1906.5 1923.2 1932.6 1936.3 1955.9 1960.1 1976.4 1993.2 2004.4 2019.8 2036.3 2059.7 2084.7 2103.5 2126.4 2146.9 2270.1 1354.9 10840 2.5794e+05 2.8596e+06 2.1427e+07 1.1029e+08 4.0985e+08 1.1669e+09
28.54 1.5183e+07 2.5298e+06 3.0258e+05 28776 3508.9 1412.9 1545.7 1601.9 1608.3 1627.8 1647.7 1666.6 1685.3 1706.3 1727.8 1739.7 1749 1762.1 1753.8 1771 1821.2 1811.4 1833.2 1836.1 1845.3 1854.2 1867.7 1875.7 1891.8 1906 1911.9 1934.1 1954.3 1969.6 1988.5 2014.9 2040.6 2057.1 2019.8 2737 1525.8 1.6638e+05 2.2422e+06 1.7672e+07 9.4159e+07 3.614e+08 1.0558e+09
28.753 1.2795e+07 1.9991e+06 2.2081e+05 16809 1156.2 1273.3 1522.1 1517.7 1530.6 1559.1 1582.6 1600.7 1616.5 1632 1650.6 1670.2 1681.1 1697.6 1727.5 1745.3 1718 1742.2 1745.7 1759.5 1760 1779.7 1781.1 1797.7 1807.7 1819.3 1833.1 1851.6 1869.5 1881.6 1896.2 1913.3 1936.8 1974.6 1934.2 2892.7 4527.4 99879 1.6839e+06 1.4407e+07 8.0405e+07 3.1935e+08 9.5415e+08
28.966 1.0942e+07 1.5885e+06 1.4739e+05 5562.6 384.88 1439 1448.4 1441 1474.6 1499.6 1520.3 1537.4 1552.3 1566.1 1582 1601.4 1613.4 1617.2 1623 1613.6 1663.7 1660.6 1677 1679.7 1688.9 1698.9 1704.9 1721.6 1729.1 1739 1760.1 1768.9 1781.7 1798.1 1813.4 1831.4 1848.9 1873.6 1952.2 1823.9 9960.3 83967 1.304e+06 1.1853e+07 6.9077e+07 2.8258e+08 8.6034e+08
29.179 9.4744e+06 1.3255e+06 1.1042e+05 3670.8 1448.4 1497.5 1351.8 1389.4 1421.3 1434.7 1451.2 1470.1 1487.4 1500 1506.9 1516.2 1532.5 1543.4 1569.3 1602.2 1574.2 1597.1 1596 1611.8 1619.3 1622.4 1637.1 1643.6 1654.5 1667.4 1683 1691.3 1702.7 1723.3 1743.7 1761.5 1779.9 1784.8 1850.6 1343 8225.2 90799 1.1013e+06 9.9825e+06 5.9723e+07 2.4973e+08 7.7351e+08
29.392 8.1833e+06 1.1572e+06 1.0469e+05 8139 2310 1316.5 1294.7 1342.3 1353.9 1367 1381.5 1399.2 1418.9 1438.8 1454.1 1463.6 1481.8 1503.2 1493.5 1479.3 1521.1 1523 1536.8 1538.7 1549.7 1552.2 1568.3 1571.8 1586.2 1599.1 1604.6 1620.4 1635.6 1652.1 1670.9 1688.1 1706.3 1730.6 1702.8 1807.9 2241.8 80839 9.6418e+05 8.522e+06 5.1637e+07 2.1978e+08 6.9374e+08
29.605 6.9437e+06 1.0017e+06 1.0219e+05 10282 1806.2 1142.7 1267 1279 1286 1307.9 1326.2 1340 1352.8 1367.8 1385.3 1397.3 1400.2 1406.8 1423.5 1469.2 1450.1 1459.1 1465.9 1478.6 1479.1 1493 1497.9 1507.5 1518.7 1529.7 1536.4 1554.7 1571 1581.4 1595.3 1614.9 1633.8 1660.3 1659.8 2064.7 75.215 49403 7.9221e+05 7.1811e+06 4.4272e+07 1.924e+08 6.2151e+08
29.818 5.7694e+06 8.1714e+05 83060 6650.6 849.12 1142.7 1217.9 1213.8 1235.8 1258.6 1277.6 1292.3 1304.2 1314.8 1329 1347.8 1361.7 1377.5 1389.5 1357.8 1390.6 1399.6 1410.6 1411.2 1417.2 1430.4 1432 1447.8 1454.2 1462.4 1477.2 1488.8 1501.9 1512.5 1523.7 1537.3 1559.1 1573 1633.3 1673.5 2662.4 22661 5.8515e+05 5.8615e+06 3.7508e+07 1.6781e+08 5.5702e+08
