NaN -14.212 -13.043 -11.95 -10.927 -9.9699 -9.0746 -8.2371 -7.4537 -6.7207 -6.035 -5.3936 -4.7935 -4.2321 -3.7069 -3.2156 -2.7559 -2.326 -1.9237 -1.5474 -1.1953 -0.86601 -0.55791 -0.26968 -3.9113e-05 0.2143 0.49871 0.80273 1.1277 1.4751 1.8464 2.2433 2.6676 3.1212 3.606 4.1242 4.6782 5.2703 5.9033 6.5799 7.3031 8.0762 8.9027 9.786 10.73 11.74 12.819 13.972
0 2.4237e+12 2.8347e+12 3.3173e+12 3.8845e+12 4.5522e+12 5.3401e+12 6.2725e+12 7.3808e+12 8.7055e+12 1.0299e+13 1.2232e+13 1.4595e+13 1.7508e+13 2.1115e+13 2.5579e+13 3.1026e+13 3.7414e+13 4.422e+13 4.9906e+13 5.158e+13 4.64e+13 3.5337e+13 2.3817e+13 1.6121e+13 1.2808e+13 1.1091e+13 1.0767e+13 1.0736e+13 1.0501e+13 9.9743e+12 9.2314e+12 8.3781e+12 7.4995e+12 6.6508e+12 5.8629e+12 5.1497e+12 4.5144e+12 3.9541e+12 3.4631e+12 3.0342e+12 2.6601e+12 2.3339e+12 2.0493e+12 1.8008e+12 1.5834e+12 1.3931e+12 1.2263e+12
0.21299 2.425e+12 2.8373e+12 3.3222e+12 3.8933e+12 4.567e+12 5.3642e+12 6.3109e+12 7.4405e+12 8.7964e+12 1.0435e+13 1.2432e+13 1.4886e+13 1.7924e+13 2.1704e+13 2.6405e+13 3.218e+13 3.9035e+13 4.6541e+13 5.3347e+13 5.6747e+13 5.3582e+13 4.3627e+13 3.1557e+13 2.2362e+13 1.773e+13 1.4521e+13 1.3048e+13 1.222e+13 1.1466e+13 1.0612e+13 9.6642e+12 8.6794e+12 7.7137e+12 6.8055e+12 5.9756e+12 5.232e+12 4.5746e+12 3.998e+12 3.495e+12 3.0572e+12 2.6766e+12 2.3456e+12 2.0575e+12 1.8064e+12 1.5873e+12 1.3957e+12 1.2279e+12
0.42597 2.427e+12 2.8416e+12 3.3304e+12 3.9077e+12 4.5915e+12 5.4043e+12 6.3745e+12 7.5391e+12 8.9462e+12 1.0659e+13 1.276e+13 1.536e+13 1.8599e+13 2.2653e+13 2.7724e+13 3.4003e+13 4.1563e+13 5.0128e+13 5.8669e+13 6.4938e+13 6.5646e+13 5.8693e+13 4.6607e+13 3.489e+13 2.7611e+13 2.1249e+13 1.7375e+13 1.4944e+13 1.3192e+13 1.1731e+13 1.0412e+13 9.1947e+12 8.078e+12 7.0677e+12 6.1665e+12 5.3719e+12 4.677e+12 4.0729e+12 3.5495e+12 3.0966e+12 2.7049e+12 2.3657e+12 2.0716e+12 1.8163e+12 1.594e+12 1.4002e+12 1.2309e+12
0.63896 2.4293e+12 2.8468e+12 3.3406e+12 3.9259e+12 4.6224e+12 5.4546e+12 6.4542e+12 7.6621e+12 9.1318e+12 1.0934e+13 1.3159e+13 1.593e+13 1.9398e+13 2.3754e+13 2.9216e+13 3.5995e+13 4.4209e+13 5.3707e+13 6.3797e+13 7.2895e+13 7.8204e+13 7.6253e+13 6.6198e+13 5.2437e+13 4.1878e+13 3.1065e+13 2.3623e+13 1.8805e+13 1.5586e+13 1.3252e+13 1.1411e+13 9.8746e+12 8.555e+12 7.4102e+12 6.4162e+12 5.5553e+12 4.8122e+12 4.1723e+12 3.6223e+12 3.1496e+12 2.7431e+12 2.393e+12 2.0909e+12 1.8297e+12 1.6032e+12 1.4064e+12 1.2349e+12
0.85195 2.4314e+12 2.8521e+12 3.3511e+12 3.9451e+12 4.655e+12 5.5078e+12 6.5378e+12 7.7899e+12 9.3221e+12 1.121e+13 1.3552e+13 1.6474e+13 2.0131e+13 2.471e+13 3.0412e+13 3.7412e+13 4.5773e+13 5.531e+13 6.5446e+13 7.5127e+13 8.2655e+13 8.5209e+13 7.9839e+13 6.764e+13 5.5826e+13 4.1673e+13 3.0752e+13 2.3307e+13 1.8384e+13 1.5014e+13 1.2556e+13 1.0645e+13 9.0926e+12 7.7958e+12 6.6981e+12 5.7638e+12 4.967e+12 4.2873e+12 3.7072e+12 3.2119e+12 2.7884e+12 2.4257e+12 2.1142e+12 1.846e+12 1.6144e+12 1.4139e+12 1.2398e+12
1.0649 2.4326e+12 2.8562e+12 3.3601e+12 3.962e+12 4.6841e+12 5.555e+12 6.6113e+12 7.8998e+12 9.4811e+12 1.1432e+13 1.385e+13 1.6853e+13 2.0582e+13 2.5186e+13 3.0794e+13 3.7453e+13 4.503e+13 5.3088e+13 6.0888e+13 6.7667e+13 7.3101e+13 7.6857e+13 7.6907e+13 7.0947e+13 6.2272e+13 4.9005e+13 3.6776e+13 2.7527e+13 2.1138e+13 1.6781e+13 1.3705e+13 1.1417e+13 9.6291e+12 8.1814e+12 6.9821e+12 5.976e+12 5.1267e+12 4.4074e+12 3.7972e+12 3.2789e+12 2.8377e+12 2.4615e+12 2.1399e+12 1.8642e+12 1.627e+12 1.4225e+12 1.2454e+12
1.2779 2.4323e+12 2.858e+12 3.3655e+12 3.9732e+12 4.7041e+12 5.5875e+12 6.6603e+12 7.9695e+12 9.5736e+12 1.1545e+13 1.3969e+13 1.6944e+13 2.0567e+13 2.4913e+13 2.9982e+13 3.5619e+13 4.1401e+13 4.6584e+13 5.0299e+13 5.2204e+13 5.3305e+13 5.5534e+13 5.8991e+13 6.0331e+13 5.7781e+13 4.9899e+13 3.9694e+13 3.0405e+13 2.3318e+13 1.8278e+13 1.4707e+13 1.2096e+13 1.0104e+13 8.5253e+12 7.2385e+12 6.171e+12 5.2762e+12 4.5223e+12 3.885e+12 3.3453e+12 2.8874e+12 2.4982e+12 2.1666e+12 1.8832e+12 1.6403e+12 1.4315e+12 1.2514e+12
1.4909 2.4297e+12 2.8562e+12 3.3654e+12 3.9757e+12 4.71e+12 5.597e+12 6.6725e+12 7.98e+12 9.5719e+12 1.1508e+13 1.3854e+13 1.667e+13 1.999e+13 2.3787e+13 2.7904e+13 3.1969e+13 3.5325e+13 3.7112e+13 3.67e+13 3.4478e+13 3.2318e+13 3.2753e+13 3.688e+13 4.2453e+13 4.5279e+13 4.4296e+13 3.8625e+13 3.1215e+13 2.4491e+13 1.927e+13 1.5432e+13 1.2606e+13 1.0468e+13 8.7936e+12 7.443e+12 6.3307e+12 5.4025e+12 4.6222e+12 3.9635e+12 3.4063e+12 2.9341e+12 2.5334e+12 2.1925e+12 1.902e+12 1.6536e+12 1.4407e+12 1.2575e+12
1.7039 2.4242e+12 2.8499e+12 3.3581e+12 3.9666e+12 4.6975e+12 5.5776e+12 6.6392e+12 7.9195e+12 9.4604e+12 1.1304e+13 1.3487e+13 1.6021e+13 1.8868e+13 2.1893e+13 2.4796e+13 2.7057e+13 2.7959e+13 2.6841e+13 2.3665e+13 1.9547e+13 1.6468e+13 1.6151e+13 1.9358e+13 2.5353e+13 3.0562e+13 3.4713e+13 3.4088e+13 2.9818e+13 2.445e+13 1.9617e+13 1.5798e+13 1.29e+13 1.0691e+13 8.9649e+12 7.5795e+12 6.4428e+12 5.4957e+12 4.6997e+12 4.0272e+12 3.4577e+12 2.9748e+12 2.5648e+12 2.2163e+12 1.9196e+12 1.6662e+12 1.4494e+12 1.2633e+12
1.9169 2.4153e+12 2.8382e+12 3.3422e+12 3.9442e+12 4.6642e+12 5.5259e+12 6.5563e+12 7.7843e+12 9.2378e+12 1.0938e+13 1.2886e+13 1.5046e+13 1.731e+13 1.9449e+13 2.1077e+13 2.1641e+13 2.0569e+13 1.7639e+13 1.3458e+13 9.4702e+12 7.0809e+12 6.8295e+12 8.8165e+12 1.3174e+13 1.8086e+13 2.4291e+13 2.7473e+13 2.6592e+13 2.3229e+13 1.9287e+13 1.578e+13 1.2963e+13 1.0763e+13 9.0317e+12 7.6414e+12 6.501e+12 5.5504e+12 4.7499e+12 4.072e+12 3.4963e+12 3.007e+12 2.5908e+12 2.2366e+12 1.9349e+12 1.6775e+12 1.4574e+12 1.2687e+12
2.1299 2.4026e+12 2.8206e+12 3.3172e+12 3.9075e+12 4.6091e+12 5.4415e+12 6.4252e+12 7.5788e+12 8.9151e+12 1.0432e+13 1.2098e+13 1.3831e+13 1.5465e+13 1.6718e+13 1.7183e+13 1.64e+13 1.4091e+13 1.0519e+13 6.6882e+12 3.8455e+12 2.555e+12 2.5586e+12 3.6269e+12 6.1075e+12 9.5206e+12 1.5293e+13 2.031e+13 2.2194e+13 2.1023e+13 1.8324e+13 1.5387e+13 1.28e+13 1.069e+13 8.9984e+12 7.6306e+12 6.5055e+12 5.5653e+12 4.7711e+12 4.0959e+12 3.5202e+12 3.0291e+12 2.61e+12 2.2524e+12 1.9474e+12 1.6869e+12 1.4642e+12 1.2733e+12
2.3429 2.3859e+12 2.7969e+12 3.2827e+12 3.8567e+12 4.5332e+12 5.3268e+12 6.2507e+12 7.3131e+12 8.5108e+12 9.8195e+12 1.1178e+13 1.2468e+13 1.3486e+13 1.3939e+13 1.3473e+13 1.1811e+13 9.0053e+12 5.6768e+12 2.8516e+12 1.249e+12 7.6477e+11 8.9583e+11 1.4175e+12 2.5962e+12 4.5106e+12 8.6911e+12 1.379e+13 1.7344e+13 1.8125e+13 1.6818e+13 1.4647e+13 1.2426e+13 1.0483e+13 8.8743e+12 7.5537e+12 6.4602e+12 5.5425e+12 4.7639e+12 4.0988e+12 3.5289e+12 3.0402e+12 2.6215e+12 2.2631e+12 1.9564e+12 1.694e+12 1.4695e+12 1.277e+12
2.5558 2.3652e+12 2.7671e+12 3.2393e+12 3.7928e+12 4.4384e+12 5.1857e+12 6.0403e+12 6.9996e+12 8.0455e+12 9.1341e+12 1.018e+13 1.1041e+13 1.1506e+13 1.1307e+13 1.0198e+13 8.1175e+12 5.3931e+12 2.7725e+12 1.0134e+12 2.8923e+11 1.9311e+11 3.2022e+11 5.5717e+11 1.0437e+12 1.9428e+12 4.4536e+12 8.5831e+12 1.2674e+13 1.4868e+13 1.4895e+13 1.3601e+13 1.1857e+13 1.0155e+13 8.6688e+12 7.4187e+12 6.3709e+12 5.4856e+12 4.7303e+12 4.0815e+12 3.5225e+12 3.0404e+12 2.6252e+12 2.2682e+12 1.9616e+12 1.6986e+12 1.4731e+12 1.2796e+12
2.7688 2.3406e+12 2.7316e+12 3.1877e+12 3.7173e+12 4.3276e+12 5.023e+12 5.8017e+12 6.6509e+12 7.5394e+12 8.4072e+12 9.1533e+12 9.6262e+12 9.6277e+12 8.9525e+12 7.4866e+12 5.3623e+12 3.0593e+12 1.2419e+12 2.9282e+11 3.2353e+10 5.1878e+10 1.2974e+11 2.3143e+11 4.1167e+11 7.6933e+11 2.0441e+12 4.8678e+12 8.6293e+12 1.1578e+13 1.2709e+13 1.2303e+13 1.1113e+13 9.7134e+12 8.3899e+12 7.2322e+12 6.2432e+12 5.3987e+12 4.6731e+12 4.0459e+12 3.5019e+12 3.03e+12 2.6211e+12 2.2677e+12 1.9628e+12 1.7004e+12 1.4748e+12 1.281e+12
2.9818 2.3125e+12 2.691e+12 3.1289e+12 3.632e+12 4.2038e+12 4.8435e+12 5.5424e+12 6.2788e+12 7.0106e+12 7.6664e+12 8.138e+12 8.2792e+12 7.9248e+12 6.9483e+12 5.3653e+12 3.4425e+12 1.6797e+12 5.3662e+11 7.7326e+10 1.5095e+08 2.5441e+10 6.2114e+10 1.043e+11 1.6665e+11 2.8628e+11 8.2952e+11 2.4874e+12 5.4428e+12 8.5317e+12 1.0423e+13 1.0825e+13 1.0217e+13 9.1693e+12 8.0439e+12 7e+12 6.0818e+12 5.2857e+12 4.5951e+12 3.9937e+12 3.4684e+12 3.0096e+12 2.6095e+12 2.2616e+12 1.9601e+12 1.6995e+12 1.4747e+12 1.281e+12
3.1948 2.281e+12 2.6458e+12 3.064e+12 3.5385e+12 4.0696e+12 4.6515e+12 5.2693e+12 5.8937e+12 6.4746e+12 6.9344e+12 7.1659e+12 7.0396e+12 6.4361e+12 5.3107e+12 3.7825e+12 2.1792e+12 9.2289e+11 2.4819e+11 3.4213e+10 8.4428e+09 1.87e+10 3.3416e+10 5.0991e+10 7.2539e+10 1.054e+11 2.9207e+11 1.1231e+12 3.1513e+12 5.9218e+12 8.1938e+12 9.2443e+12 9.2016e+12 8.5343e+12 7.6367e+12 6.7265e+12 5.8908e+12 5.1499e+12 4.4989e+12 3.9267e+12 3.4231e+12 2.9799e+12 2.5908e+12 2.2503e+12 1.9536e+12 1.6958e+12 1.4726e+12 1.2797e+12
3.4078 2.2466e+12 2.5967e+12 2.9938e+12 3.4386e+12 3.9276e+12 4.4509e+12 4.9882e+12 5.5043e+12 5.9439e+12 6.2284e+12 6.2583e+12 5.9295e+12 5.1724e+12 4.0151e+12 2.6428e+12 1.3794e+12 5.2329e+11 1.3331e+11 2.6723e+10 1.1491e+10 1.3172e+10 1.8914e+10 2.6629e+10 3.4885e+10 4.2261e+10 8.8024e+10 4.3316e+11 1.6521e+12 3.8486e+12 6.1544e+12 7.6463e+12 8.1052e+12 7.8232e+12 7.1746e+12 6.4157e+12 5.6735e+12 4.9942e+12 4.3867e+12 3.8467e+12 3.3672e+12 2.9418e+12 2.5655e+12 2.234e+12 1.9432e+12 1.6893e+12 1.4685e+12 1.2771e+12
3.6208 2.2096e+12 2.5442e+12 2.9194e+12 3.3335e+12 3.78e+12 4.245e+12 4.7039e+12 5.1173e+12 5.4279e+12 5.5601e+12 5.4275e+12 4.9554e+12 4.1223e+12 3.0121e+12 1.8383e+12 8.7814e+11 3.0657e+11 7.7707e+10 1.8852e+10 8.4919e+09 8.3231e+09 1.0903e+10 1.4589e+10 1.8383e+10 2.0174e+10 2.4228e+10 1.3371e+11 7.6796e+11 2.3239e+12 4.4e+12 6.1112e+12 6.9709e+12 7.0542e+12 6.6648e+12 6.0713e+12 5.4326e+12 4.821e+12 4.2607e+12 3.7554e+12 3.3019e+12 2.896e+12 2.5341e+12 2.2129e+12 1.9293e+12 1.6803e+12 1.4626e+12 1.2731e+12
3.8338 2.1703e+12 2.4888e+12 2.8415e+12 3.2246e+12 3.6285e+12 4.0364e+12 4.4201e+12 4.738e+12 4.9332e+12 4.9363e+12 4.6776e+12 4.1127e+12 3.2615e+12 2.2438e+12 1.2717e+12 5.5747e+11 1.7841e+11 4.2276e+10 9.8825e+09 4.7435e+09 4.9487e+09 6.36e+09 8.2771e+09 1.0309e+10 1.1292e+10 8.763e+09 2.8384e+10 3.0603e+11 1.291e+12 2.9814e+12 4.7079e+12 5.8435e+12 6.2487e+12 6.1163e+12 5.6972e+12 5.1707e+12 4.6324e+12 4.1226e+12 3.6541e+12 3.2282e+12 2.8433e+12 2.4971e+12 2.1874e+12 1.912e+12 1.6686e+12 1.4547e+12 1.2677e+12
4.0468 2.1289e+12 2.4308e+12 2.7608e+12 3.1126e+12 3.4746e+12 3.827e+12 4.1396e+12 4.3698e+12 4.4633e+12 4.3595e+12 4.0071e+12 3.3898e+12 2.5599e+12 1.6557e+12 8.6841e+11 3.4539e+11 9.7166e+10 1.8904e+10 3.7263e+09 2.396e+09 2.9159e+09 3.7681e+09 4.8323e+09 6.0014e+09 6.8076e+09 5.7067e+09 2.528e+09 9.8643e+10 6.5196e+11 1.9059e+12 3.487e+12 4.7662e+12 5.4308e+12 5.5397e+12 5.2982e+12 4.8904e+12 4.4303e+12 3.9741e+12 3.5441e+12 3.1472e+12 2.7845e+12 2.455e+12 2.1578e+12 1.8915e+12 1.6545e+12 1.4451e+12 1.261e+12
4.2597 2.0856e+12 2.3707e+12 2.6776e+12 2.9984e+12 3.3193e+12 3.6185e+12 3.8643e+12 4.0148e+12 4.02e+12 3.8296e+12 3.4107e+12 2.7719e+12 1.9888e+12 1.204e+12 5.7864e+11 2.0341e+11 4.6729e+10 6.1013e+09 1.0285e+09 1.2873e+09 1.7566e+09 2.28e+09 2.8984e+09 3.589e+09 4.1814e+09 4.4421e+09 7.8151e+08 2.3284e+10 2.9555e+11 1.1444e+12 2.4772e+12 3.7763e+12 4.6249e+12 4.9471e+12 4.8795e+12 4.5941e+12 4.2164e+12 3.8165e+12 3.4267e+12 3.0599e+12 2.7201e+12 2.4083e+12 2.1244e+12 1.8679e+12 1.6381e+12 1.4337e+12 1.2531e+12
4.4727 2.0406e+12 2.3086e+12 2.5925e+12 2.8826e+12 3.1634e+12 3.4117e+12 3.5954e+12 3.6742e+12 3.6035e+12 3.3446e+12 2.8819e+12 2.245e+12 1.5244e+12 8.5751e+11 3.7178e+11 1.1141e+11 1.8939e+10 1.0685e+09 3.4537e+08 7.9034e+08 1.0941e+09 1.4165e+09 1.7881e+09 2.2036e+09 2.589e+09 3.176e+09 2.458e+09 4.2236e+09 1.1984e+11 6.4369e+11 1.6846e+12 2.9021e+12 3.8548e+12 4.3519e+12 4.4473e+12 4.2849e+12 3.9924e+12 3.6511e+12 3.303e+12 2.9672e+12 2.6511e+12 2.3575e+12 2.0875e+12 1.8416e+12 1.6194e+12 1.4206e+12 1.2438e+12
4.6857 1.9941e+12 2.2449e+12 2.5057e+12 2.7656e+12 3.0076e+12 3.2074e+12 3.3336e+12 3.3482e+12 3.2135e+12 2.9019e+12 2.4143e+12 1.7971e+12 1.1489e+12 5.9494e+11 2.2868e+11 5.6417e+10 6.461e+09 3.7706e+07 2.9699e+08 5.2853e+08 7.0655e+08 9.0807e+08 1.1379e+09 1.3936e+09 1.6316e+09 2.0815e+09 2.7817e+09 2.7557e+09 4.5405e+10 3.4007e+11 1.0959e+12 2.161e+12 3.1414e+12 3.7678e+12 4.0086e+12 3.9658e+12 3.7599e+12 3.479e+12 3.1739e+12 2.8698e+12 2.5778e+12 2.303e+12 2.0475e+12 1.8126e+12 1.5987e+12 1.4058e+12 1.2334e+12
4.8987 1.9461e+12 2.1795e+12 2.4175e+12 2.6477e+12 2.8521e+12 3.0062e+12 3.0794e+12 3.0373e+12 2.8491e+12 2.4992e+12 2.0027e+12 1.4193e+12 8.4939e+11 4.0134e+11 1.3505e+11 2.7177e+10 2.3094e+09 1.8897e+08 2.834e+08 3.6588e+08 4.746e+08 6.0325e+08 7.4935e+08 9.1086e+08 1.0586e+09 1.3244e+09 2.0897e+09 3.6356e+09 1.9226e+10 1.7155e+11 6.8306e+11 1.5583e+12 2.5009e+12 3.2079e+12 3.5708e+12 3.6405e+12 3.5208e+12 3.3015e+12 3.0403e+12 2.7684e+12 2.5011e+12 2.2454e+12 2.0048e+12 1.7813e+12 1.5761e+12 1.3896e+12 1.2218e+12
5.1117 1.8968e+12 2.1128e+12 2.328e+12 2.5291e+12 2.6974e+12 2.8085e+12 2.8332e+12 2.7415e+12 2.5102e+12 2.1348e+12 1.6435e+12 1.1048e+12 6.1595e+11 2.642e+11 7.7976e+10 1.3519e+10 1.3592e+09 3.0402e+08 2.2083e+08 2.6136e+08 3.327e+08 4.1674e+08 5.1208e+08 6.1675e+08 7.1139e+08 8.6178e+08 1.2907e+09 3.2701e+09 1.1402e+10 8.6314e+10 4.1064e+11 1.0891e+12 1.9442e+12 2.6841e+12 3.1415e+12 3.3129e+12 3.277e+12 3.1196e+12 2.903e+12 2.6639e+12 2.4214e+12 2.185e+12 1.9595e+12 1.7478e+12 1.5516e+12 1.3719e+12 1.209e+12
5.3247 1.8461e+12 2.0447e+12 2.2374e+12 2.4102e+12 2.5439e+12 2.6146e+12 2.5955e+12 2.4613e+12 2.1967e+12 1.8079e+12 1.3339e+12 8.4809e+11 4.3939e+11 1.7146e+11 4.5437e+10 7.5651e+09 1.0176e+09 2.2866e+08 1.5955e+08 1.9506e+08 2.4357e+08 2.9983e+08 3.6343e+08 4.3308e+08 4.9574e+08 5.876e+08 7.6072e+08 2.1102e+09 8.348e+09 4.6531e+10 2.4165e+11 7.3966e+11 1.4761e+12 2.2061e+12 2.7282e+12 2.9872e+12 3.0305e+12 2.9344e+12 2.7628e+12 2.5568e+12 2.3393e+12 2.1223e+12 1.9122e+12 1.7125e+12 1.5255e+12 1.3529e+12 1.1952e+12
5.5377 1.7943e+12 1.9755e+12 2.146e+12 2.2912e+12 2.3919e+12 2.4253e+12 2.3671e+12 2.1974e+12 1.9089e+12 1.5178e+12 1.0713e+12 6.4334e+11 3.1016e+11 1.1125e+11 2.7403e+10 4.576e+09 6.0005e+08 1.2199e+08 1.2238e+08 1.5226e+08 1.8572e+08 2.2432e+08 2.676e+08 3.1509e+08 3.5765e+08 4.193e+08 4.8512e+08 1.0596e+09 5.7502e+09 2.82e+10 1.4275e+11 4.9104e+11 1.0956e+12 1.7807e+12 2.3375e+12 2.6675e+12 2.7834e+12 2.7471e+12 2.6204e+12 2.4476e+12 2.2552e+12 2.0577e+12 1.8629e+12 1.6754e+12 1.498e+12 1.3326e+12 1.1804e+12
5.7506 1.7413e+12 1.9052e+12 2.054e+12 2.1725e+12 2.242e+12 2.2411e+12 2.1488e+12 1.9507e+12 1.6475e+12 1.264e+12 8.5267e+11 4.8398e+11 2.1815e+11 7.2872e+10 1.6902e+10 2.5696e+09 2.2409e+08 7.2258e+07 1.0177e+08 1.2315e+08 1.467e+08 1.7369e+08 2.0381e+08 2.3683e+08 2.6639e+08 3.0988e+08 3.4804e+08 4.682e+08 3.2493e+09 1.8429e+10 8.7171e+10 3.219e+11 7.9697e+11 1.412e+12 1.9753e+12 2.3579e+12 2.5382e+12 2.5587e+12 2.4763e+12 2.3368e+12 2.1695e+12 1.9915e+12 1.8121e+12 1.6368e+12 1.469e+12 1.3111e+12 1.1646e+12
5.9636 1.6873e+12 1.8341e+12 1.9615e+12 2.0545e+12 2.0949e+12 2.0629e+12 1.9416e+12 1.7221e+12 1.4128e+12 1.0452e+12 6.7411e+11 3.6247e+11 1.536e+11 4.7976e+10 1.0107e+10 1.1409e+09 4.0065e+07 6.531e+07 8.7443e+07 1.0215e+08 1.1914e+08 1.3836e+08 1.5978e+08 1.8309e+08 2.0408e+08 2.3522e+08 2.6752e+08 2.4824e+08 1.3858e+09 1.1734e+10 5.5844e+10 2.1133e+11 5.7069e+11 1.101e+12 1.6462e+12 2.0626e+12 2.2971e+12 2.3705e+12 2.3314e+12 2.2249e+12 2.0828e+12 1.9241e+12 1.7601e+12 1.597e+12 1.4389e+12 1.2886e+12 1.148e+12
6.1766 1.6324e+12 1.7623e+12 1.8691e+12 1.9377e+12 1.9511e+12 1.8917e+12 1.7465e+12 1.5126e+12 1.2048e+12 8.5957e+11 5.3058e+11 2.7092e+11 1.0806e+11 3.1076e+10 5.4733e+09 3.2878e+08 1.7356e+07 6.5782e+07 7.5484e+07 8.6202e+07 9.8699e+07 1.1266e+08 1.2815e+08 1.4491e+08 1.6004e+08 1.8252e+08 2.0955e+08 1.9709e+08 3.9374e+08 6.6002e+09 3.6837e+10 1.4091e+11 4.0499e+11 8.4585e+11 1.3534e+12 1.7849e+12 2.0624e+12 2.1838e+12 2.1862e+12 2.1124e+12 1.9951e+12 1.8558e+12 1.707e+12 1.5561e+12 1.4078e+12 1.2652e+12 1.1306e+12
6.3896 1.5768e+12 1.6901e+12 1.7769e+12 1.8227e+12 1.8114e+12 1.7284e+12 1.5645e+12 1.3226e+12 1.0227e+12 7.0401e+11 4.1637e+11 2.0196e+11 7.5262e+10 1.9226e+10 2.536e+09 4.4513e+07 4.6452e+07 6.0288e+07 6.5294e+07 7.3537e+07 8.2842e+07 9.3213e+07 1.0455e+08 1.1682e+08 1.2783e+08 1.4427e+08 1.6485e+08 1.7992e+08 7.5426e+07 2.9842e+09 2.3856e+10 9.5988e+10 2.8723e+11 6.4232e+11 1.0985e+12 1.5279e+12 1.8364e+12 1.9997e+12 2.0414e+12 1.9994e+12 1.9069e+12 1.7868e+12 1.6531e+12 1.5143e+12 1.3758e+12 1.2409e+12 1.1124e+12
6.6026 1.5205e+12 1.6177e+12 1.6855e+12 1.7099e+12 1.6767e+12 1.5737e+12 1.3963e+12 1.152e+12 8.6501e+11 5.7481e+11 3.2573e+11 1.4949e+11 5.1168e+10 1.1087e+10 1.0035e+09 3.9873e+07 5.9179e+07 5.1819e+07 5.6654e+07 6.3065e+07 7.0118e+07 7.7923e+07 8.6364e+07 9.547e+07 1.0357e+08 1.1574e+08 1.3074e+08 1.5376e+08 7.5041e+07 9.3107e+08 1.4316e+10 6.6155e+10 2.0514e+11 4.8434e+11 8.8155e+11 1.2942e+12 1.6214e+12 1.8197e+12 1.8976e+12 1.8865e+12 1.8185e+12 1.7173e+12 1.5986e+12 1.4719e+12 1.343e+12 1.2159e+12 1.0935e+12
6.8156 1.4639e+12 1.5455e+12 1.5952e+12 1.6001e+12 1.5475e+12 1.4285e+12 1.2421e+12 1.0002e+12 7.2946e+11 4.6788e+11 2.5347e+11 1.0909e+11 3.3524e+10 5.9486e+09 4.2869e+08 8.634e+07 4.9856e+07 4.4494e+07 4.9199e+07 5.4166e+07 5.9625e+07 6.5551e+07 7.1944e+07 7.8759e+07 8.4818e+07 9.3875e+07 1.0489e+08 1.2244e+08 1.2743e+08 1.2661e+08 7.5108e+09 4.4982e+10 1.4799e+11 3.6459e+11 7.012e+11 1.0853e+12 1.4194e+12 1.6451e+12 1.7556e+12 1.774e+12 1.7299e+12 1.6475e+12 1.5437e+12 1.4288e+12 1.3096e+12 1.1903e+12 1.074e+12
7.0286 1.4071e+12 1.4737e+12 1.5066e+12 1.4938e+12 1.4247e+12 1.2931e+12 1.102e+12 8.6612e+11 6.1342e+11 3.7926e+11 1.9545e+11 7.792e+10 2.1081e+10 3.1182e+09 3.0604e+08 8.7164e+07 3.6504e+07 3.8816e+07 4.2628e+07 4.6513e+07 5.0781e+07 5.5343e+07 6.0236e+07 6.5395e+07 6.9986e+07 7.6757e+07 8.5028e+07 9.5879e+07 1.3369e+08 2.0349e+07 3.2426e+09 2.9191e+10 1.0724e+11 2.7525e+11 5.5457e+11 9.0223e+11 1.2322e+12 1.4772e+12 1.6161e+12 1.6622e+12 1.6414e+12 1.5776e+12 1.4885e+12 1.3854e+12 1.2757e+12 1.1641e+12 1.054e+12
7.2416 1.3504e+12 1.4028e+12 1.4201e+12 1.3915e+12 1.3085e+12 1.1678e+12 9.7529e+11 7.4812e+11 5.1411e+11 3.055e+11 1.487e+11 5.4257e+10 1.2883e+10 1.7888e+09 2.7406e+08 5.3565e+07 2.9112e+07 3.3905e+07 3.6788e+07 3.9892e+07 4.3232e+07 4.6799e+07 5.0568e+07 5.4527e+07 5.802e+07 6.3143e+07 6.9399e+07 7.6592e+07 1.0389e+08 1.1887e+08 1.1072e+09 1.7495e+10 7.6961e+10 2.0878e+11 4.3767e+11 7.4479e+11 1.0614e+12 1.3175e+12 1.4799e+12 1.5515e+12 1.5531e+12 1.5076e+12 1.433e+12 1.3416e+12 1.2413e+12 1.1374e+12 1.0336e+12
7.4545 1.294e+12 1.333e+12 1.336e+12 1.2936e+12 1.1993e+12 1.0524e+12 8.6126e+11 6.4442e+11 4.2893e+11 2.4392e+11 1.1127e+11 3.6923e+10 7.9148e+09 1.205e+09 1.9708e+08 2.4084e+07 2.6162e+07 2.9359e+07 3.1622e+07 3.4128e+07 3.6762e+07 3.9569e+07 4.2502e+07 4.557e+07 4.8237e+07 5.2169e+07 5.6896e+07 6.2431e+07 7.2251e+07 1.6623e+08 3.8836e+08 9.4537e+09 5.3644e+10 1.5859e+11 3.4572e+11 6.1196e+11 9.0796e+11 1.1673e+12 1.3478e+12 1.4423e+12 1.4654e+12 1.4377e+12 1.3775e+12 1.2976e+12 1.2067e+12 1.1104e+12 1.0127e+12
7.6675 1.2381e+12 1.2647e+12 1.2548e+12 1.2005e+12 1.0972e+12 9.4662e+11 7.5883e+11 5.5321e+11 3.5569e+11 1.926e+11 8.1873e+10 2.4837e+10 5.0975e+09 8.6081e+08 9.5295e+07 1.4183e+07 2.3689e+07 2.5233e+07 2.7093e+07 2.9099e+07 3.1208e+07 3.342e+07 3.5726e+07 3.8114e+07 4.0178e+07 4.3209e+07 4.6802e+07 5.1194e+07 5.3631e+07 1.2881e+08 3.1286e+08 4.6284e+09 3.5627e+10 1.1964e+11 2.7364e+11 5.0171e+11 7.724e+11 1.0278e+12 1.221e+12 1.3352e+12 1.3783e+12 1.368e+12 1.322e+12 1.2535e+12 1.1718e+12 1.083e+12 9.915e+11
7.8805 1.183e+12 1.1981e+12 1.1767e+12 1.1123e+12 1.0022e+12 8.498e+11 6.6681e+11 4.7283e+11 2.9269e+11 1.5023e+11 5.9444e+10 1.6814e+10 3.4737e+09 5.5242e+08 2.3929e+07 1.5823e+07 2.0504e+07 2.1594e+07 2.3136e+07 2.4734e+07 2.6431e+07 2.8184e+07 3.0006e+07 3.1875e+07 3.3495e+07 3.5828e+07 3.8599e+07 4.197e+07 4.4346e+07 6.8626e+07 3.4137e+08 2.2512e+09 2.2271e+10 8.8588e+10 2.1664e+11 4.1127e+11 6.5453e+11 9.0009e+11 1.1002e+12 1.2307e+12 1.2921e+12 1.2986e+12 1.2664e+12 1.2092e+12 1.1367e+12 1.0554e+12 9.6999e+11
8.0935 1.129e+12 1.1334e+12 1.1019e+12 1.029e+12 9.1381e+11 7.6128e+11 5.8407e+11 4.0195e+11 2.3875e+11 1.1585e+11 4.2908e+10 1.1631e+10 2.395e+09 2.7985e+08 1.248e+06 1.7476e+07 1.7306e+07 1.8427e+07 1.9679e+07 2.097e+07 2.2325e+07 2.3727e+07 2.5167e+07 2.6642e+07 2.7915e+07 2.9727e+07 3.1882e+07 3.4433e+07 3.7597e+07 3.3338e+07 2.7273e+08 1.3393e+09 1.3164e+10 6.3627e+10 1.7068e+11 3.3738e+11 5.5349e+11 7.847e+11 9.8651e+11 1.1294e+12 1.2072e+12 1.2295e+12 1.211e+12 1.1649e+12 1.1015e+12 1.0276e+12 9.4823e+11
8.3065 1.0761e+12 1.071e+12 1.0305e+12 9.5068e+11 8.3183e+11 6.8031e+11 5.0958e+11 3.3952e+11 1.93e+11 8.8579e+10 3.1073e+10 8.2157e+09 1.5566e+09 9.7952e+07 7.327e+06 1.5504e+07 1.4655e+07 1.568e+07 1.6678e+07 1.7733e+07 1.8812e+07 1.9933e+07 2.1077e+07 2.2244e+07 2.3242e+07 2.467e+07 2.6344e+07 2.8303e+07 3.1041e+07 2.537e+07 1.4162e+08 1.0189e+09 7.6355e+09 4.3989e+10 1.3284e+11 2.7669e+11 4.6777e+11 6.8191e+11 8.8067e+11 1.0321e+12 1.124e+12 1.161e+12 1.1556e+12 1.1206e+12 1.0661e+12 9.9961e+11 9.2625e+11
8.5195 1.0246e+12 1.0108e+12 9.6257e+11 8.7705e+11 7.5577e+11 6.062e+11 4.4254e+11 2.8482e+11 1.5476e+11 6.7463e+10 2.2712e+10 5.7972e+09 8.9809e+08 2.1665e+07 1.5846e+07 1.2136e+07 1.2494e+07 1.3303e+07 1.4103e+07 1.4952e+07 1.582e+07 1.6711e+07 1.7624e+07 1.8548e+07 1.9332e+07 2.0464e+07 2.1766e+07 2.3297e+07 2.5192e+07 2.633e+07 4.0237e+07 7.7683e+08 4.6773e+09 2.9318e+10 1.0136e+11 2.2614e+11 3.9535e+11 5.9145e+11 7.8336e+11 9.3943e+11 1.0428e+12 1.0933e+12 1.1005e+12 1.0762e+12 1.0307e+12 9.7146e+11 9.0408e+11
8.7325 9.7464e+11 9.5305e+11 8.9806e+11 8.0789e+11 6.8515e+11 5.3831e+11 3.8233e+11 2.3732e+11 1.2335e+11 5.1422e+10 1.6722e+10 3.9581e+09 4.4696e+08 1.4466e+07 1.5792e+07 9.6606e+06 1.0634e+07 1.1253e+07 1.1908e+07 1.2579e+07 1.3278e+07 1.3987e+07 1.4713e+07 1.5445e+07 1.6067e+07 1.6956e+07 1.798e+07 1.918e+07 2.0521e+07 2.4316e+07 5.1088e+06 4.802e+08 3.1891e+09 1.9142e+10 7.5421e+10 1.8334e+11 3.3399e+11 5.1258e+11 6.9493e+11 8.5207e+11 9.6417e+11 1.0266e+12 1.0457e+12 1.0319e+12 9.9514e+11 9.4317e+11 8.8174e+11
8.9455 9.2624e+11 8.9766e+11 8.3684e+11 7.4293e+11 6.1956e+11 4.7618e+11 3.2854e+11 1.9657e+11 9.8005e+10 3.9331e+10 1.2269e+10 2.5448e+09 2.0355e+08 2.6203e+07 1.0463e+07 8.2874e+06 9.0128e+06 9.5043e+06 1.0035e+07 1.0569e+07 1.1125e+07 1.1692e+07 1.2265e+07 1.2846e+07 1.3341e+07 1.4035e+07 1.4847e+07 1.5786e+07 1.6846e+07 1.9224e+07 1.1204e+07 2.0759e+08 2.3054e+09 1.2633e+10 5.4704e+10 1.467e+11 2.8149e+11 4.4411e+11 6.1544e+11 7.7056e+11 8.8862e+11 9.6123e+11 9.9138e+11 9.8771e+11 9.5956e+11 9.1477e+11 8.5925e+11
9.1584 8.7947e+11 8.4463e+11 7.7876e+11 6.8188e+11 5.5861e+11 4.1945e+11 2.8084e+11 1.6206e+11 7.782e+10 3.0145e+10 8.8308e+09 1.5288e+09 1.1206e+08 2.7894e+07 6.0705e+06 7.2711e+06 7.6286e+06 8.0262e+06 8.4431e+06 8.874e+06 9.3113e+06 9.7618e+06 1.0214e+07 1.0674e+07 1.1063e+07 1.161e+07 1.225e+07 1.2985e+07 1.3846e+07 1.4639e+07 2.1029e+07 4.8846e+07 1.5782e+09 8.6911e+09 3.8951e+10 1.1539e+11 2.3596e+11 3.8461e+11 5.4458e+11 6.953e+11 8.1665e+11 8.9751e+11 9.3766e+11 9.4364e+11 9.2394e+11 8.8625e+11 8.3661e+11
9.3714 8.3435e+11 7.9389e+11 7.2364e+11 6.2448e+11 5.0204e+11 3.6789e+11 2.3895e+11 1.3324e+11 6.184e+10 2.3022e+10 6.1532e+09 8.8403e+08 9.1332e+07 1.7839e+07 4.6873e+06 6.2344e+06 6.4593e+06 6.7804e+06 7.1025e+06 7.4462e+06 7.7918e+06 8.1445e+06 8.5034e+06 8.8629e+06 9.1667e+06 9.6021e+06 1.0099e+07 1.0677e+07 1.1354e+07 1.1803e+07 1.9573e+07 6.9844e+06 9.2787e+08 6.2333e+09 2.7628e+10 8.9122e+10 1.9605e+11 3.3253e+11 4.8168e+11 6.2645e+11 7.487e+11 8.3584e+11 8.8479e+11 8.9982e+11 8.8832e+11 8.5763e+11 8.1384e+11
9.5844 7.9086e+11 7.4533e+11 6.7129e+11 5.7049e+11 4.4965e+11 3.2133e+11 2.0257e+11 1.094e+11 4.9141e+10 1.7377e+10 4.1345e+09 5.3374e+08 7.9913e+07 6.5928e+06 4.7787e+06 5.2508e+06 5.4746e+06 5.7271e+06 5.9832e+06 6.2485e+06 6.5219e+06 6.7965e+06 7.0786e+06 7.3591e+06 7.5966e+06 7.9379e+06 8.3244e+06 8.7779e+06 9.3052e+06 9.8832e+06 1.234e+07 2.0464e+07 4.4112e+08 4.4743e+09 1.9861e+10 6.7779e+10 1.6099e+11 2.8647e+11 4.2587e+11 5.6394e+11 6.8513e+11 7.7659e+11 8.3299e+11 8.5637e+11 8.5274e+11 8.2893e+11 7.9093e+11
9.7974 7.4894e+11 6.9884e+11 6.2156e+11 5.1978e+11 4.0133e+11 2.7964e+11 1.713e+11 8.9794e+10 3.8929e+10 1.287e+10 2.7114e+09 3.6545e+08 5.615e+07 1.4844e+06 4.6279e+06 4.4482e+06 4.6491e+06 4.8422e+06 5.0474e+06 5.2503e+06 5.4629e+06 5.6782e+06 5.895e+06 6.1145e+06 6.3006e+06 6.562e+06 6.8652e+06 7.2172e+06 7.6246e+06 8.1703e+06 7.4166e+06 3.1569e+07 1.7653e+08 3.0408e+09 1.459e+10 5.1124e+10 1.3047e+11 2.4533e+11 3.7609e+11 5.0745e+11 6.2614e+11 7.2011e+11 7.8256e+11 8.1344e+11 8.1728e+11 8.0017e+11 7.679e+11
10.01 7.0853e+11 6.543e+11 5.7432e+11 4.7224e+11 3.5701e+11 2.4262e+11 1.4463e+11 7.3638e+10 3.0606e+10 9.3264e+09 1.7889e+09 2.7451e+08 2.7243e+07 1.87e+06 3.915e+06 3.8071e+06 3.9601e+06 4.1063e+06 4.264e+06 4.4224e+06 4.5842e+06 4.7515e+06 4.9172e+06 5.0872e+06 5.231e+06 5.4306e+06 5.6669e+06 5.9368e+06 6.2503e+06 6.6438e+06 6.139e+06 2.3646e+07 9.0833e+07 1.8801e+09 1.0838e+10 3.8614e+10 1.0443e+11 2.0839e+11 3.3134e+11 4.5644e+11 5.7177e+11 6.6668e+11 7.3376e+11 7.7121e+11 7.8202e+11 7.7138e+11 7.4476e+11
10.223 6.6955e+11 6.1162e+11 5.2948e+11 4.2783e+11 3.1663e+11 2.1003e+11 1.22e+11 6.0234e+10 2.3779e+10 6.6425e+09 1.2304e+09 1.9928e+08 7.0684e+06 3.5428e+06 3.1457e+06 3.2731e+06 3.3824e+06 3.4968e+06 3.6116e+06 3.7355e+06 3.8583e+06 3.9848e+06 4.1126e+06 4.2412e+06 4.3501e+06 4.5047e+06 4.6838e+06 4.8901e+06 5.1324e+06 5.4062e+06 5.8771e+06 9.4135e+06 8.3368e+07 1.0574e+09 7.9362e+09 2.9422e+10 8.2852e+10 1.7532e+11 2.9075e+11 4.1025e+11 5.219e+11 6.1652e+11 6.8686e+11 7.2988e+11 7.4706e+11 7.4262e+11 7.2152e+11
10.436 6.3193e+11 5.7072e+11 4.87e+11 3.8654e+11 2.8011e+11 1.8154e+11 1.028e+11 4.9017e+10 1.8215e+10 4.7093e+09 8.8951e+08 1.2483e+08 4.5988e+05 3.8154e+06 2.6458e+06 2.8158e+06 2.8985e+06 2.9873e+06 3.0734e+06 3.166e+06 3.2598e+06 3.3534e+06 3.4512e+06 3.5471e+06 3.6286e+06 3.7475e+06 3.8804e+06 4.038e+06 4.2224e+06 4.4296e+06 5.0241e+06 2.1288e+06 7.543e+07 5.8471e+08 5.5785e+09 2.2613e+10 6.5498e+10 1.461e+11 2.5371e+11 3.6816e+11 4.7622e+11 5.6972e+11 6.4211e+11 6.8965e+11 7.1254e+11 7.1394e+11 6.9821e+11
10.649 5.9562e+11 5.3157e+11 4.4689e+11 3.4838e+11 2.4732e+11 1.5674e+11 8.6438e+10 3.9576e+10 1.3777e+10 3.3802e+09 6.5165e+08 6.2529e+07 2.3224e+06 2.8425e+06 2.3501e+06 2.4351e+06 2.4956e+06 2.5611e+06 2.629e+06 2.6953e+06 2.7657e+06 2.8358e+06 2.9075e+06 2.9794e+06 3.0405e+06 3.128e+06 3.2274e+06 3.3456e+06 3.4832e+06 3.6448e+06 3.884e+06 2.387e+06 4.7024e+07 3.7112e+08 3.7176e+09 1.7363e+10 5.1869e+10 1.2076e+11 2.1986e+11 3.2951e+11 4.3432e+11 5.2625e+11 5.9968e+11 6.5073e+11 6.7861e+11 6.8542e+11 6.7485e+11
10.862 5.6056e+11 4.9413e+11 4.0916e+11 3.1332e+11 2.1805e+11 1.3517e+11 7.2414e+10 3.1649e+10 1.0346e+10 2.4819e+09 4.5662e+08 2.4854e+07 5.0546e+06 1.8641e+06 2.0916e+06 2.115e+06 2.1616e+06 2.2074e+06 2.2594e+06 2.3079e+06 2.3585e+06 2.4111e+06 2.4622e+06 2.5157e+06 2.561e+06 2.623e+06 2.698e+06 2.7837e+06 2.8835e+06 3.0052e+06 3.06e+06 4.0973e+06 1.6507e+07 2.7905e+08 2.3833e+09 1.3126e+10 4.1249e+10 9.9295e+10 1.8914e+11 2.9378e+11 3.9571e+11 4.8597e+11 5.5968e+11 6.133e+11 6.4541e+11 6.5715e+11 6.515e+11
11.075 5.2673e+11 4.5844e+11 3.7384e+11 2.8129e+11 1.9201e+11 1.1636e+11 6.0338e+10 2.507e+10 7.7809e+09 1.8514e+09 2.9197e+08 1.1492e+07 4.9383e+06 1.5027e+06 1.8251e+06 1.8461e+06 1.8817e+06 1.9159e+06 1.9509e+06 1.988e+06 2.0238e+06 2.0617e+06 2.0985e+06 2.1368e+06 2.169e+06 2.2137e+06 2.2679e+06 2.3288e+06 2.4014e+06 2.4888e+06 2.566e+06 3.8044e+06 1.6816e+06 2.0759e+08 1.5414e+09 9.6522e+09 3.2865e+10 8.1503e+10 1.616e+11 2.6065e+11 3.5991e+11 4.4861e+11 5.2213e+11 5.7752e+11 6.1309e+11 6.2925e+11 6.2822e+11
11.288 4.9415e+11 4.2454e+11 3.4095e+11 2.522e+11 1.689e+11 9.9904e+10 4.9936e+10 1.9719e+10 5.9038e+09 1.3705e+09 1.6819e+08 1.1468e+07 2.793e+06 1.5143e+06 1.5899e+06 1.6177e+06 1.6454e+06 1.6723e+06 1.6955e+06 1.7228e+06 1.7486e+06 1.7741e+06 1.8012e+06 1.8272e+06 1.8493e+06 1.8822e+06 1.9187e+06 1.9621e+06 2.014e+06 2.0752e+06 2.1678e+06 2.4007e+06 1.6659e+06 1.2814e+08 1.0607e+09 6.8908e+09 2.6057e+10 6.6955e+10 1.3734e+11 2.2999e+11 3.265e+11 4.1387e+11 4.8699e+11 5.4349e+11 5.8181e+11 6.0183e+11 6.0506e+11
11.501 4.6282e+11 3.9246e+11 3.1049e+11 2.2587e+11 1.4836e+11 8.5443e+10 4.1035e+10 1.547e+10 4.5248e+09 9.7924e+08 9.2666e+07 1.2853e+07 9.9861e+05 1.4795e+06 1.4034e+06 1.4285e+06 1.4464e+06 1.4662e+06 1.4842e+06 1.502e+06 1.5207e+06 1.5381e+06 1.5568e+06 1.5744e+06 1.5893e+06 1.6122e+06 1.6361e+06 1.6665e+06 1.7018e+06 1.7417e+06 1.8009e+06 1.5535e+06 5.1527e+06 5.9719e+07 7.7351e+08 4.8374e+09 2.0392e+10 5.5071e+10 1.1633e+11 2.0183e+11 2.9518e+11 3.814e+11 4.5411e+11 5.1127e+11 5.517e+11 5.75e+11 5.8212e+11
11.714 4.3281e+11 3.6224e+11 2.824e+11 2.0208e+11 1.3005e+11 7.272e+10 3.3513e+10 1.2163e+10 3.476e+09 6.6399e+08 5.8018e+07 1.0228e+07 5.8488e+05 1.298e+06 1.2522e+06 1.2666e+06 1.2795e+06 1.2921e+06 1.3072e+06 1.3186e+06 1.3312e+06 1.3436e+06 1.3553e+06 1.3675e+06 1.3778e+06 1.3914e+06 1.408e+06 1.4275e+06 1.4498e+06 1.4766e+06 1.5068e+06 1.4315e+06 5.0188e+06 2.2557e+07 5.5591e+08 3.4222e+09 1.567e+10 4.5242e+10 9.8423e+10 1.7626e+11 2.658e+11 3.5088e+11 4.2329e+11 4.8085e+11 5.2284e+11 5.4888e+11 5.5946e+11
11.927 4.0414e+11 3.3391e+11 2.5659e+11 1.8057e+11 1.1367e+11 6.1559e+10 2.7264e+10 9.6096e+09 2.6395e+09 4.3034e+08 4.5895e+07 5.0715e+06 9.9073e+05 1.0892e+06 1.1156e+06 1.1274e+06 1.1379e+06 1.1465e+06 1.1565e+06 1.1652e+06 1.1732e+06 1.182e+06 1.189e+06 1.1971e+06 1.2037e+06 1.2114e+06 1.2226e+06 1.2336e+06 1.2473e+06 1.2655e+06 1.2829e+06 1.3956e+06 2.2965e+06 1.3686e+07 3.6432e+08 2.4884e+09 1.1837e+10 3.6961e+10 8.3264e+10 1.5336e+11 2.3832e+11 3.2205e+11 3.9429e+11 4.5217e+11 4.9531e+11 5.2357e+11 5.372e+11
12.14 3.7688e+11 3.0745e+11 2.3291e+11 1.611e+11 9.9009e+10 5.1846e+10 2.2159e+10 7.6178e+09 1.9554e+09 2.7854e+08 3.8653e+07 1.0846e+06 1.2652e+06 9.6094e+05 9.9794e+05 1.0055e+06 1.0155e+06 1.0234e+06 1.0288e+06 1.0359e+06 1.0411e+06 1.0463e+06 1.0513e+06 1.0558e+06 1.0595e+06 1.0646e+06 1.0705e+06 1.0766e+06 1.0845e+06 1.0942e+06 1.105e+06 1.18e+06 5.1699e+05 1.4976e+07 2.1141e+08 1.8476e+09 8.8658e+09 2.9894e+10 7.0411e+10 1.3314e+11 2.1282e+11 2.9474e+11 3.6689e+11 4.251e+11 4.6912e+11 4.9915e+11 5.154e+11
12.353 3.5104e+11 2.8283e+11 2.1121e+11 1.4343e+11 8.5884e+10 4.3491e+10 1.8037e+10 6.0235e+09 1.4063e+09 1.9257e+08 2.8045e+07 8766 1.1035e+06 8.8162e+05 8.9476e+05 9.0309e+05 9.0974e+05 9.1666e+05 9.2048e+05 9.253e+05 9.2938e+05 9.322e+05 9.3574e+05 9.3801e+05 9.3964e+05 9.4329e+05 9.4512e+05 9.4867e+05 9.5228e+05 9.5566e+05 9.6177e+05 9.4807e+05 5.821e+05 1.2778e+07 1.1636e+08 1.3554e+09 6.6665e+09 2.3884e+10 5.9403e+10 1.1546e+11 1.8938e+11 2.6889e+11 3.4086e+11 3.995e+11 4.4426e+11 4.757e+11 4.9416e+11
12.566 3.2666e+11 2.5995e+11 1.9129e+11 1.2736e+11 7.4192e+10 3.6401e+10 1.4712e+10 4.7132e+09 9.9114e+08 1.4559e+08 1.5414e+07 8.0016e+05 7.8644e+05 8.113e+05 8.0872e+05 8.1393e+05 8.1848e+05 8.2322e+05 8.2815e+05 8.3067e+05 8.3373e+05 8.3573e+05 8.3769e+05 8.3902e+05 8.3996e+05 8.4134e+05 8.4183e+05 8.4319e+05 8.4367e+05 8.4354e+05 8.4526e+05 8.2381e+05 1.0962e+06 6.3063e+06 7.3692e+07 9.4849e+08 5.0733e+09 1.888e+10 4.9861e+10 1.0007e+11 1.6808e+11 2.445e+11 3.1605e+11 3.7519e+11 4.2065e+11 4.5324e+11 4.7354e+11
12.779 3.0371e+11 2.3872e+11 1.7297e+11 1.1273e+11 6.3859e+10 3.0452e+10 1.2003e+10 3.6268e+09 7.0179e+08 1.1282e+08 5.8132e+06 1.5534e+06 6.1664e+05 7.2427e+05 7.2789e+05 7.355e+05 7.3964e+05 7.4261e+05 7.4705e+05 7.4916e+05 7.5122e+05 7.5323e+05 7.5388e+05 7.5494e+05 7.5568e+05 7.5517e+05 7.5579e+05 7.5499e+05 7.5391e+05 7.5315e+05 7.5115e+05 7.5495e+05 1.0429e+06 1.1864e+06 5.7445e+07 6.2659e+08 3.8898e+09 1.4846e+10 4.1535e+10 8.662e+10 1.4893e+11 2.2165e+11 2.9236e+11 3.5201e+11 3.9822e+11 4.3178e+11 4.5361e+11
12.992 2.8216e+11 2.1901e+11 1.561e+11 9.9462e+10 5.4818e+10 2.5492e+10 9.7543e+09 2.7429e+09 5.1348e+08 8.1384e+07 1.8983e+06 1.3985e+06 6.1005e+05 6.5288e+05 6.6022e+05 6.643e+05 6.6957e+05 6.73e+05 6.7564e+05 6.784e+05 6.798e+05 6.8134e+05 6.8198e+05 6.8261e+05 6.8293e+05 6.8229e+05 6.8243e+05 6.8081e+05 6.794e+05 6.7775e+05 6.7413e+05 6.7779e+05 6.6967e+05 2.0122e+05 4.3978e+07 4.042e+08 2.9564e+09 1.1689e+10 3.4307e+10 7.4789e+10 1.3183e+11 2.0042e+11 2.6977e+11 3.2983e+11 3.7683e+11 4.113e+11 4.3441e+11
13.205 2.6194e+11 2.0067e+11 1.4054e+11 8.7478e+10 4.6988e+10 2.135e+10 7.8607e+09 2.0534e+09 3.9051e+08 5.1114e+07 2.1674e+06 7.4486e+05 6.1604e+05 5.8964e+05 5.9728e+05 6.0266e+05 6.0734e+05 6.1139e+05 6.1291e+05 6.1578e+05 6.1741e+05 6.184e+05 6.1946e+05 6.1973e+05 6.196e+05 6.1997e+05 6.1896e+05 6.1795e+05 6.1633e+05 6.1351e+05 6.0947e+05 6.0304e+05 4.9136e+05 1.3162e+06 2.6634e+07 2.7331e+08 2.1896e+09 9.25e+09 2.8134e+10 6.4294e+10 1.1657e+11 1.8088e+11 2.4831e+11 3.0853e+11 3.5638e+11 3.9174e+11 4.1596e+11
13.418 2.4297e+11 1.8359e+11 1.262e+11 7.6734e+10 4.0259e+10 1.786e+10 6.2633e+09 1.5426e+09 2.9988e+08 2.7698e+07 3.2493e+06 3.1433e+05 5.6415e+05 5.4192e+05 5.4597e+05 5.4863e+05 5.5182e+05 5.5559e+05 5.5831e+05 5.6026e+05 5.6219e+05 5.631e+05 5.6431e+05 5.6462e+05 5.6457e+05 5.6516e+05 5.6401e+05 5.6363e+05 5.6187e+05 5.5884e+05 5.5609e+05 5.4963e+05 5.2673e+05 1.7143e+06 1.1533e+07 2.006e+08 1.5723e+09 7.3373e+09 2.2983e+10 5.4954e+10 1.0294e+11 1.6303e+11 2.2803e+11 2.8808e+11 3.3675e+11 3.7303e+11 3.9825e+11
13.631 2.2516e+11 1.6766e+11 1.1302e+11 6.7184e+10 3.4496e+10 1.4883e+10 4.9371e+09 1.1779e+09 2.222e+08 1.4839e+07 3.0051e+06 3.1812e+05 4.8255e+05 4.8971e+05 4.945e+05 5.003e+05 5.0329e+05 5.057e+05 5.0927e+05 5.1084e+05 5.1276e+05 5.1426e+05 5.1507e+05 5.1584e+05 5.1635e+05 5.1628e+05 5.1623e+05 5.1566e+05 5.142e+05 5.1219e+05 5.0999e+05 5.0622e+05 5.4358e+05 9.6281e+05 4.5156e+06 1.4969e+08 1.1113e+09 5.7847e+09 1.8772e+10 4.6683e+10 9.0683e+10 1.4679e+11 2.0901e+11 2.6845e+11 3.1785e+11 3.5509e+11 3.8126e+11
13.844 2.0841e+11 1.528e+11 1.0098e+11 5.8759e+10 2.9547e+10 1.2322e+10 3.8684e+09 9.1588e+08 1.5365e+08 1.0762e+07 1.608e+06 4.8117e+05 4.3003e+05 4.4831e+05 4.5247e+05 4.5572e+05 4.5924e+05 4.6186e+05 4.6482e+05 4.6696e+05 4.6859e+05 4.7035e+05 4.7122e+05 4.7225e+05 4.7305e+05 4.7284e+05 4.7368e+05 4.7294e+05 4.7228e+05 4.7138e+05 4.6836e+05 4.6524e+05 4.7683e+05 2.4926e+05 4.1194e+06 1.0237e+08 7.975e+08 4.4915e+09 1.5363e+10 3.9451e+10 7.9599e+10 1.3204e+11 1.913e+11 2.4969e+11 2.9962e+11 3.3784e+11 3.6496e+11
14.057 1.9264e+11 1.3896e+11 9.0048e+10 5.1366e+10 2.5267e+10 1.0122e+10 3.036e+09 7.1505e+08 9.9243e+07 1.0266e+07 3.5097e+05 5.1503e+05 4.003e+05 4.0711e+05 4.1103e+05 4.1545e+05 4.1968e+05 4.2275e+05 4.2449e+05 4.2725e+05 4.2898e+05 4.306e+05 4.3191e+05 4.3297e+05 4.3362e+05 4.3436e+05 4.3497e+05 4.3491e+05 4.3489e+05 4.3421e+05 4.3211e+05 4.2981e+05 4.1113e+05 2.2521e+05 4.8475e+06 6.0748e+07 5.9292e+08 3.4228e+09 1.2577e+10 3.3236e+10 6.956e+10 1.186e+11 1.749e+11 2.3184e+11 2.8201e+11 3.212e+11 3.4929e+11
14.27 1.7778e+11 1.2611e+11 8.0185e+10 4.4888e+10 2.1534e+10 8.255e+09 2.4022e+09 5.4806e+08 6.3433e+07 8.9837e+06 17149 4.0811e+05 3.7524e+05 3.7503e+05 3.7863e+05 3.8057e+05 3.833e+05 3.8686e+05 3.8888e+05 3.9127e+05 3.9328e+05 3.9465e+05 3.964e+05 3.9741e+05 3.98e+05 3.9954e+05 3.9978e+05 4.0073e+05 4.0094e+05 4.0038e+05 3.9982e+05 3.9822e+05 3.8749e+05 4.8251e+05 3.56e+06 3.3342e+07 4.4852e+08 2.5771e+09 1.0254e+10 2.7977e+10 6.0506e+10 1.063e+11 1.5976e+11 2.1496e+11 2.6504e+11 3.051e+11 3.3419e+11
14.483 1.6378e+11 1.1424e+11 7.134e+10 3.9199e+10 1.8261e+10 6.705e+09 1.9177e+09 4.052e+08 4.4579e+07 5.8726e+06 3.3539e+05 3.0048e+05 3.3997e+05 3.41e+05 3.4462e+05 3.4875e+05 3.5149e+05 3.5382e+05 3.5673e+05 3.5853e+05 3.6067e+05 3.6234e+05 3.6387e+05 3.6515e+05 3.6605e+05 3.6739e+05 3.6813e+05 3.6936e+05 3.6982e+05 3.6991e+05 3.7045e+05 3.6936e+05 3.7347e+05 5.1488e+05 1.257e+06 2.1589e+07 3.2953e+08 1.9457e+09 8.2797e+09 2.356e+10 5.2422e+10 9.5007e+10 1.458e+11 1.9908e+11 2.4873e+11 2.895e+11 3.196e+11
14.696 1.5062e+11 1.0333e+11 6.3437e+10 3.4173e+10 1.5399e+10 5.4476e+09 1.5339e+09 2.8883e+08 3.5683e+07 2.5096e+06 6.1867e+05 2.7247e+05 3.0828e+05 3.1336e+05 3.1721e+05 3.2004e+05 3.2218e+05 3.2442e+05 3.2737e+05 3.2917e+05 3.3105e+05 3.3294e+05 3.3428e+05 3.3575e+05 3.3701e+05 3.3782e+05 3.3947e+05 3.4039e+05 3.4135e+05 3.4239e+05 3.4284e+05 3.4285e+05 3.4531e+05 3.5354e+05 59969 1.8193e+07 2.2669e+08 1.4919e+09 6.6043e+09 1.9836e+10 4.5297e+10 8.4616e+10 1.3288e+11 1.8422e+11 2.3312e+11 2.7439e+11 3.0547e+11
14.909 1.3829e+11 9.3356e+10 5.6381e+10 2.9708e+10 1.2919e+10 4.4436e+09 1.2149e+09 2.034e+08 2.9243e+07 6.4022e+05 5.4218e+05 2.8456e+05 2.8283e+05 2.8699e+05 2.8921e+05 2.925e+05 2.9611e+05 2.9821e+05 3.0014e+05 3.0243e+05 3.0414e+05 3.0602e+05 3.0741e+05 3.089e+05 3.1008e+05 3.1113e+05 3.1289e+05 3.1384e+05 3.153e+05 3.1669e+05 3.1692e+05 3.1758e+05 3.1539e+05 2.5834e+05 3.05e+05 1.4877e+07 1.4729e+08 1.1587e+09 5.217e+09 1.6652e+10 3.9096e+10 7.509e+10 1.209e+11 1.7033e+11 2.1825e+11 2.5976e+11 2.9175e+11
15.122 1.2678e+11 8.4283e+10 5.0066e+10 2.5727e+10 1.0805e+10 3.6411e+09 9.4337e+08 1.4778e+08 2.15e+07 5.0804e+05 2.8315e+05 2.7631e+05 2.6191e+05 2.6463e+05 2.6757e+05 2.6937e+05 2.714e+05 2.7436e+05 2.7584e+05 2.7808e+05 2.7982e+05 2.813e+05 2.8301e+05 2.843e+05 2.8525e+05 2.8695e+05 2.8816e+05 2.8971e+05 2.9124e+05 2.925e+05 2.9366e+05 2.9479e+05 2.9479e+05 2.8039e+05 7.9829e+05 9.1589e+06 9.7344e+07 8.9369e+08 4.1118e+09 1.3893e+10 3.3736e+10 6.6424e+10 1.0974e+11 1.5736e+11 2.0415e+11 2.4564e+11 2.7842e+11
15.335 1.1609e+11 7.6051e+10 4.439e+10 2.2186e+10 9.0322e+09 2.9864e+09 7.1688e+08 1.1381e+08 1.3136e+07 1.0547e+06 1.3482e+05 2.4276e+05 2.4084e+05 2.4297e+05 2.4508e+05 2.4745e+05 2.5e+05 2.5196e+05 2.5393e+05 2.5567e+05 2.5752e+05 2.5897e+05 2.6057e+05 2.6186e+05 2.6275e+05 2.6455e+05 2.6557e+05 2.6745e+05 2.6887e+05 2.7016e+05 2.7214e+05 2.7373e+05 2.7591e+05 3.0122e+05 7.0187e+05 3.7501e+06 7.1428e+07 6.6898e+08 3.2597e+09 1.1494e+10 2.9097e+10 5.8622e+10 9.9334e+10 1.4522e+11 1.9083e+11 2.3205e+11 2.6546e+11
15.548 1.0621e+11 6.8582e+10 3.9266e+10 1.9061e+10 7.5637e+09 2.4362e+09 5.3864e+08 9.0577e+07 6.7408e+06 1.2078e+06 1.6269e+05 2.1122e+05 2.2035e+05 2.2298e+05 2.2632e+05 2.2891e+05 2.299e+05 2.3178e+05 2.3414e+05 2.3548e+05 2.3713e+05 2.3866e+05 2.3999e+05 2.4131e+05 2.4244e+05 2.4366e+05 2.4516e+05 2.4675e+05 2.4821e+05 2.4987e+05 2.5187e+05 2.5316e+05 2.5453e+05 2.6864e+05 2.7947e+05 1.3868e+06 5.6457e+07 4.8251e+08 2.6052e+09 9.4345e+09 2.5048e+10 5.167e+10 8.9658e+10 1.3382e+11 1.7827e+11 2.1903e+11 2.5287e+11
15.761 9.7105e+10 6.1794e+10 3.4631e+10 1.6333e+10 6.3483e+09 1.9647e+09 4.0816e+08 7.0067e+07 3.7538e+06 7.6563e+05 2.3442e+05 1.9698e+05 2.0378e+05 2.0625e+05 2.0764e+05 2.0962e+05 2.125e+05 2.137e+05 2.1551e+05 2.171e+05 2.1851e+05 2.201e+05 2.2121e+05 2.2256e+05 2.2369e+05 2.2462e+05 2.2642e+05 2.2758e+05 2.2925e+05 2.3117e+05 2.3256e+05 2.3431e+05 2.3579e+05 2.2888e+05 93547 1.621e+06 4.2109e+07 3.4235e+08 2.0841e+09 7.7117e+09 2.1475e+10 4.5518e+10 8.0712e+10 1.2309e+11 1.6641e+11 2.0661e+11 2.4068e+11
15.974 8.8733e+10 5.5602e+10 3.0444e+10 1.3984e+10 5.3308e+09 1.5632e+09 3.1725e+08 5.0044e+07 3.3444e+06 2.1577e+05 2.3481e+05 1.8797e+05 1.8818e+05 1.8996e+05 1.9217e+05 1.9416e+05 1.9541e+05 1.9762e+05 1.9871e+05 2.0042e+05 2.0169e+05 2.0295e+05 2.0422e+05 2.0535e+05 2.0627e+05 2.0748e+05 2.089e+05 2.1018e+05 2.1186e+05 2.1356e+05 2.1493e+05 2.1709e+05 2.1943e+05 2.1445e+05 2.0041e+05 2.1113e+06 2.6771e+07 2.4931e+08 1.6474e+09 6.3088e+09 1.8304e+10 4.0077e+10 7.251e+10 1.1298e+11 1.5522e+11 1.9478e+11 2.2889e+11
16.187 8.1035e+10 4.9936e+10 2.6685e+10 1.1979e+10 4.4625e+09 1.2321e+09 2.5236e+08 3.2686e+07 3.5256e+06 7719.7 1.7811e+05 1.7453e+05 1.7424e+05 1.7639e+05 1.7765e+05 1.7851e+05 1.8088e+05 1.8231e+05 1.8349e+05 1.8497e+05 1.8631e+05 1.8738e+05 1.8865e+05 1.8965e+05 1.9034e+05 1.9185e+05 1.9276e+05 1.9434e+05 1.9575e+05 1.9716e+05 1.9904e+05 2.0089e+05 2.0287e+05 2.0849e+05 2.9664e+05 1.5441e+06 1.4602e+07 1.9093e+08 1.2746e+09 5.1825e+09 1.5505e+10 3.5243e+10 6.5054e+10 1.0345e+11 1.4461e+11 1.8353e+11 2.1755e+11
16.4 7.3945e+10 4.4743e+10 2.334e+10 1.0273e+10 3.7103e+09 9.7106e+08 2.0053e+08 2.0786e+07 2.9431e+06 1.2916e+05 1.3547e+05 1.5826e+05 1.6004e+05 1.6162e+05 1.6404e+05 1.6648e+05 1.6676e+05 1.684e+05 1.6998e+05 1.7097e+05 1.7221e+05 1.7325e+05 1.7434e+05 1.7529e+05 1.7605e+05 1.7724e+05 1.782e+05 1.7968e+05 1.8091e+05 1.8228e+05 1.843e+05 1.8593e+05 1.8758e+05 1.9308e+05 2.4137e+05 4.9823e+05 8.6226e+06 1.4902e+08 9.6723e+08 4.2692e+09 1.3072e+10 3.0911e+10 5.8323e+10 9.4519e+10 1.3453e+11 1.7285e+11 2.0665e+11
16.613 6.7397e+10 3.9989e+10 2.0392e+10 8.8111e+09 3.0579e+09 7.7316e+08 1.5448e+08 1.4755e+07 1.6572e+06 2.8034e+05 1.3249e+05 1.4541e+05 1.4864e+05 1.5069e+05 1.5198e+05 1.5283e+05 1.5503e+05 1.5563e+05 1.5719e+05 1.5819e+05 1.5925e+05 1.6042e+05 1.6121e+05 1.622e+05 1.6305e+05 1.6377e+05 1.6506e+05 1.6608e+05 1.6732e+05 1.6884e+05 1.7034e+05 1.7184e+05 1.7367e+05 1.741e+05 1.5262e+05 9436.1 7.2967e+06 1.1134e+08 7.3169e+08 3.5053e+09 1.1002e+10 2.7003e+10 5.2262e+10 8.6201e+10 1.2493e+11 1.6267e+11 1.9622e+11
16.826 6.1335e+10 3.5656e+10 1.7815e+10 7.5437e+09 2.5015e+09 6.2394e+08 1.1356e+08 1.2352e+07 5.3203e+05 2.6678e+05 1.4149e+05 1.3646e+05 1.3799e+05 1.3885e+05 1.4019e+05 1.4239e+05 1.4304e+05 1.4463e+05 1.4551e+05 1.4666e+05 1.4754e+05 1.4851e+05 1.4934e+05 1.502e+05 1.5095e+05 1.5163e+05 1.5286e+05 1.5368e+05 1.5497e+05 1.5637e+05 1.5741e+05 1.5906e+05 1.608e+05 1.6127e+05 1.3822e+05 1.936e+05 6.7552e+06 7.6524e+07 5.6339e+08 2.8477e+09 9.2712e+09 2.3477e+10 4.6792e+10 7.8511e+10 1.1581e+11 1.5297e+11 1.8625e+11
17.039 5.5715e+10 3.1734e+10 1.557e+10 6.4317e+09 2.0402e+09 5.0638e+08 8.0672e+07 1.0623e+07 1.506e+05 1.4488e+05 1.3425e+05 1.2698e+05 1.2805e+05 1.2993e+05 1.3104e+05 1.3099e+05 1.3307e+05 1.3402e+05 1.3475e+05 1.3592e+05 1.3682e+05 1.3762e+05 1.385e+05 1.3923e+05 1.3975e+05 1.4073e+05 1.415e+05 1.425e+05 1.4361e+05 1.4471e+05 1.459e+05 1.4755e+05 1.4935e+05 1.5191e+05 1.616e+05 4.3337e+05 4.82e+06 4.9611e+07 4.4411e+08 2.2808e+09 7.8291e+09 2.0323e+10 4.1827e+10 7.1448e+10 1.0715e+11 1.4368e+11 1.7671e+11
17.252 5.0508e+10 2.8212e+10 1.3608e+10 5.4519e+09 1.6689e+09 4.0707e+08 5.8012e+07 8.0031e+06 3.451e+05 64738 1.1583e+05 1.1736e+05 1.185e+05 1.1943e+05 1.2073e+05 1.2292e+05 1.2298e+05 1.2443e+05 1.2534e+05 1.2614e+05 1.2703e+05 1.2769e+05 1.2855e+05 1.2917e+05 1.2963e+05 1.3062e+05 1.3116e+05 1.3228e+05 1.3315e+05 1.3406e+05 1.3549e+05 1.3668e+05 1.3814e+05 1.403e+05 1.5713e+05 3.4687e+05 2.2538e+06 3.3779e+07 3.5136e+08 1.8077e+09 6.6124e+09 1.7541e+10 3.7289e+10 6.4986e+10 9.8979e+10 1.3478e+11 1.6758e+11
17.465 4.5701e+10 2.507e+10 1.188e+10 4.5949e+09 1.3745e+09 3.1986e+08 4.447e+07 4.869e+06 5.6224e+05 77039 1.0274e+05 1.0838e+05 1.0987e+05 1.1157e+05 1.1311e+05 1.133e+05 1.1488e+05 1.152e+05 1.1646e+05 1.1711e+05 1.1792e+05 1.1871e+05 1.1932e+05 1.1999e+05 1.2054e+05 1.2116e+05 1.2191e+05 1.2276e+05 1.2355e+05 1.2451e+05 1.2576e+05 1.2677e+05 1.2771e+05 1.2873e+05 1.2997e+05 1.2e+05 7.46e+05 2.6416e+07 2.7045e+08 1.4323e+09 5.5621e+09 1.5128e+10 3.3129e+10 5.9074e+10 9.1314e+10 1.2624e+11 1.5882e+11
17.678 4.1285e+10 2.2277e+10 1.0344e+10 3.8584e+09 1.1383e+09 2.4517e+08 3.6233e+07 2.4599e+06 4.7766e+05 1.1783e+05 98666 1.0146e+05 1.0283e+05 1.0339e+05 1.0392e+05 1.0602e+05 1.064e+05 1.075e+05 1.0828e+05 1.0901e+05 1.0966e+05 1.1039e+05 1.1093e+05 1.1156e+05 1.1213e+05 1.1252e+05 1.1344e+05 1.1398e+05 1.1483e+05 1.1582e+05 1.1658e+05 1.1761e+05 1.189e+05 1.2014e+05 1.1439e+05 45553 6.7709e+05 2.1788e+07 1.9914e+08 1.1464e+09 4.6407e+09 1.3056e+10 2.9324e+10 5.3647e+10 8.4167e+10 1.1806e+11 1.504e+11
17.891 3.7255e+10 1.9793e+10 8.9719e+09 3.2387e+09 9.4157e+08 1.8589e+08 2.9369e+07 1.4622e+06 2.0357e+05 1.214e+05 95541 94751 95543 96810 98060 97776 99391 99989 1.0056e+05 1.0144e+05 1.0205e+05 1.0269e+05 1.0326e+05 1.0382e+05 1.0425e+05 1.048e+05 1.0549e+05 1.0604e+05 1.0686e+05 1.0769e+05 1.0831e+05 1.0943e+05 1.1066e+05 1.1209e+05 1.1287e+05 1.1918e+05 1.0405e+06 1.6146e+07 1.4259e+08 9.2805e+08 3.8355e+09 1.1278e+10 2.5875e+10 4.8637e+10 7.7534e+10 1.1025e+11 1.4228e+11
18.104 3.3598e+10 1.7574e+10 7.7486e+09 2.726e+09 7.7136e+08 1.4301e+08 2.2067e+07 1.4783e+06 18506 90837 88085 87829 89014 89879 90279 91927 92142 93371 93819 94509 95150 95599 96248 96686 96992 97735 98107 98863 99496 1.0012e+05 1.0098e+05 1.019e+05 1.028e+05 1.0366e+05 1.0854e+05 1.6364e+05 9.1531e+05 9.8869e+06 1.0426e+08 7.5135e+08 3.1495e+09 9.7334e+09 2.2787e+10 4.3991e+10 7.1391e+10 1.0283e+11 1.3444e+11
18.317 3.0292e+10 1.5577e+10 6.6686e+09 2.3027e+09 6.226e+08 1.137e+08 1.4939e+07 1.5994e+06 31100 66984 80095 81751 82574 83625 85249 85349 86304 86587 87536 88030 88647 89186 89685 90152 90484 91071 91465 92174 92695 93282 94235 94851 95617 96516 98029 1.2031e+05 3.8074e+05 5.3805e+06 8.0939e+07 5.9849e+08 2.5853e+09 8.3703e+09 2.0056e+10 3.9675e+10 6.5694e+10 9.5828e+10 1.2688e+11
18.53 2.7306e+10 1.3772e+10 5.7292e+09 1.9478e+09 4.9612e+08 9.256e+07 9.5552e+06 1.2784e+06 1.26e+05 67053 74675 76397 77440 78224 78378 79924 80329 81078 81751 82205 82723 83259 83658 84114 84543 84845 85465 85922 86469 87131 87793 88405 89050 90084 89225 71548 27165 3.6687e+06 6.496e+07 4.6495e+08 2.1336e+09 7.155e+09 1.7657e+10 3.5681e+10 6.0392e+10 8.9242e+10 1.1959e+11
18.743 2.4602e+10 1.2137e+10 4.9239e+09 1.6424e+09 3.9419e+08 7.4617e+07 6.6783e+06 6.5392e+05 1.556e+05 74339 70960 71807 72469 73005 74158 74230 75197 75586 76155 76776 77216 77752 78123 78568 78937 79222 79849 80172 80779 81419 81804 82526 83334 83969 84668 72540 74817 3.5268e+06 5.015e+07 3.5508e+08 1.771e+09 6.0761e+09 1.5548e+10 3.2013e+10 5.5434e+10 8.3071e+10 1.126e+11
18.956 2.2142e+10 1.0665e+10 4.2393e+09 1.3743e+09 3.1641e+08 5.7648e+07 5.64e+06 1.8219e+05 99714 71487 66570 66774 67564 68543 68637 69496 70080 71005 71197 71789 72248 72598 73073 73410 73669 74162 74525 74994 75514 76007 76479 77213 77974 78643 80230 89735 2.3445e+05 3.1437e+06 3.543e+07 2.7286e+08 1.4697e+09 5.1362e+09 1.3676e+10 2.868e+10 5.078e+10 7.7293e+10 1.0592e+11
19.169 1.9893e+10 9.351e+09 3.6554e+09 1.1392e+09 2.5825e+08 4.2316e+07 5.0607e+06 95120 38851 60731 61470 62264 63086 63607 64833 65249 65607 65988 66644 67074 67542 67919 68342 68679 68881 69414 69641 70212 70604 71015 71687 72193 72694 73368 74050 84310 2.215e+05 1.9795e+06 2.3399e+07 2.154e+08 1.2083e+09 4.3379e+09 1.1995e+10 2.5679e+10 4.6411e+10 7.1876e+10 9.9564e+10
19.382 1.7832e+10 8.192e+09 3.1506e+09 9.3777e+08 2.1279e+08 3.0403e+07 4.0133e+06 2.3567e+05 31243 53479 57442 58411 58962 59820 60137 60872 61501 61963 62489 62800 63229 63605 63941 64271 64566 64888 65253 65699 66071 66514 67139 67526 67985 68485 68679 66927 85270 7.9863e+05 1.6182e+07 1.7374e+08 9.7859e+08 3.673e+09 1.0474e+10 2.2992e+10 4.2323e+10 6.6778e+10 9.3546e+10
19.595 1.5946e+10 7.1794e+09 2.7065e+09 7.7149e+08 1.7396e+08 2.2755e+07 2.5579e+06 3.1445e+05 57521 52480 54201 54908 55622 55897 56576 57225 57511 57841 58432 58833 59171 59614 59870 60225 60535 60706 61217 61469 61905 62404 62759 63232 63759 64451 65111 60548 17304 3.5332e+05 1.2957e+07 1.3871e+08 7.8306e+08 3.1197e+09 9.103e+09 2.0583e+10 3.8523e+10 6.1962e+10 8.7858e+10
19.808 1.4229e+10 6.2977e+09 2.3119e+09 6.3859e+08 1.3884e+08 1.844e+07 1.3364e+06 2.207e+05 69848 51816 51003 51527 51971 52675 52995 53105 54051 54605 54709 55189 55526 55825 56156 56436 56679 56961 57348 57621 58065 58491 58768 59341 59913 60409 61243 62606 56896 5.1024e+05 1.0989e+07 1.0629e+08 6.2611e+08 2.6499e+09 7.8826e+09 1.8408e+10 3.502e+10 5.7399e+10 8.2485e+10
20.021 1.268e+10 5.5263e+09 1.9628e+09 5.3314e+08 1.0785e+08 1.5514e+07 7.978e+05 67178 55113 48033 47535 47969 48677 49196 49724 50509 50400 50924 51345 51730 52069 52353 52694 52950 53100 53519 53712 54122 54460 54795 55224 55707 56210 56542 56849 60385 97179 6.3208e+05 8.3426e+06 7.803e+07 5.0641e+08 2.2391e+09 6.8166e+09 1.6428e+10 3.1817e+10 5.3074e+10 7.7401e+10
20.234 1.1295e+10 4.8443e+09 1.6596e+09 4.469e+08 8.2859e+07 1.2461e+07 8.0884e+05 374.37 36601 43342 44425 45140 45600 46103 46794 46841 47695 47917 48278 48541 48899 49151 49451 49688 49870 50218 50407 50826 51101 51410 51947 52260 52586 53136 53494 53794 76534 4.1829e+05 5.2254e+06 5.7071e+07 4.1513e+08 1.8746e+09 5.9e+09 1.4613e+10 2.8901e+10 4.8987e+10 7.2576e+10
20.447 1.0062e+10 4.2343e+09 1.403e+09 3.7258e+08 6.4791e+07 9.0334e+06 8.9397e+05 37555 33461 40640 42026 42536 42971 43437 43618 44635 44416 44799 45361 45599 45866 46213 46411 46686 46925 47081 47437 47691 47992 48359 48747 49055 49436 49896 50587 49469 39638 1.0919e+05 2.9475e+06 4.3956e+07 3.4061e+08 1.5554e+09 5.1153e+09 1.2952e+10 2.6246e+10 4.5145e+10 6.798e+10
20.66 8.9677e+09 3.6858e+09 1.1901e+09 3.0633e+08 5.2551e+07 5.9751e+06 7.3258e+05 88552 39963 39244 39604 40052 40548 40795 41373 41102 42204 42390 42519 42885 43152 43412 43635 43868 44092 44238 44608 44780 45133 45498 45711 46127 46556 46981 47376 47985 35980 11469 2.1193e+06 3.5823e+07 2.7468e+08 1.2858e+09 4.4362e+09 1.1446e+10 2.3816e+10 4.1559e+10 6.3591e+10
20.873 7.9907e+09 3.1952e+09 1.0141e+09 2.4798e+08 4.3611e+07 4.0356e+06 3.8675e+05 83803 41465 37131 37100 37528 37894 38516 38581 39443 39122 39758 40017 40337 40567 40802 41057 41265 41405 41679 41898 42151 42458 42751 42998 43435 43872 44235 44554 45826 51203 1.0426e+05 2.0859e+06 2.8943e+07 2.1583e+08 1.0667e+09 3.8369e+09 1.0098e+10 2.1577e+10 3.8234e+10 5.9398e+10
21.086 7.1116e+09 2.7625e+09 8.6565e+08 1.9925e+08 3.5646e+07 3.2439e+06 1.1866e+05 40162 35266 34366 34761 35165 35700 35954 36703 36498 37396 37432 37654 37923 38221 38390 38650 38822 38934 39263 39370 39716 39938 40175 40566 40872 41194 41499 41970 42306 51944 1.6554e+05 1.8577e+06 2.1655e+07 1.6699e+08 8.9174e+08 3.2999e+09 8.9081e+09 1.9502e+10 3.5164e+10 5.54e+10
21.299 6.3145e+09 2.3876e+09 7.3636e+08 1.6121e+08 2.778e+07 2.9714e+06 71651 12738 29425 32101 32836 33330 33569 34034 34125 35049 34655 35131 35588 35720 35928 36184 36361 36567 36729 36913 37118 37384 37593 37848 38233 38449 38706 39113 39418 39392 39375 1.0351e+05 1.1698e+06 1.487e+07 1.3059e+08 7.4849e+08 2.8194e+09 7.8646e+09 1.7579e+10 3.2331e+10 5.1604e+10
21.512 5.5898e+09 2.0673e+09 6.2118e+08 1.3273e+08 2.0597e+07 2.551e+06 1.5633e+05 21081 28610 30598 31132 31435 31837 32019 32476 32315 33263 33173 33378 33650 33884 34102 34255 34445 34636 34728 35028 35173 35428 35717 35941 36212 36529 36919 37327 37729 33223 19853 4.9236e+05 1.0201e+07 1.0526e+08 6.2493e+08 2.3979e+09 6.9459e+09 1.5805e+10 2.9709e+10 4.8021e+10
21.725 4.9337e+09 1.7942e+09 5.1902e+08 1.1085e+08 1.5136e+07 1.8053e+06 1.9952e+05 39031 29554 29091 29236 29600 29930 30299 30397 30961 30725 31383 31541 31771 31917 32126 32305 32483 32622 32767 33012 33152 33420 33678 33825 34175 34519 34794 35219 35861 36016 12855 2.5991e+05 7.9491e+06 8.6452e+07 5.1461e+08 2.0385e+09 6.127e+09 1.4185e+10 2.727e+10 4.4658e+10
21.938 4.3461e+09 1.5586e+09 4.3121e+08 9.2289e+07 1.1769e+07 1.0327e+06 1.3583e+05 39620 28127 27200 27451 27788 28114 28481 28886 28862 29551 29485 29630 29915 30163 30287 30497 30628 30714 30975 31074 31319 31518 31716 31958 32259 32565 32822 32992 33323 36612 52087 3.6793e+05 6.8811e+06 6.981e+07 4.177e+08 1.7386e+09 5.387e+09 1.2722e+10 2.4988e+10 4.1515e+10
22.151 3.8267e+09 1.3509e+09 3.5891e+08 7.5184e+07 9.8812e+06 5.8737e+05 38657 25895 25011 25491 25950 26259 26595 26806 27126 27606 27374 27892 28188 28268 28420 28599 28768 28920 29015 29222 29325 29578 29733 29914 30235 30424 30634 30912 31233 31326 32176 61646 4.2591e+05 5.6103e+06 5.3903e+07 3.3741e+08 1.4884e+09 4.7147e+09 1.1412e+10 2.285e+10 3.8582e+10
22.364 3.3722e+09 1.1649e+09 3.0124e+08 5.9547e+07 8.4186e+06 5.193e+05 306.67 16851 23056 24220 24628 24963 25136 25448 25608 25813 26362 26155 26435 26642 26860 27034 27151 27299 27446 27543 27743 27900 28073 28283 28534 28700 28914 29223 29591 29993 28714 34483 2.7035e+05 3.8467e+06 4.0086e+07 2.7509e+08 1.2743e+09 4.1086e+09 1.0239e+10 2.085e+10 3.5841e+10
22.577 2.9754e+09 9.9828e+08 2.5502e+08 4.6478e+07 6.7047e+06 5.8432e+05 27898 19479 22599 23044 23296 23518 23865 23997 24268 24415 24465 25023 25121 25260 25347 25531 25657 25808 25941 26004 26244 26329 26541 26761 26882 27130 27385 27668 27900 28315 28309 16187 70359 2.2785e+06 3.0129e+07 2.2782e+08 1.0847e+09 3.5719e+09 9.1833e+09 1.8993e+10 3.327e+10
22.79 2.6265e+09 8.5164e+08 2.1615e+08 3.6809e+07 4.8107e+06 5.3192e+05 60201 24537 21908 21712 21873 22173 22398 22762 22872 23130 23456 23392 23524 23802 24010 24120 24273 24383 24469 24639 24765 24911 25098 25274 25409 25676 25941 26117 26390 26526 27750 24275 17647 1.5209e+06 2.4055e+07 1.8983e+08 9.1461e+08 3.1063e+09 8.2223e+09 1.7282e+10 3.0847e+10
23.003 2.3153e+09 7.2618e+08 1.8152e+08 3.0227e+07 3.2473e+06 3.3028e+05 53070 23357 20317 20376 20683 20929 21189 21377 21765 21837 21931 22390 22516 22585 22685 22805 22965 23077 23134 23330 23391 23600 23729 23871 24094 24288 24487 24694 24885 25183 25636 34307 83831 1.4191e+06 2.0077e+07 1.5614e+08 7.6482e+08 2.7069e+09 7.3404e+09 1.572e+10 2.8556e+10
23.216 2.0343e+09 6.2145e+08 1.5005e+08 2.546e+07 2.3708e+06 1.2952e+05 21641 18206 18784 19336 19677 19903 20109 20305 20412 20845 20951 20796 21107 21271 21478 21612 21712 21825 21923 22049 22154 22326 22445 22590 22838 22955 23110 23340 23563 23852 23640 28995 1.184e+05 1.3546e+06 1.6282e+07 1.252e+08 6.384e+08 2.3627e+09 6.5304e+09 1.4299e+10 2.6391e+10
23.429 1.7799e+09 5.3451e+08 1.2246e+08 2.1184e+07 2.0621e+06 60136 4511 15602 17984 18447 18664 18907 19071 19266 19468 19427 19757 20115 20188 20259 20310 20460 20555 20679 20796 20831 21026 21107 21258 21431 21572 21727 21903 22144 22425 22555 22703 19574 68033 9.8257e+05 1.214e+07 9.8484e+07 5.3595e+08 2.06e+09 5.793e+09 1.3006e+10 2.435e+10
23.642 1.5518e+09 4.6077e+08 9.9912e+07 1.6841e+07 1.8941e+06 1.0295e+05 12796 16616 17379 17448 17619 17801 18080 18230 18357 18671 18683 18704 18854 19087 19265 19379 19477 19576 19666 19756 19906 19982 20150 20307 20390 20601 20811 20993 21184 21484 21945 19015 9064.2 4.9491e+05 8.4584e+06 7.7902e+07 4.5363e+08 1.7878e+09 5.1314e+09 1.1821e+10 2.244e+10
23.855 1.351e+09 3.9588e+08 8.2659e+07 1.2762e+07 1.5452e+06 1.4452e+05 25862 17395 16377 16432 16621 16852 17001 17287 17483 17456 17800 18108 18115 18203 18258 18338 18479 18565 18612 18762 18830 18973 19096 19219 19349 19545 19732 19863 20017 20255 20595 22654 7874.8 2.3751e+05 6.1235e+06 6.342e+07 3.8487e+08 1.5416e+09 4.5465e+09 1.0727e+10 2.0664e+10
24.068 1.1775e+09 3.373e+08 6.9618e+07 9.5952e+06 1.0341e+06 1.1448e+05 24883 15844 15274 15569 15830 16007 16206 16289 16528 16871 16718 16719 16995 17121 17311 17417 17507 17593 17647 17796 17838 18004 18094 18201 18403 18516 18651 18826 19003 19097 19181 21724 37717 2.6052e+05 5.0676e+06 5.2854e+07 3.2393e+08 1.3222e+09 4.0328e+09 9.7106e+09 1.9023e+10
24.281 1.029e+09 2.8473e+08 5.8969e+07 7.6173e+06 6.0056e+05 44037 14064 13767 14518 14866 15086 15258 15395 15585 15642 15700 16117 16251 16329 16379 16412 16517 16604 16699 16790 16835 16965 17063 17164 17289 17453 17547 17669 17857 18051 18288 18364 17848 42883 3.278e+05 4.437e+06 4.3606e+07 2.6859e+08 1.1325e+09 3.5795e+09 8.7677e+09 1.7512e+10
24.494 9.0111e+08 2.3922e+08 4.924e+07 6.4916e+06 4.159e+05 3499 8135.3 13105 13982 14143 14273 14462 14629 14744 14923 15081 14983 15114 15271 15420 15573 15696 15750 15841 15927 15971 16117 16165 16298 16434 16513 16658 16810 16989 17176 17378 17699 16500 20709 2.5543e+05 3.5241e+06 3.4533e+07 2.2005e+08 9.7288e+08 3.1733e+09 7.8996e+09 1.6116e+10
24.706 7.8856e+08 2.016e+08 4.0031e+07 5.5882e+06 4.2444e+05 15135 11310 13269 13289 13344 13497 13643 13842 14022 14102 14179 14552 14685 14656 14781 14810 14860 14979 15048 15103 15191 15284 15364 15484 15596 15665 15839 16004 16116 16268 16390 16637 17227 7036.5 1.0142e+05 2.3687e+06 2.6295e+07 1.8037e+08 8.3957e+08 2.8039e+09 7.1095e+09 1.4821e+10
24.919 6.8729e+08 1.7145e+08 3.1873e+07 4.5046e+06 4.3998e+05 41660 15527 12792 12458 12641 12826 12995 13098 13266 13487 13622 13471 13632 13814 13892 14051 14146 14220 14289 14319 14462 14484 14619 14699 14787 14922 15048 15179 15294 15397 15598 15641 16704 14649 22309 1.4754e+06 2.0086e+07 1.4985e+08 7.2558e+08 2.4662e+09 6.3984e+09 1.3611e+10
25.132 5.9546e+08 1.4695e+08 2.5475e+07 3.3021e+06 3.4676e+05 42687 14282 11655 11807 12074 12259 12394 12543 12609 12703 12889 13182 13153 13255 13334 13370 13424 13517 13585 13646 13715 13782 13895 13965 14052 14211 14283 14380 14523 14683 14808 15013 14983 23275 52314 1.1241e+06 1.6187e+07 1.2627e+08 6.2432e+08 2.1609e+09 5.7617e+09 1.2476e+10
25.345 5.1328e+08 1.2587e+08 2.0985e+07 2.314e+06 1.8807e+05 19763 10143 10839 11359 11523 11664 11801 11914 12070 12153 12202 12179 12375 12510 12555 12674 12807 12830 12911 12985 13017 13132 13184 13277 13384 13485 13571 13675 13832 13987 14114 14315 13990 18774 93478 1.0903e+06 1.3679e+07 1.0632e+08 5.3239e+08 1.8904e+09 5.1896e+09 1.1413e+10
25.558 4.418e+08 1.0665e+08 1.7826e+07 1.7635e+06 79490 2129.5 8533.1 10601 10853 10926 11026 11176 11323 11417 11535 11655 11894 11901 11906 12072 12104 12130 12228 12286 12347 12383 12494 12533 12642 12743 12787 12922 13052 13168 13302 13486 13542 13817 10741 71335 9.7586e+05 1.135e+07 8.7864e+07 4.5014e+08 1.6557e+09 4.6702e+09 1.0423e+10
25.771 3.8141e+08 8.8996e+07 1.5146e+07 1.5598e+06 70693 5229.5 9908.8 10312 10227 10341 10484 10595 10729 10888 10991 11043 11033 11275 11351 11369 11474 11576 11626 11686 11711 11823 11855 11945 12025 12105 12181 12310 12432 12516 12622 12734 12938 13341 10608 18522 6.5806e+05 8.7413e+06 7.0863e+07 3.7964e+08 1.4539e+09 4.1931e+09 9.509e+09
25.984 3.3098e+08 7.3564e+07 1.2422e+07 1.4221e+06 1.0832e+05 16750 10775 9655.3 9674.5 9869.1 10024 10150 10225 10311 10469 10635 10746 10663 10780 10915 10977 10982 11084 11129 11164 11249 11278 11388 11442 11509 11632 11710 11801 11900 11989 12103 12278 12402 14479 619.17 3.3625e+05 6.3006e+06 5.6608e+07 3.2189e+08 1.2782e+09 3.7527e+09 8.673e+09
26.197 2.8812e+08 6.1065e+07 9.7224e+06 1.1531e+06 1.1356e+05 18808 9527 9005.4 9286.3 9453.2 9574.7 9684.4 9806.2 9876.9 9914.6 9991 10068 10257 10360 10314 10379 10517 10523 10594 10648 10693 10762 10830 10892 10969 11086 11137 11211 11337 11473 11598 11627 11639 14155 21297 2.1237e+05 4.6494e+06 4.5998e+07 2.7525e+08 1.1216e+09 3.3482e+09 7.9123e+09
26.41 2.5027e+08 5.1507e+07 7.4653e+06 7.8603e+05 68769 10535 7930.9 8663.7 8920.3 8993 9092 9202.2 9302 9426 9517.8 9584.9 9692.1 9654.1 9708 9898.2 9966.4 9967.4 10051 10097 10160 10166 10275 10301 10386 10472 10523 10612 10705 10821 10939 11050 11204 11280 10720 35362 2.508e+05 3.8519e+06 3.8491e+07 2.3614e+08 9.7898e+08 2.9821e+09 7.2191e+09
26.623 2.1578e+08 4.4083e+07 5.9442e+06 4.9043e+05 19060 3915 7674.3 8415.2 8449.7 8527.4 8620.2 8734.9 8850.4 8934.5 9023.4 9089 9181.3 9408.9 9420.4 9392.5 9421.2 9539.5 9561.8 9620.8 9650.4 9719.7 9773.7 9820.2 9901.4 9975.8 10016 10129 10234 10311 10409 10525 10690 10913 9587.1 21959 2.6989e+05 3.3973e+06 3.253e+07 2.012e+08 8.4923e+08 2.6561e+09 6.583e+09
26.836 1.844e+08 3.7692e+07 5.054e+06 3.7124e+05 6748.7 5480 8105.9 7985 7983.7 8126.6 8251 8334.7 8421.7 8537.6 8643.2 8731.3 8750.2 8701.1 8794.7 8966 9076.9 9042.1 9148.2 9174.4 9197.8 9278.5 9299 9387.1 9437.6 9494.4 9572.5 9661.7 9751 9818.5 9893 9999.4 10063 10258 10753 4467.6 1.8253e+05 2.7814e+06 2.6826e+07 1.6903e+08 7.3389e+08 2.3687e+09 5.994e+09
27.049 1.5681e+08 3.1627e+07 4.4056e+06 3.7482e+05 25367 9920.3 7874.1 7488.4 7645.8 7790.8 7906.7 8003.9 8068.4 8115.7 8206.2 8318.4 8414.8 8549.9 8639.8 8557 8550.8 8687.6 8687.4 8750.2 8780.3 8844.5 8872.6 8950.6 8993.7 9049.3 9158.4 9202.3 9265.4 9355.9 9440.7 9521.7 9643.5 9648.1 10766 5211.1 68302 1.9704e+06 2.1219e+07 1.4036e+08 6.3468e+08 2.1147e+09 5.4453e+09
27.262 1.3369e+08 2.5894e+07 3.6693e+06 3.6814e+05 38439 10156 7017.5 7153.5 7365.3 7449.9 7530.2 7623.8 7726.9 7805.6 7831.2 7874.2 7929.7 7899.6 7970 8134.7 8262.1 8240.7 8316.5 8348 8405.6 8408 8493.3 8527.9 8585.7 8652.2 8722.3 8773 8836.7 8941.2 9052 9147.3 9251.6 9333.6 9308.1 15176 30451 1.292e+06 1.6428e+07 1.166e+08 5.5125e+08 1.8869e+09 4.9349e+09
27.475 1.1496e+08 2.0961e+07 2.8148e+06 2.8128e+05 27354 6653.2 6472.2 6934.1 7020.4 7075.7 7154 7239.8 7324.6 7420.9 7514.5 7570.9 7681.1 7846.6 7860.6 7833.4 7780.5 7911.1 7910.1 7971.6 8004.2 8037.6 8106.1 8126 8199.6 8267.8 8297.2 8381.9 8463.3 8543.3 8630.5 8735.3 8800.4 8994.7 8503 15988 62363 9.8106e+05 1.307e+07 9.81e+07 4.8065e+08 1.679e+09 4.464e+09
27.688 9.9596e+07 1.7216e+07 2.0504e+06 1.5796e+05 7147.4 4517.3 6464.8 6630.8 6639 6736.2 6826.6 6911.5 6991.5 7062.7 7131.2 7188.2 7200.8 7204.5 7238.5 7384.7 7547.2 7494.6 7593.7 7606.5 7632.3 7690.6 7721.9 7778.5 7832 7884.2 7924.7 8014.9 8097.8 8150.9 8222.7 8298.2 8427.9 8485.5 8681.7 8281.6 81957 9.246e+05 1.0979e+07 8.3671e+07 4.1876e+08 1.4878e+09 4.035e+09
27.901 8.6249e+07 1.4585e+07 1.5696e+06 81939 162.91 5573.8 6394.5 6250.9 6335 6461.8 6559.3 6626.4 6688.8 6762.9 6855 6948.2 7017.1 7107.8 7205.3 7166.7 7092.3 7214.7 7215.9 7272.8 7282.3 7357.5 7363 7437.2 7472.3 7516.9 7598 7651.4 7713.9 7774 7830.8 7919.8 8011.4 8085.6 8545.4 4764.1 51198 8.4121e+05 9.391e+06 7.1343e+07 3.6247e+08 1.3133e+09 3.6484e+09
28.114 7.3949e+07 1.2581e+07 1.361e+06 80047 8143 7004.7 5958.1 5948 6110.6 6196.1 6278 6357.3 6418.2 6457 6493.6 6553.2 6593.3 6577.3 6626.2 6705.5 6883.3 6853.5 6923.3 6939.9 6987.2 7002.9 7054.3 7103.5 7140.8 7187.7 7268.8 7299.5 7347.5 7429.5 7511.6 7574.6 7625.3 7781.5 7839.7 8172.1 10175 6.0885e+05 7.6818e+06 5.978e+07 3.1095e+08 1.1573e+09 3.3013e+09
28.327 6.2529e+07 1.0693e+07 1.2414e+06 1.0483e+05 15459 6426.7 5507.3 5751.9 5860.7 5907.9 5966.5 6044.7 6132.1 6210.6 6254.9 6290.7 6385.5 6491.8 6549.5 6581.4 6473.5 6594.5 6582.6 6645.3 6675.5 6689.6 6756.4 6770.3 6826.9 6885.4 6924.1 6977.2 7034.1 7114.8 7198.1 7278 7370.1 7398.5 7313.2 10469 3990.8 3.4856e+05 5.853e+06 4.8983e+07 2.6521e+08 1.021e+09 2.9879e+09
28.54 5.2448e+07 8.7391e+06 1.0452e+06 99406 12120 4880.4 5339.7 5533.6 5555.6 5623.3 5692.5 5756.4 5820.2 5892.8 5968.2 6012 6041.4 6077.1 6053.7 6109.6 6294.8 6256.1 6335.5 6340.6 6374.6 6404.4 6451.7 6480 6535.3 6584 6604.4 6681.3 6751.1 6803.8 6871.3 6953.5 7038.5 7092.7 7175.2 8005.6 22952 2.2274e+05 4.34e+06 3.9806e+07 2.2658e+08 9.0307e+08 2.7012e+09
28.753 4.4198e+07 6.9059e+06 7.6276e+05 58058 3992.8 4398.6 5258 5242.9 5287.3 5385.5 5467 5530.6 5585 5638 5700.8 5766.7 5808.5 5875.5 5972.5 6036.5 5932.3 6018.7 6027.8 6080.1 6079.4 6148.5 6152.6 6209.2 6244.1 6284.6 6332.5 6396.1 6457.9 6499.6 6548.4 6608.6 6679.1 6839.8 7001.9 5462.5 29411 2.3299e+05 3.4396e+06 3.2873e+07 1.9506e+08 8.0006e+08 2.436e+09
28.966 3.7801e+07 5.4876e+06 5.0914e+05 19213 1329.7 4971 5003.3 4977.8 5094 5180.6 5251.3 5310 5362.1 5410.4 5467.3 5534.7 5571.4 5574.3 5600.9 5567.4 5748.1 5736.9 5795.4 5800 5834.1 5867.9 5889.4 5947.6 5973.4 6007.1 6080.1 6110.3 6154.8 6211.3 6264.8 6331.5 6407.8 6462.9 6602.2 6129 14389 2.495e+05 2.9962e+06 2.7882e+07 1.6904e+08 7.0768e+08 2.19e+09
29.179 3.2729e+07 4.5788e+06 3.8144e+05 12683 5004.4 5173.1 4669.7 4799.7 4909.7 4956.1 5013.7 5078.8 5137.5 5180.2 5202.7 5235.3 5295.9 5343.7 5427.4 5540.7 5438.2 5515.7 5511.2 5570.5 5593.7 5605 5655.4 5677 5714.8 5760.1 5813.8 5842.4 5881.8 5953.2 6023.5 6078 6133.8 6159 6197.5 7375.8 1052.4 1.8683e+05 2.607e+06 2.3848e+07 1.4627e+08 6.2296e+08 1.964e+09
29.392 2.8269e+07 3.9976e+06 3.6165e+05 28120 7980 4547.6 4472.4 4637 4677.2 4721.8 4771.9 4833.7 4902.4 4971.7 5025.6 5057.4 5116.5 5181.1 5152.5 5104.9 5253.4 5263 5310.3 5312.7 5353 5361.6 5417.3 5430.3 5479.8 5523.9 5542.6 5597.5 5649.9 5707 5771.5 5838.1 5894.9 5995.2 5985.3 6631.9 4362 88574 2.0471e+06 1.9942e+07 1.2521e+08 5.4521e+08 1.7596e+09
29.605 2.3987e+07 3.4604e+06 3.53e+05 35520 6238.9 3947.2 4376.8 4418.1 4442.5 4518.4 4581.2 4628.1 4672 4723.5 4783.5 4826.5 4838.9 4870 4924.7 5079.5 5011.9 5037.4 5062.8 5110.6 5109.8 5157.9 5174.8 5207 5245.8 5284.3 5307.2 5370.6 5426.9 5462.9 5511.2 5574.4 5655.8 5725.5 5844.9 5307.2 12918 41578 1.4375e+06 1.607e+07 1.0579e+08 4.7548e+08 1.5776e+09
29.818 1.993e+07 2.8227e+06 2.8692e+05 22972 2932.8 3947.4 4207.3 4192.9 4268.7 4347.6 4413.6 4465 4506 4542.6 4591.5 4654.9 4702 4749.9 4792.3 4686.9 4800.4 4838.7 4873.5 4871.8 4894.9 4941 4946.2 5001.9 5023.8 5051.6 5102.9 5142.7 5188.1 5224.7 5262.4 5310.9 5368.9 5425.6 5562.2 5254.9 11888 58423 1.0243e+06 1.2722e+07 8.8912e+07 4.1502e+08 1.4165e+09
