NaN -14.212 -13.043 -11.95 -10.927 -9.9699 -9.0746 -8.2371 -7.4537 -6.7207 -6.035 -5.3936 -4.7935 -4.2321 -3.7069 -3.2156 -2.7559 -2.326 -1.9237 -1.5474 -1.1953 -0.86601 -0.55791 -0.26968 -3.9113e-05 0.2143 0.49871 0.80273 1.1277 1.4751 1.8464 2.2433 2.6676 3.1212 3.606 4.1242 4.6782 5.2703 5.9033 6.5799 7.3031 8.0762 8.9027 9.786 10.73 11.74 12.819 13.972
0 7.0523e+11 8.2711e+11 9.7158e+11 1.1434e+12 1.3484e+12 1.5944e+12 1.8912e+12 2.2521e+12 2.695e+12 3.2445e+12 3.9348e+12 4.815e+12 5.9551e+12 7.4571e+12 9.4691e+12 1.2205e+13 1.5962e+13 2.113e+13 2.8124e+13 3.717e+13 4.7826e+13 5.8446e+13 6.6346e+13 6.9306e+13 6.7791e+13 6.1415e+13 5.1864e+13 4.1601e+13 3.2323e+13 2.4702e+13 1.8766e+13 1.4273e+13 1.0917e+13 8.422e+12 6.5639e+12 5.1721e+12 4.1207e+12 3.318e+12 2.6984e+12 2.2144e+12 1.832e+12 1.5266e+12 1.2801e+12 1.0794e+12 9.1452e+11 7.781e+11 6.6445e+11
0.21299 7.054e+11 8.2753e+11 9.7241e+11 1.1449e+12 1.351e+12 1.5986e+12 1.8979e+12 2.2624e+12 2.7104e+12 3.2669e+12 3.9664e+12 4.8576e+12 6.0096e+12 7.5203e+12 9.5288e+12 1.2228e+13 1.5872e+13 2.0765e+13 2.717e+13 3.5105e+13 4.3983e+13 5.2369e+13 5.8345e+13 6.0569e+13 5.9509e+13 5.4779e+13 4.7315e+13 3.8842e+13 3.0796e+13 2.3921e+13 1.84e+13 1.4123e+13 1.0873e+13 8.4255e+12 6.5851e+12 5.197e+12 4.1435e+12 3.3368e+12 2.713e+12 2.2253e+12 1.84e+12 1.5323e+12 1.2841e+12 1.0822e+12 9.1646e+11 7.7941e+11 6.6533e+11
0.42597 7.0565e+11 8.2818e+11 9.7374e+11 1.1473e+12 1.3551e+12 1.6054e+12 1.9086e+12 2.2788e+12 2.7347e+12 3.3017e+12 4.0145e+12 4.9208e+12 6.0867e+12 7.6023e+12 9.5888e+12 1.2201e+13 1.562e+13 2.0005e+13 2.5396e+13 3.1529e+13 3.7693e+13 4.2862e+13 4.6188e+13 4.7404e+13 4.693e+13 4.4429e+13 3.9944e+13 3.4181e+13 2.8108e+13 2.2484e+13 1.7691e+13 1.3809e+13 1.076e+13 8.4074e+12 6.6068e+12 5.2313e+12 4.1778e+12 3.3664e+12 2.7366e+12 2.2433e+12 1.8533e+12 1.5419e+12 1.291e+12 1.087e+12 9.1979e+11 7.8168e+11 6.6684e+11
0.63896 7.0589e+11 8.289e+11 9.7528e+11 1.1502e+12 1.3601e+12 1.6135e+12 1.9212e+12 2.2978e+12 2.7623e+12 3.3401e+12 4.0654e+12 4.9834e+12 6.1542e+12 7.6546e+12 9.5785e+12 1.2027e+13 1.508e+13 1.8731e+13 2.278e+13 2.6744e+13 2.9949e+13 3.1935e+13 3.2834e+13 3.3139e+13 3.3135e+13 3.2608e+13 3.1021e+13 2.8171e+13 2.4421e+13 2.0389e+13 1.6582e+13 1.3268e+13 1.0527e+13 8.3316e+12 6.6042e+12 5.2582e+12 4.2128e+12 3.3998e+12 2.7648e+12 2.2656e+12 1.8702e+12 1.5544e+12 1.3e+12 1.0934e+12 9.2425e+11 7.8474e+11 6.689e+11
0.85195 7.06e+11 8.2949e+11 9.7669e+11 1.1529e+12 1.3648e+12 1.6212e+12 1.9331e+12 2.3152e+12 2.7864e+12 3.3715e+12 4.1024e+12 5.0198e+12 6.1738e+12 7.6218e+12 9.4208e+12 1.1606e+13 1.4147e+13 1.6878e+13 1.9426e+13 2.1255e+13 2.1943e+13 2.1609e+13 2.0956e+13 2.0689e+13 2.091e+13 2.1564e+13 2.2025e+13 2.1594e+13 2.0056e+13 1.7717e+13 1.5055e+13 1.2453e+13 1.0127e+13 8.1588e+12 6.5487e+12 5.2581e+12 4.2352e+12 3.4283e+12 2.792e+12 2.2887e+12 1.8885e+12 1.5683e+12 1.3103e+12 1.1008e+12 9.2947e+11 7.8836e+11 6.7135e+11
1.0649 7.0581e+11 8.2967e+11 9.7752e+11 1.1547e+12 1.3682e+12 1.6266e+12 1.9412e+12 2.3261e+12 2.7996e+12 3.3844e+12 4.1087e+12 5.0055e+12 6.1108e+12 7.4569e+12 9.0571e+12 1.0877e+13 1.2785e+13 1.4505e+13 1.5614e+13 1.5711e+13 1.4757e+13 1.3279e+13 1.2058e+13 1.159e+13 1.1824e+13 1.2827e+13 1.4228e+13 1.53e+13 1.5472e+13 1.4662e+13 1.3164e+13 1.1356e+13 9.53e+12 7.8582e+12 6.4143e+12 5.2115e+12 4.2313e+12 3.4427e+12 2.812e+12 2.3083e+12 1.9054e+12 1.5819e+12 1.3207e+12 1.1085e+12 9.3503e+11 7.9226e+11 6.7403e+11
1.2779 7.0519e+11 8.292e+11 9.7734e+11 1.155e+12 1.369e+12 1.628e+12 1.9426e+12 2.3263e+12 2.7954e+12 3.3696e+12 4.0711e+12 4.9226e+12 5.9427e+12 7.1347e+12 8.4673e+12 9.8427e+12 1.106e+13 1.1807e+13 1.174e+13 1.0727e+13 9.0745e+12 7.4268e+12 6.3103e+12 5.8913e+12 6.0419e+12 6.8769e+12 8.3372e+12 9.9734e+12 1.1156e+13 1.1503e+13 1.1038e+13 1.0019e+13 8.7388e+12 7.4171e+12 6.185e+12 5.1037e+12 4.1896e+12 3.4343e+12 2.8187e+12 2.3206e+12 1.9184e+12 1.5934e+12 1.3301e+12 1.1158e+12 9.4043e+11 7.9615e+11 6.7674e+11
1.4909 7.0395e+11 8.278e+11 9.7572e+11 1.153e+12 1.3663e+12 1.6236e+12 1.935e+12 2.3123e+12 2.7692e+12 3.3209e+12 3.9821e+12 4.7633e+12 5.6637e+12 6.6577e+12 7.6739e+12 8.5702e+12 9.1201e+12 9.0544e+12 8.2061e+12 6.7189e+12 5.079e+12 3.7917e+12 3.044e+12 2.7683e+12 2.835e+12 3.3452e+12 4.4263e+12 5.9572e+12 7.4896e+12 8.5279e+12 8.8499e+12 8.5316e+12 7.7897e+12 6.8441e+12 5.8574e+12 4.9276e+12 4.1024e+12 3.3968e+12 2.8074e+12 2.3218e+12 1.9247e+12 1.6011e+12 1.3373e+12 1.1219e+12 9.4518e+11 7.9969e+11 6.7926e+11
1.7039 7.0196e+11 8.2522e+11 9.7227e+11 1.1482e+12 1.3591e+12 1.6124e+12 1.9168e+12 2.2821e+12 2.7187e+12 3.2362e+12 3.8408e+12 4.5302e+12 5.2843e+12 6.0519e+12 6.7329e+12 7.1662e+12 7.1474e+12 6.5129e+12 5.2958e+12 3.827e+12 2.5693e+12 1.7713e+12 1.3752e+12 1.2331e+12 1.2523e+12 1.4961e+12 2.1295e+12 3.2463e+12 4.6632e+12 5.9579e+12 6.773e+12 7.0019e+12 6.7415e+12 6.1666e+12 5.4412e+12 4.684e+12 3.9673e+12 3.3267e+12 2.7746e+12 2.3092e+12 1.9225e+12 1.6035e+12 1.3414e+12 1.126e+12 9.488e+11 8.0256e+11 6.814e+11
1.9169 6.9907e+11 8.2128e+11 9.6671e+11 1.1401e+12 1.3469e+12 1.5937e+12 1.8874e+12 2.2353e+12 2.644e+12 3.1172e+12 3.6523e+12 4.2342e+12 4.8264e+12 5.3585e+12 5.7166e+12 5.7489e+12 5.3117e+12 4.374e+12 3.1294e+12 1.9576e+12 1.1613e+12 7.5791e+11 5.9172e+11 5.3585e+11 5.387e+11 6.2992e+11 9.3044e+11 1.6036e+12 2.6781e+12 3.9103e+12 4.9397e+12 5.5338e+12 5.6619e+12 5.4231e+12 4.9557e+12 4.3812e+12 3.7865e+12 3.2236e+12 2.7189e+12 2.2814e+12 1.9102e+12 1.5995e+12 1.3413e+12 1.1276e+12 9.5085e+11 8.0447e+11 6.8294e+11
2.1299 6.952e+11 8.1583e+11 9.5886e+11 1.1285e+12 1.3296e+12 1.5672e+12 1.8468e+12 2.1727e+12 2.5473e+12 2.9685e+12 3.4252e+12 3.8913e+12 4.3175e+12 4.6233e+12 4.6975e+12 4.4218e+12 3.7354e+12 2.7287e+12 1.6747e+12 8.8215e+11 4.6058e+11 2.9755e+11 2.4684e+11 2.3348e+11 2.3433e+11 2.5978e+11 3.7244e+11 7.1065e+11 1.406e+12 2.3995e+12 3.4255e+12 4.2079e+12 4.6131e+12 4.6548e+12 4.4252e+12 4.0322e+12 3.5661e+12 3.0897e+12 2.6407e+12 2.2376e+12 1.8871e+12 1.5882e+12 1.3365e+12 1.1262e+12 9.5096e+11 8.0516e+11 6.8372e+11
2.3429 6.9029e+11 8.088e+11 9.4864e+11 1.1135e+12 1.3071e+12 1.5336e+12 1.796e+12 2.0961e+12 2.4322e+12 2.7964e+12 3.1701e+12 3.5188e+12 3.7856e+12 3.8896e+12 3.7374e+12 3.2604e+12 2.482e+12 1.573e+12 7.9996e+11 3.3966e+11 1.5596e+11 1.0822e+11 1.0197e+11 1.0415e+11 1.0633e+11 1.11e+11 1.4056e+11 2.7811e+11 6.6472e+11 1.3662e+12 2.251e+12 3.0739e+12 3.6443e+12 3.899e+12 3.8745e+12 3.6518e+12 3.3144e+12 2.9292e+12 2.5417e+12 2.1786e+12 1.8531e+12 1.5694e+12 1.3267e+12 1.1214e+12 9.4887e+11 8.0443e+11 6.8359e+11
2.5558 6.843e+11 8.0018e+11 9.3611e+11 1.0951e+12 1.28e+12 1.4934e+12 1.7365e+12 2.0081e+12 2.3028e+12 2.6074e+12 2.8977e+12 3.1334e+12 3.2561e+12 3.1939e+12 2.8819e+12 2.3065e+12 1.5581e+12 8.3476e+11 3.3508e+11 1.0589e+11 4.3374e+10 3.7702e+10 4.2857e+10 4.8171e+10 5.1023e+10 5.1814e+10 5.3998e+10 9.436e+10 2.7574e+11 7.1344e+11 1.3948e+12 2.1526e+12 2.7889e+12 3.1861e+12 3.3261e+12 3.2548e+12 3.0403e+12 2.7471e+12 2.4246e+12 2.1055e+12 1.8087e+12 1.5432e+12 1.3117e+12 1.113e+12 9.4441e+11 8.0212e+11 6.8242e+11
2.7688 6.7727e+11 7.9004e+11 9.2141e+11 1.0736e+12 1.2487e+12 1.4476e+12 1.6698e+12 1.9113e+12 2.1631e+12 2.408e+12 2.6178e+12 2.7502e+12 2.7507e+12 2.5635e+12 2.1578e+12 1.5695e+12 9.2688e+11 4.0841e+11 1.2099e+11 2.3878e+10 9.6248e+09 1.361e+10 1.8879e+10 2.322e+10 2.5785e+10 2.682e+10 2.4072e+10 2.8032e+10 9.5548e+10 3.3534e+11 8.0945e+11 1.4412e+12 2.0651e+12 2.5387e+12 2.7992e+12 2.8549e+12 2.7527e+12 2.5489e+12 2.2925e+12 2.02e+12 1.7547e+12 1.5099e+12 1.2915e+12 1.1011e+12 9.3749e+11 7.9815e+11 6.8015e+11
2.9818 6.6922e+11 7.7848e+11 9.0472e+11 1.0495e+12 1.2138e+12 1.3974e+12 1.5975e+12 1.808e+12 2.0169e+12 2.2041e+12 2.3393e+12 2.3817e+12 2.2854e+12 2.0149e+12 1.5734e+12 1.0321e+12 5.2687e+11 1.8691e+11 3.797e+10 2.8322e+09 2.1225e+09 5.67e+09 8.8988e+09 1.1661e+10 1.3543e+10 1.4949e+10 1.3401e+10 8.9301e+09 2.4836e+10 1.3747e+11 4.3588e+11 9.1936e+11 1.4776e+12 1.9714e+12 2.3088e+12 2.4643e+12 2.4601e+12 2.3398e+12 2.1486e+12 1.9238e+12 1.6921e+12 1.4699e+12 1.2665e+12 1.0857e+12 9.2812e+11 7.9249e+11 6.7672e+11
3.1948 6.6024e+11 7.6563e+11 8.863e+11 1.0231e+12 1.1761e+12 1.3435e+12 1.5212e+12 1.7007e+12 1.8679e+12 2.001e+12 2.0697e+12 2.0375e+12 1.8705e+12 1.5548e+12 1.1217e+12 6.6057e+11 2.9046e+11 8.3143e+10 1.1747e+10 1.5588e+08 1.0692e+09 2.8311e+09 4.4899e+09 6.0687e+09 7.2955e+09 8.6092e+09 8.5818e+09 5.0394e+09 3.6024e+09 4.6382e+10 2.1519e+11 5.5674e+11 1.0201e+12 1.4909e+12 1.8659e+12 2.093e+12 2.1701e+12 2.1251e+12 1.9961e+12 1.8191e+12 1.6219e+12 1.424e+12 1.237e+12 1.067e+12 9.1633e+11 7.8513e+11 6.7212e+11
3.4078 6.504e+11 7.5162e+11 8.6636e+11 9.948e+11 1.136e+12 1.287e+12 1.4421e+12 1.5913e+12 1.719e+12 1.8028e+12 1.8144e+12 1.7239e+12 1.5106e+12 1.1809e+12 7.8519e+11 4.1492e+11 1.5831e+11 3.8135e+10 4.88e+09 5.8781e+08 8.7788e+08 1.5796e+09 2.3845e+09 3.2469e+09 3.9917e+09 4.9808e+09 5.6264e+09 4.3786e+09 4.3393e+08 1.1453e+10 9.606e+10 3.1896e+11 6.7864e+11 1.0976e+12 1.4773e+12 1.7491e+12 1.8895e+12 1.9097e+12 1.8384e+12 1.7077e+12 1.5455e+12 1.3727e+12 1.2032e+12 1.045e+12 9.0221e+11 7.761e+11 6.6635e+11
3.6208 6.3979e+11 7.366e+11 8.4514e+11 9.649e+11 1.094e+12 1.2286e+12 1.3616e+12 1.4817e+12 1.5727e+12 1.6128e+12 1.5772e+12 1.4439e+12 1.2056e+12 8.8474e+11 5.4173e+11 2.575e+11 8.6486e+10 1.8638e+10 2.7474e+09 6.7652e+08 6.3101e+08 9.0946e+08 1.3056e+09 1.7712e+09 2.2052e+09 2.8609e+09 3.5704e+09 3.7069e+09 1.5643e+09 1.8104e+09 3.8527e+10 1.7268e+11 4.349e+11 7.8644e+11 1.1457e+12 1.4382e+12 1.6239e+12 1.698e+12 1.6784e+12 1.5916e+12 1.4639e+12 1.3168e+12 1.1656e+12 1.0201e+12 8.8587e+11 7.6546e+11 6.5942e+11
3.8338 6.2848e+11 7.2069e+11 8.2282e+11 9.3373e+11 1.0508e+12 1.169e+12 1.2805e+12 1.3733e+12 1.431e+12 1.4334e+12 1.3603e+12 1.1982e+12 9.5172e+11 6.5474e+11 3.6894e+11 1.5805e+11 4.7138e+10 9.2606e+09 1.4588e+09 4.3197e+08 3.8757e+08 5.2142e+08 7.2591e+08 9.7919e+08 1.2267e+09 1.6294e+09 2.1695e+09 2.7484e+09 2.4335e+09 1.076e+09 1.4518e+10 8.8857e+10 2.6881e+11 5.4858e+11 8.7049e+11 1.1635e+12 1.3776e+12 1.494e+12 1.5191e+12 1.4728e+12 1.3784e+12 1.2569e+12 1.1245e+12 9.9241e+11 8.6743e+11 7.5325e+11 6.5137e+11
4.0468 6.1653e+11 7.04e+11 7.9959e+11 9.0156e+11 1.0065e+12 1.1089e+12 1.1998e+12 1.2672e+12 1.2951e+12 1.266e+12 1.1645e+12 9.854e+11 7.4335e+11 4.785e+11 2.476e+11 9.5275e+10 2.4946e+10 4.2217e+09 5.8308e+08 2.0465e+08 2.1897e+08 2.9614e+08 4.071e+08 5.471e+08 6.873e+08 9.2423e+08 1.2734e+09 1.8141e+09 2.3604e+09 2.0538e+09 6.3801e+09 4.4491e+10 1.6102e+11 3.7307e+11 6.4825e+11 9.2645e+11 1.1537e+12 1.3007e+12 1.3631e+12 1.3532e+12 1.2903e+12 1.1939e+12 1.0806e+12 9.6227e+11 8.4703e+11 7.3957e+11 6.4222e+11
4.2597 6.0402e+11 6.8663e+11 7.7558e+11 8.6861e+11 9.6171e+11 1.0486e+12 1.1202e+12 1.1642e+12 1.1661e+12 1.1111e+12 9.8927e+11 8.0296e+11 5.7405e+11 3.4471e+11 1.6295e+11 5.5651e+10 1.2335e+10 1.5836e+09 1.4962e+08 8.8283e+07 1.2103e+08 1.6785e+08 2.3042e+08 3.0931e+08 3.891e+08 5.2589e+08 7.3346e+08 1.1022e+09 1.7811e+09 2.4724e+09 4.3475e+09 2.2928e+10 9.4519e+10 2.481e+11 4.7368e+11 7.2633e+11 9.5411e+11 1.1208e+12 1.2128e+12 1.2346e+12 1.2008e+12 1.1286e+12 1.0341e+12 9.2993e+11 8.2483e+11 7.2448e+11 6.3203e+11
4.4727 5.91e+11 6.6866e+11 7.5094e+11 8.3506e+11 9.1652e+11 9.8859e+11 1.042e+12 1.0649e+12 1.0443e+12 9.6887e+11 8.338e+11 6.4784e+11 4.3768e+11 2.4405e+11 1.0449e+11 3.1063e+10 5.5206e+09 4.3759e+08 1.8279e+07 4.3236e+07 6.8081e+07 9.6304e+07 1.3261e+08 1.7803e+08 2.2404e+08 3.029e+08 4.2197e+08 6.3836e+08 1.1463e+09 2.1656e+09 3.872e+09 1.3215e+10 5.5477e+10 1.6224e+11 3.4023e+11 5.611e+11 7.7941e+11 9.5601e+11 1.07e+12 1.1185e+12 1.1109e+12 1.0617e+12 9.8574e+11 8.9568e+11 8.01e+11 7.0809e+11 6.2083e+11
4.6857 5.7751e+11 6.5016e+11 7.2575e+11 8.0107e+11 8.7121e+11 9.2915e+11 9.6565e+11 9.6971e+11 9.3021e+11 8.3916e+11 6.9681e+11 5.17e+11 3.2889e+11 1.6931e+11 6.4986e+10 1.6477e+10 2.2416e+09 8.7682e+07 6.0428e+06 2.5896e+07 4.0124e+07 5.7147e+07 7.8716e+07 1.0551e+08 1.3255e+08 1.7858e+08 2.4665e+08 3.6484e+08 6.6531e+08 1.5387e+09 3.3617e+09 8.8934e+09 3.3515e+10 1.0522e+11 2.4092e+11 4.2758e+11 6.2924e+11 8.0741e+11 9.3622e+11 1.0064e+12 1.0219e+12 9.9398e+11 9.3584e+11 8.5982e+11 7.7571e+11 6.9049e+11 6.0869e+11
4.8987 5.6358e+11 6.3119e+11 7.0011e+11 7.6678e+11 8.2596e+11 8.7051e+11 8.9148e+11 8.789e+11 8.2377e+11 7.2158e+11 5.77e+11 4.0771e+11 2.4326e+11 1.1495e+11 3.9229e+10 8.4187e+09 9.0253e+08 3.556e+07 1.1965e+07 1.7601e+07 2.5623e+07 3.6063e+07 4.9216e+07 6.5427e+07 8.1693e+07 1.0916e+08 1.4875e+08 2.1245e+08 3.6597e+08 9.3636e+08 2.5855e+09 6.6359e+09 2.1434e+10 6.8496e+10 1.6889e+11 3.2194e+11 5.0241e+11 6.7543e+11 8.1258e+11 8.994e+11 9.3474e+11 9.2614e+11 8.8494e+11 8.2267e+11 7.4915e+11 6.7179e+11 5.9566e+11
5.1117 5.4924e+11 6.1179e+11 6.7409e+11 7.3228e+11 7.8092e+11 8.1289e+11 8.1971e+11 7.9267e+11 7.2506e+11 6.1574e+11 4.7317e+11 3.1754e+11 1.7708e+11 7.6514e+10 2.32e+10 4.3048e+09 4.2714e+08 3.4904e+07 1.1846e+07 1.3297e+07 1.8292e+07 2.4863e+07 3.3126e+07 4.3206e+07 5.3267e+07 7.0096e+07 9.3805e+07 1.2918e+08 2.014e+08 5.0533e+08 1.7403e+09 5.0243e+09 1.4653e+10 4.537e+10 1.1785e+11 2.4e+11 3.9708e+11 5.5989e+11 6.9975e+11 7.9843e+11 8.5019e+11 8.5888e+11 8.3351e+11 7.8452e+11 7.2151e+11 6.5211e+11 5.8182e+11
5.3247 5.3453e+11 5.9201e+11 6.4776e+11 6.9769e+11 7.3625e+11 7.5647e+11 7.5056e+11 7.1122e+11 6.3412e+11 5.2126e+11 3.8421e+11 2.4433e+11 1.2708e+11 5.0221e+10 1.3667e+10 2.2956e+09 2.3566e+08 2.3572e+07 9.4898e+06 1.1339e+07 1.4667e+07 1.8951e+07 2.4296e+07 3.0769e+07 3.7176e+07 4.7789e+07 6.2466e+07 8.3198e+07 1.17e+08 2.5109e+08 1.0261e+09 3.6285e+09 1.0523e+10 3.093e+10 8.2407e+10 1.7765e+11 3.1102e+11 4.6014e+11 5.9804e+11 7.0421e+11 7.6904e+11 7.9281e+11 7.82e+11 7.457e+11 6.93e+11 6.3157e+11 5.6723e+11
5.5377 5.1947e+11 5.719e+11 6.212e+11 6.6311e+11 6.9208e+11 7.0146e+11 6.8426e+11 6.3475e+11 5.5098e+11 4.378e+11 3.0903e+11 1.8598e+11 9.0236e+10 3.2766e+10 8.129e+09 1.2619e+09 1.1699e+08 1.04e+07 8.6056e+06 1.0585e+07 1.2863e+07 1.577e+07 1.9336e+07 2.3636e+07 2.7837e+07 3.474e+07 4.4129e+07 5.6976e+07 7.4283e+07 1.2258e+08 5.2761e+08 2.4181e+09 7.6729e+09 2.1792e+10 5.8151e+10 1.3101e+11 2.4178e+11 3.7518e+11 5.0743e+11 6.1718e+11 6.9188e+11 7.2847e+11 7.3085e+11 7.065e+11 6.638e+11 6.1029e+11 5.5196e+11
5.7506 5.041e+11 5.515e+11 5.9447e+11 6.2866e+11 6.4859e+11 6.4805e+11 6.2104e+11 5.6347e+11 4.7567e+11 3.6494e+11 2.4647e+11 1.4037e+11 6.3668e+10 2.137e+10 4.8514e+09 6.5661e+08 3.8775e+07 5.5898e+06 8.8385e+06 1.0269e+07 1.1887e+07 1.3927e+07 1.6398e+07 1.9341e+07 2.2186e+07 2.6812e+07 3.3015e+07 4.1344e+07 5.1624e+07 6.568e+07 2.3367e+08 1.4541e+09 5.4896e+09 1.5775e+10 4.1658e+10 9.6631e+10 1.8688e+11 3.0373e+11 4.2759e+11 5.3761e+11 6.1918e+11 6.6634e+11 6.8043e+11 6.6721e+11 6.3412e+11 5.884e+11 5.361e+11
5.9636 4.8843e+11 5.3086e+11 5.6766e+11 5.9444e+11 6.0593e+11 5.9648e+11 5.6116e+11 4.9757e+11 4.0817e+11 3.0216e+11 1.9523e+11 1.0533e+11 4.477e+10 1.3894e+10 2.8113e+09 2.8578e+08 4.5026e+06 6.7844e+06 9.0797e+06 1.0019e+07 1.1228e+07 1.2703e+07 1.4482e+07 1.655e+07 1.8544e+07 2.1729e+07 2.5958e+07 3.1543e+07 3.8448e+07 4.2689e+07 8.8831e+07 7.6818e+08 3.7454e+09 1.1562e+10 3.0388e+10 7.1587e+10 1.4393e+11 2.4438e+11 3.58e+11 4.6554e+11 5.5125e+11 6.068e+11 6.311e+11 6.281e+11 6.0414e+11 5.6602e+11 5.1972e+11
6.1766 4.7251e+11 5.1005e+11 5.4086e+11 5.6061e+11 5.6432e+11 5.4699e+11 5.0487e+11 4.3721e+11 3.4834e+11 2.4877e+11 1.5384e+11 7.8702e+10 3.1336e+10 8.8774e+09 1.507e+09 8.9724e+07 1.3345e+06 8.482e+06 8.9909e+06 9.703e+06 1.0635e+07 1.1744e+07 1.3058e+07 1.4559e+07 1.5993e+07 1.8249e+07 2.1211e+07 2.5066e+07 2.9969e+07 3.2964e+07 3.2733e+07 3.4007e+08 2.3763e+09 8.4153e+09 2.2536e+10 5.3469e+10 1.1074e+11 1.9566e+11 2.9798e+11 4.0085e+11 4.883e+11 5.5017e+11 5.8317e+11 5.8941e+11 5.7405e+11 5.4328e+11 5.029e+11
6.3896 4.5638e+11 4.8912e+11 5.1417e+11 5.2731e+11 5.2394e+11 4.9981e+11 4.5238e+11 3.8246e+11 2.9589e+11 2.0389e+11 1.2073e+11 5.8539e+10 2.1688e+10 5.4564e+09 7.1632e+08 1.9473e+07 7.6711e+06 8.6453e+06 8.6743e+06 9.2836e+06 1.0014e+07 1.0879e+07 1.1868e+07 1.2995e+07 1.4044e+07 1.569e+07 1.7808e+07 2.0548e+07 2.4068e+07 2.7384e+07 1.8913e+07 1.1404e+08 1.3635e+09 5.9589e+09 1.6878e+10 4.0367e+10 8.5352e+10 1.561e+11 2.4673e+11 3.433e+11 4.3041e+11 4.9668e+11 5.3689e+11 5.5137e+11 5.4402e+11 5.2029e+11 4.8572e+11
6.6026 4.4009e+11 4.6817e+11 4.8771e+11 4.9471e+11 4.85e+11 4.5517e+11 4.0385e+11 3.3326e+11 2.5037e+11 1.6648e+11 9.435e+10 4.3201e+10 1.4687e+10 3.1657e+09 3.0418e+08 1.3392e+07 1.0591e+07 7.9631e+06 8.2368e+06 8.7581e+06 9.3475e+06 1.0033e+07 1.0799e+07 1.1661e+07 1.2446e+07 1.3675e+07 1.5223e+07 1.7215e+07 1.975e+07 2.2919e+07 1.9113e+07 2.1956e+07 6.8043e+08 4.0204e+09 1.2622e+10 3.0806e+10 6.6081e+10 1.2434e+11 2.0339e+11 2.9255e+11 3.7759e+11 4.4649e+11 4.9247e+11 5.1418e+11 5.142e+11 4.9717e+11 4.6826e+11
6.8156 4.237e+11 4.4726e+11 4.6161e+11 4.6296e+11 4.4769e+11 4.1323e+11 3.5934e+11 2.8943e+11 2.1115e+11 1.3545e+11 7.3311e+10 3.1456e+10 9.632e+09 1.7311e+09 1.3803e+08 2.0796e+07 9.0427e+06 7.2824e+06 7.7169e+06 8.1503e+06 8.6419e+06 9.1892e+06 9.7986e+06 1.0465e+07 1.1072e+07 1.1998e+07 1.316e+07 1.4628e+07 1.6481e+07 1.9021e+07 2.0264e+07 1.7332e+06 2.7653e+08 2.529e+09 9.2938e+09 2.369e+10 5.15e+10 9.9063e+10 1.6712e+11 2.4817e+11 3.2973e+11 3.9971e+11 4.501e+11 4.7802e+11 4.8474e+11 4.7403e+11 4.5059e+11
7.0286 4.0726e+11 4.265e+11 4.3597e+11 4.3222e+11 4.1218e+11 3.7412e+11 3.1884e+11 2.5064e+11 1.7753e+11 1.0972e+11 5.646e+10 2.2463e+10 6.0938e+09 9.2749e+08 9.0877e+07 1.9799e+07 6.6392e+06 6.7488e+06 7.1343e+06 7.4975e+06 7.9106e+06 8.3557e+06 8.8467e+06 9.3696e+06 9.8476e+06 1.0555e+07 1.1445e+07 1.2542e+07 1.3924e+07 1.5766e+07 1.8917e+07 8.3205e+06 8.0562e+07 1.4485e+09 6.634e+09 1.8238e+10 4.0432e+10 7.9116e+10 1.3703e+11 2.097e+11 2.867e+11 3.5638e+11 4.0989e+11 4.4302e+11 4.5577e+11 4.5098e+11 4.3279e+11
7.2416 3.9084e+11 4.0597e+11 4.1094e+11 4.0264e+11 3.7859e+11 3.3789e+11 2.8219e+11 2.1647e+11 1.4873e+11 8.832e+10 4.294e+10 1.5673e+10 3.7552e+09 5.3225e+08 7.4044e+07 1.1859e+07 5.4494e+06 6.2227e+06 6.5154e+06 6.831e+06 7.174e+06 7.5447e+06 7.9409e+06 8.3617e+06 8.7373e+06 9.2927e+06 9.9773e+06 1.0815e+07 1.186e+07 1.317e+07 1.5913e+07 1.68e+07 1.4621e+07 7.3618e+08 4.5196e+09 1.3923e+10 3.1932e+10 6.3447e+10 1.1231e+11 1.7663e+11 2.483e+11 3.165e+11 3.7196e+11 4.0933e+11 4.2742e+11 4.281e+11 4.1493e+11
7.4545 3.7451e+11 3.8578e+11 3.8662e+11 3.7433e+11 3.4702e+11 3.0451e+11 2.4919e+11 1.8643e+11 1.2404e+11 7.0497e+10 3.2156e+10 1.0703e+10 2.3178e+09 3.4838e+08 5.1594e+07 5.0383e+06 5.1629e+06 5.6513e+06 5.8919e+06 6.1683e+06 6.4551e+06 6.7654e+06 7.0886e+06 7.4316e+06 7.7279e+06 8.1729e+06 8.7022e+06 9.3552e+06 1.0151e+07 1.1118e+07 1.2807e+07 1.887e+07 1.0554e+07 3.2645e+08 2.8967e+09 1.0426e+10 2.5272e+10 5.1139e+10 9.2143e+10 1.4847e+11 2.1428e+11 2.8002e+11 3.3635e+11 3.7704e+11 3.9977e+11 4.0548e+11 3.9706e+11
7.6675 3.5834e+11 3.66e+11 3.6312e+11 3.4738e+11 3.1748e+11 2.7388e+11 2.1953e+11 1.6001e+11 1.0284e+11 5.5677e+10 2.3694e+10 7.2201e+09 1.486e+09 2.4209e+08 2.512e+07 2.8085e+06 4.9117e+06 5.0717e+06 5.2885e+06 5.5239e+06 5.7697e+06 6.0274e+06 6.2958e+06 6.575e+06 6.8151e+06 7.1709e+06 7.589e+06 8.1007e+06 8.7137e+06 9.4586e+06 1.039e+07 1.5749e+07 2.1923e+07 1.3394e+08 1.7284e+09 7.5728e+09 1.9919e+10 4.1406e+10 7.579e+10 1.2467e+11 1.8439e+11 2.4688e+11 3.0312e+11 3.4624e+11 3.7293e+11 3.832e+11 3.7926e+11
7.8805 3.424e+11 3.4673e+11 3.4051e+11 3.2186e+11 2.8996e+11 2.4586e+11 1.9289e+11 1.3675e+11 8.4636e+10 4.3457e+10 1.723e+10 4.8888e+09 1.0018e+09 1.5446e+08 6.5192e+06 3.3858e+06 4.4219e+06 4.5196e+06 4.7159e+06 4.9137e+06 5.1252e+06 5.3402e+06 5.5644e+06 5.7923e+06 5.9914e+06 6.2742e+06 6.6129e+06 7.0129e+06 7.4946e+06 8.0785e+06 8.6777e+06 1.1296e+07 2.6895e+07 6.9517e+07 9.6176e+08 5.285e+09 1.5518e+10 3.3605e+10 6.2554e+10 1.0471e+11 1.5833e+11 2.1698e+11 2.7227e+11 3.1699e+11 3.4698e+11 3.6134e+11 3.6158e+11
8.0935 3.2675e+11 3.2802e+11 3.1886e+11 2.9776e+11 2.6439e+11 2.2023e+11 1.6894e+11 1.1625e+11 6.9058e+10 3.3539e+10 1.2446e+10 3.3721e+09 6.852e+08 7.9613e+07 2.3993e+05 4.0089e+06 3.8619e+06 4.0075e+06 4.1777e+06 4.3483e+06 4.5267e+06 4.7089e+06 4.8953e+06 5.084e+06 5.248e+06 5.477e+06 5.7519e+06 6.0686e+06 6.4516e+06 6.9092e+06 7.3984e+06 8.0211e+06 2.2345e+07 5.9441e+07 5.1701e+08 3.524e+09 1.1854e+10 2.723e+10 5.1807e+10 8.8078e+10 1.3577e+11 1.9019e+11 2.4381e+11 2.8935e+11 3.2198e+11 3.3995e+11 3.4407e+11
8.3065 3.1145e+11 3.0995e+11 2.982e+11 2.7508e+11 2.4066e+11 1.968e+11 1.474e+11 9.8208e+10 5.5848e+10 2.5659e+10 9.0087e+09 2.3722e+09 4.4569e+08 2.9159e+07 1.6166e+06 3.7035e+06 3.3804e+06 3.5374e+06 3.6802e+06 3.83e+06 3.9792e+06 4.1339e+06 4.2891e+06 4.447e+06 4.5801e+06 4.771e+06 4.9914e+06 5.249e+06 5.5532e+06 5.9122e+06 6.3392e+06 6.3284e+06 1.3803e+07 5.7835e+07 2.9564e+08 2.251e+09 8.8207e+09 2.1916e+10 4.3002e+10 7.4252e+10 1.164e+11 1.6635e+11 2.177e+11 2.6336e+11 2.98e+11 3.1911e+11 3.2678e+11
8.5195 2.9655e+11 2.9253e+11 2.7854e+11 2.5377e+11 2.1865e+11 1.7536e+11 1.2801e+11 8.2405e+10 4.4799e+10 1.9545e+10 6.5751e+09 1.6705e+09 2.5959e+08 6.9653e+06 3.9527e+06 2.9739e+06 2.9784e+06 3.1084e+06 3.2295e+06 3.3576e+06 3.4848e+06 3.6145e+06 3.7451e+06 3.8767e+06 3.9858e+06 4.1452e+06 4.3231e+06 4.5349e+06 4.7772e+06 5.0624e+06 5.4162e+06 5.5206e+06 6.9412e+06 4.7274e+07 2.0082e+08 1.402e+09 6.3678e+09 1.7422e+10 3.5686e+10 6.2753e+10 9.9859e+10 1.453e+11 1.9391e+11 2.3904e+11 2.7508e+11 2.9885e+11 3.0975e+11
8.7325 2.8208e+11 2.7581e+11 2.5987e+11 2.3375e+11 1.9822e+11 1.5573e+11 1.1061e+11 6.8678e+10 3.5715e+10 1.4892e+10 4.8343e+09 1.142e+09 1.31e+08 4.0401e+06 4.133e+06 2.4197e+06 2.6169e+06 2.7194e+06 2.8257e+06 2.9319e+06 3.0413e+06 3.1499e+06 3.2597e+06 3.369e+06 3.4611e+06 3.5909e+06 3.7389e+06 3.9109e+06 4.1073e+06 4.3376e+06 4.6145e+06 4.9135e+06 3.7973e+06 2.9532e+07 1.5751e+08 8.852e+08 4.4646e+09 1.3613e+10 2.9507e+10 5.3138e+10 8.5785e+10 1.2683e+11 1.7236e+11 2.1642e+11 2.5329e+11 2.7925e+11 2.9304e+11
8.9455 2.6807e+11 2.5977e+11 2.4215e+11 2.1496e+11 1.7925e+11 1.3776e+11 9.506e+10 5.6892e+10 2.8376e+10 1.1383e+10 3.5453e+09 7.3705e+08 6.0095e+07 7.0725e+06 2.8154e+06 2.1295e+06 2.2858e+06 2.3718e+06 2.4641e+06 2.5534e+06 2.6458e+06 2.7375e+06 2.8292e+06 2.9203e+06 2.9981e+06 3.1036e+06 3.2282e+06 3.367e+06 3.5289e+06 3.7163e+06 3.9304e+06 4.258e+06 3.3074e+06 1.2979e+07 1.2293e+08 5.9484e+08 3.0666e+09 1.042e+10 2.4214e+10 4.5017e+10 7.3823e+10 1.1071e+11 1.5299e+11 1.955e+11 2.3266e+11 2.6033e+11 2.7668e+11
9.1584 2.5453e+11 2.4443e+11 2.2534e+11 1.9729e+11 1.6162e+11 1.2136e+11 8.1267e+10 4.6909e+10 2.2527e+10 8.7208e+09 2.5538e+09 4.4453e+08 3.2455e+07 7.7428e+06 1.6481e+06 1.9211e+06 1.9906e+06 2.0652e+06 2.1417e+06 2.2191e+06 2.2957e+06 2.3733e+06 2.4497e+06 2.526e+06 2.5901e+06 2.6785e+06 2.781e+06 2.8954e+06 3.029e+06 3.1809e+06 3.3525e+06 3.6002e+06 3.5757e+06 3.3046e+06 8.4171e+07 4.3253e+08 2.1011e+09 7.8131e+09 1.9648e+10 3.8071e+10 6.3627e+10 9.6716e+10 1.3567e+11 1.7626e+11 2.1322e+11 2.4216e+11 2.6071e+11
9.3714 2.4147e+11 2.2974e+11 2.0939e+11 1.8069e+11 1.4526e+11 1.0645e+11 6.9151e+10 3.8566e+10 1.7897e+10 6.66e+09 1.782e+09 2.572e+08 2.5918e+07 5.1031e+06 1.2744e+06 1.69e+06 1.7311e+06 1.7957e+06 1.8582e+06 1.9243e+06 1.9884e+06 2.0531e+06 2.1173e+06 2.1809e+06 2.2331e+06 2.3084e+06 2.3911e+06 2.4874e+06 2.5964e+06 2.72e+06 2.8628e+06 3.0288e+06 3.4968e+06 6.4071e+05 4.6216e+07 3.2605e+08 1.4706e+09 5.7612e+09 1.5723e+10 3.2054e+10 5.4881e+10 8.4584e+10 1.2027e+11 1.5867e+11 1.95e+11 2.2478e+11 2.4518e+11
9.5844 2.2888e+11 2.1568e+11 1.9424e+11 1.6507e+11 1.301e+11 9.2983e+10 5.8625e+10 3.1665e+10 1.422e+10 5.029e+09 1.1987e+09 1.5459e+08 2.279e+07 1.9504e+06 1.324e+06 1.4559e+06 1.5037e+06 1.5581e+06 1.6114e+06 1.6655e+06 1.7199e+06 1.7734e+06 1.8271e+06 1.8798e+06 1.9233e+06 1.9856e+06 2.0538e+06 2.1339e+06 2.2229e+06 2.325e+06 2.4439e+06 2.5657e+06 2.9821e+06 1.6449e+06 1.8088e+07 2.3693e+08 1.0688e+09 4.2151e+09 1.2397e+10 2.6795e+10 4.7307e+10 7.4059e+10 1.0665e+11 1.4269e+11 1.7801e+11 2.0821e+11 2.3012e+11
9.7974 2.1674e+11 2.0223e+11 1.7986e+11 1.504e+11 1.1613e+11 8.092e+10 4.9574e+10 2.5988e+10 1.1266e+10 3.7265e+09 7.8605e+08 1.0527e+08 1.6236e+07 4.4293e+05 1.3125e+06 1.2575e+06 1.3057e+06 1.3502e+06 1.3964e+06 1.4403e+06 1.4858e+06 1.5305e+06 1.5747e+06 1.6185e+06 1.6553e+06 1.7053e+06 1.7631e+06 1.828e+06 1.9016e+06 1.9867e+06 2.0831e+06 2.1865e+06 2.3766e+06 2.9453e+06 3.812e+06 1.5543e+08 8.0133e+08 3.0984e+09 9.6451e+09 2.2191e+10 4.0678e+10 6.4894e+10 9.4626e+10 1.2824e+11 1.6226e+11 1.925e+11 2.1558e+11
10.01 2.0505e+11 1.8934e+11 1.6619e+11 1.3665e+11 1.033e+11 7.021e+10 4.1858e+10 2.1312e+10 8.8589e+09 2.7012e+09 5.1794e+08 7.9093e+07 8.0077e+06 5.2572e+05 1.1317e+06 1.0952e+06 1.1344e+06 1.1705e+06 1.2086e+06 1.2457e+06 1.2828e+06 1.3201e+06 1.3564e+06 1.3926e+06 1.4232e+06 1.4639e+06 1.5122e+06 1.5647e+06 1.6261e+06 1.6961e+06 1.7738e+06 1.8648e+06 1.9217e+06 3.0845e+06 6.4076e+05 8.7467e+07 6.014e+08 2.3144e+09 7.4379e+09 1.8184e+10 3.4823e+10 5.6859e+10 8.4025e+10 1.1524e+11 1.4774e+11 1.7768e+11 2.0159e+11
10.223 1.9377e+11 1.7699e+11 1.5321e+11 1.238e+11 9.1624e+10 6.0781e+10 3.5309e+10 1.7434e+10 6.8839e+09 1.9237e+09 3.5575e+08 5.7664e+07 2.1153e+06 1.0194e+06 9.2107e+05 9.5545e+05 9.8559e+05 1.0161e+06 1.0459e+06 1.0774e+06 1.1076e+06 1.1382e+06 1.1683e+06 1.198e+06 1.2226e+06 1.2571e+06 1.2958e+06 1.3394e+06 1.3898e+06 1.4464e+06 1.5109e+06 1.5874e+06 1.6285e+06 2.3403e+06 2.4653e+06 4.0791e+07 4.345e+08 1.7624e+09 5.7234e+09 1.4749e+10 2.9628e+10 4.9758e+10 7.4659e+10 1.0358e+11 1.3441e+11 1.6376e+11 1.8818e+11
10.436 1.8288e+11 1.6516e+11 1.4092e+11 1.1185e+11 8.1059e+10 5.2538e+10 2.9752e+10 1.4188e+10 5.2737e+09 1.3633e+09 2.5716e+08 3.6274e+07 1.2966e+05 1.1189e+06 7.8152e+05 8.3203e+05 8.5648e+05 8.8219e+05 9.0643e+05 9.3201e+05 9.5711e+05 9.8172e+05 1.0067e+06 1.0308e+06 1.0506e+06 1.0795e+06 1.1103e+06 1.1468e+06 1.1874e+06 1.2333e+06 1.2876e+06 1.349e+06 1.4105e+06 1.5266e+06 4.2016e+06 1.6691e+07 2.9236e+08 1.3555e+09 4.4268e+09 1.1864e+10 2.5023e+10 4.343e+10 6.635e+10 9.3146e+10 1.2224e+11 1.5076e+11 1.7539e+11
10.649 1.7237e+11 1.5383e+11 1.2932e+11 1.0081e+11 7.1571e+10 4.5361e+10 2.5018e+10 1.1456e+10 3.9885e+09 9.782e+08 1.8861e+08 1.8199e+07 6.5744e+05 8.4363e+05 6.9859e+05 7.2591e+05 7.4552e+05 7.6615e+05 7.8708e+05 8.07e+05 8.2771e+05 8.478e+05 8.6789e+05 8.8758e+05 9.0398e+05 9.2693e+05 9.5241e+05 9.8197e+05 1.0147e+06 1.0526e+06 1.0968e+06 1.1457e+06 1.2117e+06 1.087e+06 3.9538e+06 9.1573e+06 1.7988e+08 1.0331e+09 3.4577e+09 9.499e+09 2.097e+10 3.7757e+10 5.8935e+10 8.3797e+10 1.1116e+11 1.3866e+11 1.6324e+11
10.862 1.6222e+11 1.4299e+11 1.184e+11 9.0667e+10 6.3102e+10 3.9119e+10 2.096e+10 9.1614e+09 2.995e+09 7.1825e+08 1.3231e+08 7.1961e+06 1.4718e+06 5.5716e+05 6.2476e+05 6.346e+05 6.508e+05 6.6674e+05 6.8418e+05 7.0025e+05 7.1676e+05 7.3331e+05 7.4923e+05 7.6529e+05 7.7886e+05 7.9664e+05 8.1809e+05 8.4125e+05 8.6806e+05 8.9923e+05 9.3377e+05 9.7387e+05 1.0271e+06 9.6185e+05 2.4177e+06 9.1276e+06 1.0237e+08 7.6391e+08 2.7246e+09 7.6038e+09 1.7451e+10 3.266e+10 5.2272e+10 7.5406e+10 1.011e+11 1.2746e+11 1.5176e+11
11.075 1.5243e+11 1.3267e+11 1.0818e+11 8.1403e+10 5.557e+10 3.3678e+10 1.7465e+10 7.2569e+09 2.2522e+09 5.3596e+08 8.4614e+07 3.2991e+06 1.4487e+06 4.4896e+05 5.4672e+05 5.5576e+05 5.6933e+05 5.8232e+05 5.9546e+05 6.0905e+05 6.2204e+05 6.3535e+05 6.4817e+05 6.6104e+05 6.7179e+05 6.8627e+05 7.034e+05 7.219e+05 7.4378e+05 7.6858e+05 7.9603e+05 8.2913e+05 8.6761e+05 9.1485e+05 9.9722e+05 9.4975e+06 5.8116e+07 5.3958e+08 2.1497e+09 6.1094e+09 1.4447e+10 2.8092e+10 4.6249e+10 6.7844e+10 9.1969e+10 1.1713e+11 1.4095e+11
11.288 1.43e+11 1.2286e+11 9.8666e+10 7.2986e+10 4.8882e+10 2.8916e+10 1.4454e+10 5.708e+09 1.7089e+09 3.9685e+08 4.8684e+07 3.3158e+06 8.2437e+05 4.5097e+05 4.7648e+05 4.8774e+05 4.9891e+05 5.0994e+05 5.1984e+05 5.3091e+05 5.4138e+05 5.517e+05 5.6222e+05 5.7231e+05 5.8058e+05 5.9278e+05 6.0574e+05 6.2105e+05 6.3836e+05 6.5765e+05 6.8042e+05 7.0692e+05 7.356e+05 8.1538e+05 4.0292e+05 7.5597e+06 3.8001e+07 3.6289e+08 1.6787e+09 4.935e+09 1.1929e+10 2.4028e+10 4.0784e+10 6.0994e+10 8.3681e+10 1.0762e+11 1.3082e+11
11.501 1.3394e+11 1.1357e+11 8.9852e+10 6.5367e+10 4.2937e+10 2.473e+10 1.1878e+10 4.478e+09 1.3099e+09 2.8355e+08 2.6787e+07 3.7364e+06 2.957e+05 4.3997e+05 4.2016e+05 4.302e+05 4.3844e+05 4.473e+05 4.5567e+05 4.6399e+05 4.7253e+05 4.8062e+05 4.8896e+05 4.9693e+05 5.0345e+05 5.1316e+05 5.2323e+05 5.3561e+05 5.4903e+05 5.6432e+05 5.8298e+05 6.0343e+05 6.2639e+05 6.7655e+05 4.5121e+05 4.182e+06 3.009e+07 2.3639e+08 1.2826e+09 4.0002e+09 9.8522e+09 2.0452e+10 3.582e+10 5.4756e+10 7.6139e+10 9.8892e+10 1.2136e+11
11.714 1.2525e+11 1.0483e+11 8.1725e+10 5.8483e+10 3.7639e+10 2.1048e+10 9.7004e+09 3.5209e+09 1.0064e+09 1.9219e+08 1.678e+07 2.9762e+06 1.7433e+05 3.8475e+05 3.7373e+05 3.8059e+05 3.8694e+05 3.9343e+05 4.0075e+05 4.0699e+05 4.1368e+05 4.2024e+05 4.2656e+05 4.3293e+05 4.383e+05 4.4537e+05 4.5376e+05 4.6311e+05 4.7364e+05 4.8608e+05 5.0024e+05 5.1614e+05 5.3516e+05 5.5349e+05 6.2975e+05 1.3345e+06 2.4942e+07 1.5572e+08 9.522e+08 3.2368e+09 8.1552e+09 1.735e+10 3.1327e+10 4.9051e+10 6.9251e+10 9.0878e+10 1.1254e+11
11.927 1.1696e+11 9.6632e+10 7.4257e+10 5.226e+10 3.2901e+10 1.7818e+10 7.8917e+09 2.7819e+09 7.6417e+08 1.2452e+08 1.3301e+07 1.4706e+06 2.9222e+05 3.2246e+05 3.3198e+05 3.3736e+05 3.4276e+05 3.4775e+05 3.5325e+05 3.5844e+05 3.635e+05 3.6876e+05 3.7358e+05 3.786e+05 3.8284e+05 3.8811e+05 3.9493e+05 4.0183e+05 4.1025e+05 4.2005e+05 4.3043e+05 4.4319e+05 4.586e+05 4.6714e+05 6.3783e+05 85780 1.8409e+07 1.0935e+08 6.877e+08 2.596e+09 6.7684e+09 1.4694e+10 2.7285e+10 4.382e+10 6.2935e+10 8.3513e+10 1.0436e+11
12.14 1.0907e+11 8.8977e+10 6.7407e+10 4.6626e+10 2.8656e+10 1.5006e+10 6.4144e+09 2.2054e+09 5.6602e+08 8.0601e+07 1.1209e+07 3.1198e+05 3.7096e+05 2.8298e+05 2.9549e+05 2.9961e+05 3.0439e+05 3.0874e+05 3.1248e+05 3.1689e+05 3.2077e+05 3.2472e+05 3.2863e+05 3.3241e+05 3.3552e+05 3.3993e+05 3.4487e+05 3.5034e+05 3.5686e+05 3.6409e+05 3.7225e+05 3.8235e+05 3.9403e+05 4.0489e+05 4.9641e+05 1.4018e+05 1.095e+07 8.2826e+07 4.8923e+08 2.0508e+09 5.6229e+09 1.2446e+10 2.3685e+10 3.9024e+10 5.7119e+10 7.6732e+10 9.6763e+10
12.353 1.0159e+11 8.1852e+10 6.1127e+10 4.1512e+10 2.4858e+10 1.2589e+10 5.2213e+09 1.7438e+09 4.0701e+08 5.5757e+07 8.1222e+06 2876.4 3.2225e+05 2.5927e+05 2.6404e+05 2.6762e+05 2.7113e+05 2.7482e+05 2.7775e+05 2.8108e+05 2.8426e+05 2.8717e+05 2.9031e+05 2.9313e+05 2.9538e+05 2.9907e+05 3.0246e+05 3.0695e+05 3.1172e+05 3.1699e+05 3.2376e+05 3.312e+05 3.3956e+05 3.515e+05 3.5061e+05 5.7367e+05 4.8449e+06 6.4196e+07 3.5057e+08 1.5907e+09 4.6593e+09 1.0555e+10 2.0511e+10 3.4641e+10 5.1746e+10 7.047e+10 8.9717e+10
12.566 9.4537e+10 7.5233e+10 5.5363e+10 3.686e+10 2.1474e+10 1.0536e+10 4.2591e+09 1.3644e+09 2.8685e+08 4.2176e+07 4.455e+06 2.3445e+05 2.2896e+05 2.3696e+05 2.3729e+05 2.4004e+05 2.425e+05 2.4518e+05 2.4805e+05 2.5032e+05 2.5285e+05 2.5516e+05 2.5747e+05 2.5968e+05 2.6149e+05 2.6408e+05 2.6677e+05 2.7013e+05 2.7359e+05 2.7768e+05 2.828e+05 2.8805e+05 2.9419e+05 3.0335e+05 2.7789e+05 7.2859e+05 1.5656e+06 4.7207e+07 2.5871e+08 1.2135e+09 3.8346e+09 8.9612e+09 1.7741e+10 3.0658e+10 4.6775e+10 6.4666e+10 8.3174e+10
12.779 8.7896e+10 6.909e+10 5.0062e+10 3.2628e+10 1.8483e+10 8.8147e+09 3.4747e+09 1.0498e+09 2.0315e+08 3.2677e+07 1.676e+06 4.5176e+05 1.7953e+05 2.1154e+05 2.1302e+05 2.1575e+05 2.1785e+05 2.197e+05 2.221e+05 2.239e+05 2.2579e+05 2.2772e+05 2.2934e+05 2.311e+05 2.326e+05 2.3423e+05 2.3659e+05 2.3879e+05 2.4145e+05 2.4469e+05 2.4798e+05 2.5194e+05 2.5678e+05 2.6246e+05 2.5737e+05 5.3572e+05 8.1535e+05 3.1102e+07 1.9743e+08 9.1764e+08 3.1229e+09 7.6071e+09 1.5344e+10 2.7065e+10 4.2178e+10 5.9272e+10 7.7088e+10
12.992 8.166e+10 6.3384e+10 4.5178e+10 2.8787e+10 1.5867e+10 7.3791e+09 2.8237e+09 7.9392e+08 1.4868e+08 2.3555e+07 5.4952e+05 4.0485e+05 1.7693e+05 1.8939e+05 1.9213e+05 1.9405e+05 1.9617e+05 1.9786e+05 1.9941e+05 2.011e+05 2.0248e+05 2.0397e+05 2.0525e+05 2.0657e+05 2.0767e+05 2.0893e+05 2.107e+05 2.1224e+05 2.1432e+05 2.1661e+05 2.1878e+05 2.2191e+05 2.2561e+05 2.2914e+05 2.4162e+05 2.6235e+05 1.1928e+06 1.7932e+07 1.524e+08 6.9597e+08 2.5128e+09 6.442e+09 1.3278e+10 2.3852e+10 3.794e+10 5.4245e+10 7.1413e+10
13.205 7.581e+10 5.8078e+10 4.0674e+10 2.5319e+10 1.3601e+10 6.1803e+09 2.2754e+09 5.9438e+08 1.1308e+08 1.4782e+07 6.3113e+05 2.148e+05 1.7876e+05 1.7135e+05 1.7364e+05 1.7529e+05 1.7706e+05 1.7872e+05 1.7972e+05 1.8117e+05 1.8233e+05 1.8338e+05 1.845e+05 1.8544e+05 1.8614e+05 1.8739e+05 1.884e+05 1.8975e+05 1.912e+05 1.9264e+05 1.9447e+05 1.9667e+05 1.9908e+05 2.0162e+05 2.1299e+05 1.2535e+05 1.4268e+06 9.48e+06 1.1481e+08 5.3509e+08 2.0004e+09 5.4276e+09 1.1494e+10 2.1e+10 3.4049e+10 4.9557e+10 6.6107e+10
13.418 7.0321e+10 5.3136e+10 3.6525e+10 2.221e+10 1.1654e+10 5.17e+09 1.813e+09 4.4655e+08 8.6826e+07 8.0092e+06 9.4252e+05 90486 1.6287e+05 1.5646e+05 1.5791e+05 1.5909e+05 1.6025e+05 1.6161e+05 1.6275e+05 1.6372e+05 1.6475e+05 1.6554e+05 1.6645e+05 1.6717e+05 1.6769e+05 1.6869e+05 1.6933e+05 1.7047e+05 1.7139e+05 1.7238e+05 1.7392e+05 1.7517e+05 1.7655e+05 1.7851e+05 1.8149e+05 1.3274e+05 1.0975e+06 5.6095e+06 8.1866e+07 4.18e+08 1.5826e+09 4.5397e+09 9.9447e+09 1.8485e+10 3.05e+10 4.5188e+10 6.1134e+10
13.631 6.5167e+10 4.8526e+10 3.2712e+10 1.9446e+10 9.9855e+09 4.3082e+09 1.4291e+09 3.4103e+08 6.4313e+07 4.2958e+06 8.6935e+05 92131 1.3961e+05 1.4182e+05 1.4314e+05 1.4467e+05 1.4564e+05 1.4651e+05 1.4775e+05 1.4844e+05 1.4928e+05 1.5004e+05 1.5064e+05 1.5127e+05 1.518e+05 1.5233e+05 1.5304e+05 1.5373e+05 1.5439e+05 1.5524e+05 1.5614e+05 1.5688e+05 1.5782e+05 1.5921e+05 1.5807e+05 1.761e+05 5.0452e+05 4.5306e+06 5.4668e+07 3.2856e+08 1.2525e+09 3.7658e+09 8.5866e+09 1.6273e+10 2.7284e+10 4.1125e+10 5.6465e+10
13.844 6.0319e+10 4.4226e+10 2.9228e+10 1.7008e+10 8.553e+09 3.5669e+09 1.1198e+09 2.6518e+08 4.4459e+07 3.1206e+06 4.636e+05 1.3907e+05 1.239e+05 1.291e+05 1.3037e+05 1.3153e+05 1.326e+05 1.3339e+05 1.3432e+05 1.3505e+05 1.3568e+05 1.3636e+05 1.3684e+05 1.3737e+05 1.3784e+05 1.3813e+05 1.3885e+05 1.3919e+05 1.3979e+05 1.4046e+05 1.4078e+05 1.4143e+05 1.4223e+05 1.4298e+05 1.4254e+05 1.7831e+05 90641 4.1578e+06 3.4997e+07 2.5531e+08 9.9741e+08 3.1008e+09 7.3863e+09 1.4325e+10 2.4387e+10 3.7361e+10 5.2078e+10
14.057 5.5755e+10 4.022e+10 2.6063e+10 1.4868e+10 7.314e+09 2.9299e+09 8.7886e+08 2.0702e+08 2.8715e+07 2.9759e+06 1.0067e+05 1.4884e+05 1.1571e+05 1.1768e+05 1.1873e+05 1.1976e+05 1.2092e+05 1.2182e+05 1.2233e+05 1.2315e+05 1.2369e+05 1.2422e+05 1.247e+05 1.2512e+05 1.2543e+05 1.2585e+05 1.2628e+05 1.2662e+05 1.271e+05 1.2748e+05 1.2774e+05 1.2829e+05 1.2878e+05 1.2904e+05 1.2983e+05 1.4343e+05 12106 3.3112e+06 2.3013e+07 1.9288e+08 8.0047e+08 2.5411e+09 6.3211e+09 1.2602e+10 2.179e+10 3.3891e+10 4.796e+10
14.27 5.1454e+10 3.6501e+10 2.3209e+10 1.2993e+10 6.2333e+09 2.3895e+09 6.9543e+08 1.5864e+08 1.8362e+07 2.6004e+06 5002.7 1.1764e+05 1.0811e+05 1.0793e+05 1.0891e+05 1.0959e+05 1.1036e+05 1.113e+05 1.1184e+05 1.1249e+05 1.1305e+05 1.1345e+05 1.1395e+05 1.1428e+05 1.1448e+05 1.1501e+05 1.1518e+05 1.1565e+05 1.1594e+05 1.1614e+05 1.1657e+05 1.1682e+05 1.1692e+05 1.1699e+05 1.1769e+05 1.1021e+05 1.2064e+05 1.9894e+06 1.6789e+07 1.4064e+08 6.447e+08 2.0802e+09 5.3782e+09 1.1069e+10 1.9467e+10 3.071e+10 4.41e+10
14.483 4.7404e+10 3.3065e+10 2.0649e+10 1.1347e+10 5.2861e+09 1.9409e+09 5.552e+08 1.1728e+08 1.2911e+07 1.6977e+06 97357 86710 98185 98474 99491 1.0045e+05 1.011e+05 1.0172e+05 1.0249e+05 1.0293e+05 1.0348e+05 1.039e+05 1.043e+05 1.0463e+05 1.0487e+05 1.0524e+05 1.0547e+05 1.0587e+05 1.0607e+05 1.063e+05 1.067e+05 1.0671e+05 1.0667e+05 1.0677e+05 1.0684e+05 97645 2.0371e+05 7.984e+05 1.344e+07 9.985e+07 5.165e+08 1.7071e+09 4.5513e+09 9.696e+09 1.7389e+10 2.7807e+10 4.0494e+10
14.696 4.3595e+10 2.9907e+10 1.8362e+10 9.8919e+09 4.4574e+09 1.577e+09 4.4407e+08 8.3591e+07 1.0337e+07 7.2439e+05 1.7909e+05 78653 88883 90259 91230 92109 92719 93244 94000 94430 94886 95348 95653 95999 96312 96465 96892 97085 97347 97661 97768 97855 97961 98037 97790 96716 1.7982e+05 2.0054e+05 1.065e+07 7.096e+07 4.0765e+08 1.4062e+09 3.8366e+09 8.4619e+09 1.5523e+10 2.5168e+10 3.7139e+10
14.909 4.0026e+10 2.7021e+10 1.632e+10 8.5993e+09 3.7396e+09 1.2864e+09 3.5169e+08 5.8875e+07 8.4674e+06 1.8508e+05 1.5656e+05 82174 81648 82835 83523 84297 85177 85738 86202 86766 87160 87593 87906 88234 88500 88698 89098 89251 89586 89854 89863 90120 90324 90275 90028 93346 1.0396e+05 1.6573e+05 7.5497e+06 5.2271e+07 3.1522e+08 1.1609e+09 3.2288e+09 7.3539e+09 1.3841e+10 2.2774e+10 3.403e+10
15.122 3.6695e+10 2.4395e+10 1.4492e+10 7.4471e+09 3.1276e+09 1.0541e+09 2.7306e+08 4.2786e+07 6.2214e+06 1.4785e+05 81670 79846 75629 76352 77022 77557 78174 78908 79247 79809 80215 80549 80934 81211 81391 81772 81977 82291 82568 82750 82954 83198 83305 83217 83061 84769 55897 3.3441e+05 4.517e+06 4.0422e+07 2.3935e+08 9.5608e+08 2.7187e+09 6.3651e+09 1.2316e+10 2.0603e+10 3.116e+10
15.335 3.3602e+10 2.2013e+10 1.2849e+10 6.4221e+09 2.6146e+09 8.6455e+08 2.075e+08 3.2957e+07 3.799e+06 3.0593e+05 38850 70067 69502 70097 70815 71415 71985 72527 73028 73444 73885 74209 74574 74850 75020 75420 75572 75970 76180 76375 76757 76859 76877 76914 76898 76020 56532 3.8898e+05 2.3046e+06 3.1885e+07 1.805e+08 7.8111e+08 2.2932e+09 5.4916e+09 1.093e+10 1.863e+10 2.8521e+10
15.548 3.0741e+10 1.9851e+10 1.1366e+10 5.5173e+09 2.1895e+09 7.0522e+08 1.5591e+08 2.6227e+07 1.9495e+06 3.4963e+05 47101 61072 63719 64464 65242 65954 66316 66759 67381 67702 68105 68469 68764 69058 69310 69543 69853 70146 70387 70682 70982 71087 71199 71385 71467 70289 74765 2.6639e+05 1.2483e+06 2.4367e+07 1.3752e+08 6.3043e+08 1.9368e+09 4.729e+09 9.6704e+09 1.683e+10 2.6097e+10
15.761 2.8106e+10 1.7887e+10 1.0024e+10 4.7279e+09 1.8377e+09 5.6872e+08 1.1816e+08 2.0283e+07 1.0873e+06 2.211e+05 67806 56884 58799 59472 60012 60591 61260 61619 62093 62494 62839 63224 63482 63786 64052 64213 64622 64805 65136 65478 65621 65898 66176 66368 66459 66324 79235 96460 1.0494e+06 1.7298e+07 1.0719e+08 5.0239e+08 1.6342e+09 4.0706e+09 8.5291e+09 1.5182e+10 2.3873e+10
15.974 2.5683e+10 1.6094e+10 8.8124e+09 4.0479e+09 1.5432e+09 4.5249e+08 9.1851e+07 1.4482e+07 9.6971e+05 62105 67883 54367 54468 55017 55490 55975 56452 57010 57290 57748 58068 58384 58690 58957 59165 59437 59742 59988 60331 60618 60816 61190 61502 61640 61715 62151 67471 11325 1.1029e+06 1.1284e+07 8.5156e+07 3.9703e+08 1.3731e+09 3.5059e+09 7.5023e+09 1.3669e+10 2.183e+10
16.187 2.3455e+10 1.4454e+10 7.7243e+09 3.4677e+09 1.2918e+09 3.5663e+08 7.3065e+07 9.4573e+06 1.0215e+06 2212 51470 50437 50289 50839 51329 51676 52199 52649 52963 53357 53706 53977 54300 54543 54695 55069 55243 55609 55881 56132 56504 56806 57041 57223 57380 57665 54496 27922 9.7255e+05 7.0756e+06 6.7551e+07 3.1377e+08 1.1453e+09 3.0217e+09 6.5868e+09 1.2278e+10 1.9948e+10
16.4 2.1403e+10 1.2951e+10 6.756e+09 2.9738e+09 1.074e+09 2.811e+08 5.8055e+07 6.0161e+06 8.5158e+05 37513 39129 45749 46331 46867 47451 48013 48235 48635 49085 49354 49692 49969 50250 50494 50680 50973 51189 51538 51784 52069 52487 52702 52926 53242 53534 53628 49692 75514 6.1119e+05 4.7992e+06 5.2137e+07 2.5015e+08 9.4697e+08 2.6036e+09 5.7776e+09 1.1002e+10 1.8209e+10
16.613 1.9508e+10 1.1575e+10 5.9029e+09 2.5507e+09 8.8518e+08 2.2383e+08 4.4716e+07 4.2733e+06 4.789e+05 81227 38349 42064 42933 43425 43876 44287 44767 44995 45432 45705 46000 46311 46528 46784 47013 47179 47515 47744 48033 48376 48657 48936 49259 49634 49975 50161 49994 89991 2.3318e+05 3.8511e+06 3.8495e+07 2.0186e+08 7.7707e+08 2.2387e+09 5.0674e+09 9.8373e+09 1.6599e+10
16.826 1.7754e+10 1.0321e+10 5.157e+09 2.1838e+09 7.2409e+08 1.8064e+08 3.2865e+07 3.5783e+06 1.5351e+05 77116 40897 39429 39925 40282 40620 41066 41407 41801 42060 42392 42641 42916 43143 43376 43579 43755 44081 44272 44601 44922 45126 45512 45908 46219 46521 46842 48908 66260 38781 3.3475e+06 2.7303e+07 1.6398e+08 6.3522e+08 1.9167e+09 4.4457e+09 8.7799e+09 1.5105e+10
17.039 1.6127e+10 9.1858e+09 4.5071e+09 1.8618e+09 5.9058e+08 1.466e+08 2.3348e+07 3.0759e+06 43723 41824 38839 36753 37026 37454 37791 37983 38437 38777 38978 39313 39568 39792 40042 40245 40386 40663 40863 41133 41415 41678 41966 42341 42690 42964 43238 43588 44883 37695 45599 2.6854e+06 1.9226e+07 1.324e+08 5.2001e+08 1.6315e+09 3.9003e+09 7.8272e+09 1.372e+10
17.252 1.462e+10 8.1663e+09 3.9391e+09 1.5782e+09 4.8313e+08 1.1784e+08 1.6793e+07 2.316e+06 1.0026e+05 18691 33481 33903 34252 34635 35036 35453 35615 35971 36249 36484 36745 36941 37183 37368 37494 37777 37922 38237 38460 38701 39082 39351 39623 39953 40293 40624 40545 28847 1.2635e+05 1.7882e+06 1.417e+07 1.0484e+08 4.2813e+08 1.3804e+09 3.4184e+09 6.9743e+09 1.2438e+10
17.465 1.3228e+10 7.2569e+09 3.4389e+09 1.3301e+09 3.9792e+08 9.2586e+07 1.2877e+07 1.4081e+06 1.6289e+05 22297 29702 31365 31802 32193 32581 32862 33184 33342 33700 33886 34122 34350 34529 34723 34887 35062 35282 35521 35740 36012 36337 36569 36850 37239 37641 37995 37736 35811 1.5566e+05 9.3952e+05 1.1242e+07 8.0862e+07 3.5469e+08 1.1623e+09 2.9892e+09 6.2139e+09 1.1259e+10
17.678 1.195e+10 6.4486e+09 2.9943e+09 1.1169e+09 3.2953e+08 7.0962e+07 1.0492e+07 7.1146e+05 1.3814e+05 34125 28552 29330 29698 29947 30192 30580 30816 31078 31319 31536 31730 31948 32108 32292 32464 32576 32850 33002 33256 33536 33737 34035 34373 34726 35101 35481 35830 41778 1.0787e+05 4.2702e+05 9.2473e+06 6.1082e+07 2.9441e+08 9.7678e+08 2.6045e+09 5.5364e+09 1.0179e+10
17.891 1.0784e+10 5.7296e+09 2.5971e+09 9.3753e+08 2.7258e+08 5.3806e+07 8.5028e+06 4.2361e+05 58717 35100 27611 27399 27671 27975 28223 28352 28710 28945 29099 29355 29534 29719 29891 30054 30182 30348 30553 30720 30966 31200 31389 31722 32056 32331 32630 32989 33648 38697 39179 2.9472e+05 7.3278e+06 4.6059e+07 2.4299e+08 8.2182e+08 2.2592e+09 4.931e+09 9.1949e+09
18.104 9.7255e+09 5.0872e+09 2.243e+09 7.8913e+08 2.2329e+08 4.14e+07 6.3864e+06 4.2859e+05 5288.1 26256 25492 25413 25705 25992 26240 26527 26685 26985 27134 27341 27529 27669 27857 27992 28081 28305 28416 28647 28835 29024 29290 29556 29819 30077 30359 30690 31154 31355 7175.5 3.5643e+05 5.2811e+06 3.5558e+07 1.9796e+08 6.9379e+08 1.9512e+09 4.3868e+09 8.3034e+09
18.317 8.7686e+09 4.5093e+09 1.9304e+09 6.666e+08 1.8022e+08 3.2918e+07 4.3224e+06 4.6328e+05 9063.6 19367 23150 23621 23909 24204 24532 24730 24931 25068 25328 25470 25651 25807 25957 26095 26196 26371 26492 26707 26864 27051 27338 27522 27735 28034 28360 28682 28928 26903 18171 3.8759e+05 3.4032e+06 2.8449e+07 1.5869e+08 5.876e+08 1.6797e+09 3.8947e+09 7.4975e+09
18.53 7.9043e+09 3.9866e+09 1.6584e+09 5.6386e+08 1.4361e+08 2.6798e+07 2.7652e+06 3.6986e+05 36528 19392 21601 22119 22379 22588 22775 23083 23256 23426 23641 23776 23929 24090 24208 24344 24473 24562 24752 24888 25059 25266 25462 25653 25887 26190 26516 26845 27114 26436 39763 2.953e+05 2.0773e+06 2.3223e+07 1.2562e+08 4.9787e+08 1.444e+09 3.4476e+09 6.7689e+09
18.743 7.1215e+09 3.5134e+09 1.4254e+09 4.7544e+08 1.1411e+08 2.1601e+07 1.9338e+06 1.8894e+05 45024 21517 20528 20746 20963 21158 21356 21482 21729 21886 22031 22210 22339 22491 22605 22733 22844 22931 23118 23217 23406 23597 23722 23962 24220 24458 24720 25025 25393 26527 44064 1.3908e+05 1.424e+06 1.8677e+07 9.9237e+07 4.2008e+08 1.2421e+09 3.0416e+09 6.1081e+09
18.956 6.4093e+09 3.0872e+09 1.2272e+09 3.9782e+08 9.1597e+07 1.6686e+07 1.6337e+06 52593 28804 20668 19242 19326 19547 19774 19921 20100 20279 20510 20586 20761 20894 21001 21138 21240 21315 21462 21570 21713 21871 22020 22175 22403 22626 22812 23018 23278 23628 24873 31204 27525 1.2306e+06 1.4329e+07 7.9269e+07 3.5142e+08 1.0705e+09 2.6748e+09 5.5061e+09
19.169 5.7583e+09 2.7068e+09 1.0582e+09 3.2975e+08 7.4763e+07 1.2247e+07 1.4655e+06 27650 11206 17563 17792 18003 18229 18444 18699 18852 18969 19108 19278 19401 19537 19644 19768 19866 19926 20084 20150 20323 20439 20568 20777 20932 21097 21292 21510 21743 22000 22312 18058 8242.1 1.1481e+06 1.0368e+07 6.4496e+07 2.9093e+08 9.2426e+08 2.3464e+09 4.955e+09
19.382 5.1617e+09 2.3714e+09 9.1203e+08 2.7145e+08 6.1605e+07 8.7999e+06 1.1615e+06 68376 9048.3 15470 16602 16889 17075 17258 17421 17637 17782 17895 18068 18159 18283 18396 18492 18590 18676 18769 18879 19009 19120 19259 19444 19561 19710 19932 20171 20405 20625 20441 15350 44591 9.4452e+05 7.2451e+06 5.3155e+07 2.3877e+08 7.9801e+08 2.0559e+09 4.4489e+09
19.595 4.6158e+09 2.0783e+09 7.8348e+08 2.2333e+08 5.0359e+07 6.5879e+06 7.3988e+05 91056 16659 15176 15684 15894 16065 16200 16354 16502 16644 16752 16901 17016 17115 17238 17315 17416 17508 17557 17707 17780 17912 18059 18164 18315 18489 18685 18897 19127 19367 19455 19567 71778 6.1431e+05 5.209e+06 4.3634e+07 1.9537e+08 6.8711e+08 1.8015e+09 3.9841e+09
19.808 4.119e+09 1.823e+09 6.6924e+08 1.8486e+08 4.0188e+07 5.3396e+06 3.8653e+05 63790 20210 14995 14751 14886 15050 15212 15317 15418 15612 15769 15820 15959 16054 16145 16239 16321 16391 16473 16585 16664 16796 16919 17005 17181 17358 17498 17658 17852 18094 18523 22018 59939 3.0082e+05 4.1031e+06 3.5022e+07 1.6057e+08 5.8835e+08 1.5801e+09 3.559e+09
20.021 3.6706e+09 1.5998e+09 5.6817e+08 1.5434e+08 3.1218e+07 4.4921e+06 2.3107e+05 19363 15935 13888 13744 13891 14067 14239 14407 14538 14604 14749 14849 14961 15061 15139 15238 15311 15354 15477 15530 15652 15749 15846 15976 16118 16256 16381 16516 16681 16877 17253 19588 27035 1.3203e+05 3.486e+06 2.7218e+07 1.3323e+08 5.0025e+08 1.3874e+09 3.1728e+09
20.234 3.2695e+09 1.4023e+09 4.8042e+08 1.2937e+08 2.3984e+07 3.6069e+06 2.3445e+05 103.53 10577 12537 12859 13044 13193 13337 13495 13625 13759 13838 13963 14037 14138 14215 14299 14369 14421 14521 14576 14697 14774 14867 15023 15111 15215 15362 15521 15680 15837 15977 15636 5416.1 1.1532e+05 2.9234e+06 2.0619e+07 1.115e+08 4.2263e+08 1.2182e+09 2.8253e+09
20.447 2.9128e+09 1.2257e+09 4.0613e+08 1.0786e+08 1.8756e+07 2.6141e+06 2.5894e+05 10912 9683.6 11758 12147 12310 12434 12551 12664 12828 12888 12975 13117 13187 13268 13363 13422 13499 13569 13613 13717 13788 13876 13983 14092 14181 14292 14449 14613 14776 14934 15008 13810 6886 1.5884e+05 2.2281e+06 1.5614e+07 9.3395e+07 3.558e+08 1.0679e+09 2.5151e+09
20.66 2.5959e+09 1.067e+09 3.4452e+08 8.8673e+07 1.5214e+07 1.729e+06 2.1197e+05 25655 11566 11348 11463 11587 11717 11820 11913 11971 12158 12245 12300 12403 12477 12555 12619 12686 12751 12792 12899 12946 13050 13153 13213 13337 13468 13590 13723 13872 14043 14216 14054 18647 1.6722e+05 1.4888e+06 1.2214e+07 7.7486e+07 2.9978e+08 9.329e+08 2.2399e+09
20.873 2.3131e+09 9.2492e+08 2.9357e+08 7.1781e+07 1.2626e+07 1.1682e+06 1.1177e+05 24235 11994 10745 10729 10847 10977 11116 11214 11327 11369 11512 11569 11666 11735 11800 11874 11933 11973 12053 12114 12188 12276 12358 12431 12558 12677 12767 12866 12989 13143 13366 14179 23655 1.154e+05 9.05e+05 9.9972e+06 6.3165e+07 2.537e+08 8.1106e+08 1.9959e+09
21.086 2.0587e+09 7.9966e+08 2.5059e+08 5.7677e+07 1.0319e+07 9.3951e+05 34280 11595 10201 9938.3 10053 10184 10309 10425 10565 10634 10758 10818 10897 10969 11051 11104 11177 11229 11260 11354 11384 11485 11547 11615 11729 11813 11901 11997 12100 12214 12332 12487 13144 18140 44529 5.9472e+05 8.3525e+06 5.0568e+07 2.1588e+08 7.0172e+08 1.7788e+09
21.299 1.8279e+09 6.9114e+08 2.1316e+08 4.6667e+07 8.0406e+06 8.6055e+05 20804 3677.8 8508.8 9286 9504.2 9629.4 9724.6 9822.8 9916.3 10068 10084 10166 10286 10330 10395 10465 10517 10575 10622 10675 10734 10811 10869 10944 11053 11111 11187 11305 11428 11543 11651 11738 11743 10278 5079.4 5.1152e+05 6.8093e+06 4.0122e+07 1.8418e+08 6.0498e+08 1.5838e+09
21.512 1.6181e+09 5.9844e+08 1.7982e+08 3.8427e+07 5.9613e+06 7.3847e+05 45340 6109.6 8278.1 8854.2 8999.2 9102.9 9200.4 9278.1 9357.3 9406.2 9560.1 9594.7 9663.3 9735 9797.6 9863.5 9907.7 9962.9 10018 10043 10131 10171 10245 10328 10390 10469 10560 10670 10786 10903 11024 11125 10917 7682.9 9078.3 5.0348e+05 5.2297e+06 3.2061e+07 1.5666e+08 5.2099e+08 1.4073e+09
21.725 1.4282e+09 5.1941e+08 1.5024e+08 3.2091e+07 4.3811e+06 5.2232e+05 57765 11303 8551.8 8412.3 8462.7 8557.8 8660 8755.6 8819 8908 8947.5 9073.7 9112.3 9187.1 9234.7 9291.8 9344.2 9394.1 9434.6 9477.5 9547.3 9587.4 9665.5 9737.6 9780.3 9882.6 9982.3 10060 10148 10251 10374 10520 10594 9991.9 30224 4.4198e+05 3.765e+06 2.6162e+07 1.3209e+08 4.4932e+08 1.2464e+09
21.938 1.2581e+09 4.5119e+08 1.2482e+08 2.6717e+07 3.4074e+06 2.987e+05 39268 11460 8134.8 7871.4 7938.7 8037.7 8136.7 8239.8 8340.6 8383.2 8490.3 8537.4 8582.9 8656.4 8721.6 8760.5 8820.6 8860 8884 8959.1 8987.5 9058.8 9115.3 9171.8 9242.7 9328.4 9410.6 9476.8 9548.7 9638.7 9740.2 9874.1 10175 12119 38014 3.0448e+05 2.6463e+06 2.1797e+07 1.1008e+08 3.8867e+08 1.1e+09
22.151 1.1077e+09 3.9107e+08 1.039e+08 2.1763e+07 2.8611e+06 1.7003e+05 11144 7483.8 7236.2 7373.2 7506 7601.8 7684 7760.4 7851 7964.3 7971 8054.2 8139.8 8172.6 8223.2 8272.6 8321.2 8364.2 8391.9 8452.7 8481.3 8555.3 8598.8 8651.8 8744.9 8796.3 8857.1 8939 9025.1 9111.4 9196.1 9282.7 9488.7 11237 25788 1.5528e+05 1.9741e+06 1.8232e+07 9.0837e+07 3.3708e+08 9.6771e+08
22.364 9.7618e+08 3.3722e+08 8.7204e+07 1.7236e+07 2.4373e+06 1.5048e+05 90.853 4873.6 6669.6 7005.9 7128.5 7213.2 7283.3 7350.4 7413.4 7474.5 7578.6 7584.4 7662.1 7711.2 7767.1 7819.5 7853.6 7896.9 7939.8 7966 8025.3 8069.9 8119.8 8181.4 8251.7 8299.1 8361.2 8454.9 8550.9 8641.1 8729.7 8799.8 8822.1 8835.4 8487.5 66816 1.6466e+06 1.4959e+07 7.4744e+07 2.9235e+08 8.4962e+08
22.577 8.6133e+08 2.8898e+08 7.3825e+07 1.3453e+07 1.9406e+06 1.6927e+05 8103 5638.9 6537.9 6668.9 6734.5 6811.9 6892.1 6955.6 7006.5 7067.4 7116.1 7214.9 7249.9 7301.2 7334.6 7385.5 7421.6 7464.1 7503.1 7522.1 7590.9 7615.1 7677.6 7740.1 7774.4 7847.2 7923 7998.3 8081 8169 8265.2 8364.1 8376.4 7505 1636.8 55660 1.4503e+06 1.1856e+07 6.1881e+07 2.5267e+08 7.457e+08
22.79 7.6031e+08 2.4653e+08 6.2573e+07 1.0656e+07 1.3921e+06 1.5396e+05 17437 7101.5 6339.5 6278.7 6331.5 6408.3 6488 6571 6635.5 6674.7 6754.9 6794.3 6822.8 6891.6 6943 6976.6 7021.2 7054 7078.4 7127 7163.8 7206 7260.3 7310.1 7349.7 7428.2 7502.4 7555.5 7616.4 7692 7782.4 7896.7 8018.7 7708.4 6309.6 80453 1.2117e+06 9.0977e+06 5.1849e+07 2.1694e+08 6.5524e+08
23.003 6.7022e+08 2.1021e+08 5.2546e+07 8.751e+06 9.3979e+05 95508 15348 6756.9 5876.4 5896.2 5981.8 6056.9 6125.8 6194.9 6274.6 6342.5 6364.4 6444.9 6494.1 6526.2 6564.1 6597.8 6642.7 6674.7 6690.9 6749 6765.4 6826.8 6863.4 6904.6 6970.4 7025.1 7081.2 7136.3 7194.6 7263.7 7337.1 7425.8 7582.9 8089.5 12663 89403 8.9231e+05 6.9321e+06 4.3876e+07 1.8485e+08 5.7676e+08
23.216 5.8889e+08 1.799e+08 4.3436e+07 7.3711e+06 6.864e+05 37432 6246.1 5264.7 5434.8 5594.3 5691.8 5759.9 5816.1 5867.7 5926.5 5997.4 6050.4 6050.8 6126 6161 6211.3 6251 6281 6314.1 6342.4 6377.6 6408.9 6458.4 6492.3 6535.5 6606.3 6639.2 6684.4 6755.2 6828.5 6896.9 6964.9 7024.1 7109.3 7658.4 12940 64590 5.725e+05 5.4505e+06 3.7131e+07 1.566e+08 5.0824e+08
23.429 5.1525e+08 1.5473e+08 3.5449e+07 6.1326e+06 5.9721e+05 17431 1302.1 4513.9 5203.4 5335.4 5402.3 5464.9 5523.3 5574.5 5613.2 5656.7 5714.9 5781.3 5819.3 5851.7 5877 5919.5 5945.9 5980.9 6015 6025.9 6082.1 6104.9 6149.3 6199.5 6239.3 6284.4 6337.3 6407.7 6480.7 6552.4 6624.6 6690.5 6722.5 6778.3 8238.7 26329 3.5298e+05 4.5146e+06 3.1034e+07 1.3251e+08 4.4754e+08
23.642 4.4921e+08 1.3339e+08 2.8922e+07 4.8746e+06 5.4844e+05 29856 3711.2 4808.8 5027.4 5049.9 5094 5156.1 5221.8 5278.2 5324.4 5362.9 5414.8 5449.8 5474.7 5530.8 5571.7 5604.5 5634.7 5663.7 5689.5 5714.6 5758.6 5780.3 5829.4 5874.1 5897.9 5960.5 6021.5 6071.2 6129.1 6195 6270.1 6358 6421.4 6212.9 4401.8 3512.2 2.6576e+05 3.8489e+06 2.5418e+07 1.1255e+08 3.9293e+08
23.855 3.9108e+08 1.146e+08 2.3929e+07 3.6937e+06 4.4724e+05 41855 7489.8 5032.7 4739 4752.6 4811.1 4870.1 4927.7 4992.9 5049.8 5087.4 5129.7 5198.5 5219.9 5255.8 5282.6 5306.2 5345.1 5369.7 5383.2 5428.1 5446.3 5488.6 5523.7 5559 5597.9 5654.2 5707.2 5746.4 5790.3 5847.2 5914.3 5998.1 6108.5 6090.1 4447 5258.3 2.6003e+05 3.2115e+06 2.0445e+07 9.6239e+07 3.4337e+08
24.068 3.4086e+08 9.7641e+07 2.0154e+07 2.7774e+06 2.9919e+05 33113 7197 4583.6 4418.5 4504.8 4579 4634 4681 4723 4783 4846.5 4863.8 4875.5 4936.3 4963.4 5007.3 5037 5064.9 5090 5105.7 5147.4 5160.3 5208.5 5234 5265.5 5323.8 5355.9 5394.5 5442.9 5493.2 5547 5602.6 5660.5 5754.5 5976.7 6450.1 17719 2.5515e+05 2.5178e+06 1.6368e+07 8.2733e+07 2.9851e+08
24.281 2.9788e+08 8.2422e+07 1.7071e+07 2.2053e+06 1.7377e+05 12715 4064.2 3982.6 4200.3 4301.8 4363.6 4414.4 4458 4498.7 4529.9 4570.6 4628 4663.8 4704.9 4727 4748.1 4779.9 4802.7 4830 4856.5 4870.4 4907.4 4935.6 4964.9 5001.7 5048.5 5075.1 5111.3 5169.9 5229.4 5283.8 5337.9 5385.3 5431.1 5623.9 7190.5 22865 2.0549e+05 1.8406e+06 1.3294e+07 7.1101e+07 2.5852e+08
24.494 2.6086e+08 6.9247e+07 1.4254e+07 1.8796e+06 1.2045e+05 1008.3 2352.9 3791.6 4046.3 4090.3 4131.7 4181.4 4232.4 4273.6 4308 4341.2 4373.5 4406.7 4434.7 4472.4 4505.5 4538.7 4557.3 4583.2 4608.3 4619.4 4662.8 4676.3 4715.2 4754.1 4776.1 4818.9 4864 4913.5 4967.4 5023 5081.1 5141.6 5177.9 5196.5 5989.1 15709 1.246e+05 1.3082e+06 1.1083e+07 6.0659e+07 2.2364e+08
24.706 2.2828e+08 5.836e+07 1.1587e+07 1.6178e+06 1.2297e+05 4398.8 3275.4 3839.9 3844 3862.1 3902.3 3951.2 4000.9 4052.3 4091.9 4116.2 4168 4217.8 4225 4264.4 4283.4 4301.2 4332.4 4352.8 4368.1 4395.2 4420.9 4444.4 4479.3 4511.1 4531.7 4582.5 4629.6 4662.5 4702.2 4751.1 4809.6 4880.3 4950.8 4919.1 4506.7 5041.9 57047 9.8892e+05 9.4113e+06 5.113e+07 1.9384e+08
24.919 1.9896e+08 4.9632e+07 9.226e+06 1.3039e+06 1.274e+05 12071 4494.6 3700.9 3604.7 3656.8 3712.3 3755.8 3795.8 3838 3889 3934.6 3939.5 3968.6 4008.9 4030.8 4066.4 4090.2 4114.8 4134.2 4143 4183.2 4190.1 4229.5 4252.1 4277.7 4317 4353.2 4390.1 4422.4 4456.7 4500.4 4549.1 4607.1 4692.2 4757.5 4155.1 635.61 31850 8.4223e+05 7.9502e+06 4.2601e+07 1.6864e+08
25.132 1.7237e+08 4.2542e+07 7.3744e+06 9.5565e+05 1.0034e+05 12350 4131.2 3372 3416.5 3492.8 3546.9 3588.4 3622.5 3652.1 3686.7 3728 3772.4 3786.1 3825.5 3845.9 3865.9 3886.3 3909.2 3929.6 3946.9 3968 3986.8 4019.5 4039.4 4065.3 4111.3 4131.2 4159.2 4202 4245.6 4287.2 4329.5 4370.3 4427 4556 4606.8 3615.2 40980 7.5889e+05 6.5229e+06 3.532e+07 1.472e+08
25.345 1.4858e+08 3.6438e+07 6.0752e+06 6.6973e+05 54383 5707.6 2933 3136.2 3285.9 3334.9 3373.6 3414 3452.3 3485.2 3507.6 3537.3 3561 3592.6 3625 3643.6 3669.6 3702.1 3713.2 3735.6 3757.4 3765 3799.5 3814.1 3841.2 3872.2 3900.3 3925.5 3956.5 4002.4 4049.2 4093.1 4136.5 4176.8 4205.6 4283.1 4788.5 7832.6 54009 6.4579e+05 5.1488e+06 2.9438e+07 1.2851e+08
25.558 1.2789e+08 3.0872e+07 5.1608e+06 5.1059e+05 22997 611.97 2469.2 3067.3 3140.8 3160.2 3191.9 3231.7 3273.6 3311.1 3341.8 3360.1 3408.2 3437.5 3442.4 3481.9 3498.2 3512.2 3536.3 3553.9 3571.2 3582.8 3614.2 3625.4 3657.2 3686 3699 3738.5 3776.2 3809 3847.6 3890.1 3936.9 3989.1 4029.1 4037.1 4330.2 8107 48815 4.8252e+05 3.9653e+06 2.4857e+07 1.1176e+08
25.771 1.1041e+08 2.5762e+07 4.3846e+06 4.5169e+05 20495 1518.9 2868.1 2983.7 2958.9 2992.6 3031.8 3068.4 3103.5 3142.9 3179.8 3209.7 3218.3 3259.7 3281.6 3299.2 3323.8 3345.8 3365 3381.2 3388.8 3420 3429.9 3456.1 3479 3501.8 3524 3561.4 3596.4 3620.2 3648 3684.9 3728.9 3782.2 3846.9 3866.9 3755.7 4962.7 27370 3.1422e+05 3.0913e+06 2.1251e+07 9.6491e+07
25.984 9.5813e+07 2.1294e+07 3.5957e+06 4.1173e+05 31385 4853 3117.9 2793.7 2798.9 2855.8 2901 2933.6 2961.6 2988.1 3025.2 3061.3 3089.6 3093.9 3125.3 3149 3170.8 3180.6 3204.9 3219.4 3228.9 3254.9 3262.5 3294.5 3309.9 3329.4 3365.7 3387.4 3413.1 3441.7 3471.1 3504.8 3540.8 3581.1 3641.1 3716 3545.8 2314.3 7341.6 1.9883e+05 2.5316e+06 1.821e+07 8.2655e+07
26.197 8.3406e+07 1.7677e+07 2.8141e+06 3.3374e+05 32872 5441.8 2756.1 2605.4 2687.4 2734.4 2770.8 2803.9 2832.5 2856.3 2875.1 2904.9 2924.4 2951.7 2986.5 2991.1 3008.6 3039 3046.3 3065.2 3081.5 3092.8 3113.9 3133.3 3151.1 3173.7 3206.8 3221.4 3243.3 3280.6 3317.7 3350.8 3384.2 3415 3447.9 3528.2 3596.5 2366.7 1784.6 1.5571e+05 2.1766e+06 1.5423e+07 7.0443e+07
26.41 7.2448e+07 1.4911e+07 2.1609e+06 2.2744e+05 19883 3044.3 2294.4 2507 2580.7 2602.8 2629.3 2662.3 2696 2725.1 2746.1 2761.6 2800 2814.4 2823.5 2858.1 2877 2887.5 2906.2 2921.1 2938.6 2941.6 2972.5 2979.8 3004.7 3029.6 3044.1 3070 3097.3 3130.7 3166.5 3201.8 3237.2 3272.2 3296.2 3330.5 3533.8 3863.6 8171.4 1.5605e+05 1.879e+06 1.2793e+07 6.0055e+07
26.623 6.2463e+07 1.2762e+07 1.7208e+06 1.4193e+05 5503.1 1131.3 2220.8 2435 2444.8 2466.9 2495.6 2525.9 2557.6 2589.7 2617.9 2637.3 2653.3 2695.8 2706.5 2721 2732.9 2755.9 2768.4 2783.5 2792.7 2811.5 2827.8 2841.3 2864.9 2885.9 2897.5 2930.7 2961.1 2982.8 3009.9 3042.4 3079.8 3123.1 3164.2 3173.7 3270.9 4497.9 14635 1.5369e+05 1.5466e+06 1.0406e+07 5.1493e+07
26.836 5.3378e+07 1.0911e+07 1.4633e+06 1.0751e+05 1960.4 1587.8 2345.8 2310.3 2310.3 2351.2 2386.5 2413.8 2437.5 2464.1 2495.6 2523.1 2540.7 2546.9 2566.6 2592.7 2618.2 2620.3 2644.5 2654.4 2660.2 2685.1 2690 2715.7 2730.1 2746.6 2769.7 2795.2 2820.5 2839.6 2860.7 2889 2922.2 2962.1 3015.1 3051.6 3008.8 3665.2 13273 1.2353e+05 1.1835e+06 8.4169e+06 4.4497e+07
27.049 4.5391e+07 9.1552e+06 1.2755e+06 1.0856e+05 7356.6 2872.6 2278.3 2166.9 2212 2254.8 2287.7 2313.8 2336 2354 2376.5 2405.4 2420.8 2441.8 2474.6 2474.5 2482.4 2509.2 2515.7 2531.5 2541.1 2558.2 2567.2 2589.9 2602.1 2618.3 2649.7 2662 2680.3 2706.8 2733.1 2759.6 2786.8 2815.3 2854.7 2919.8 2894.7 2580.3 6252.1 75311 8.5851e+05 6.9115e+06 3.8631e+07
27.262 3.8701e+07 7.4953e+06 1.0621e+06 1.0658e+05 11130 2938.2 2030.3 2069.9 2131.3 2155 2179.7 2207 2232.6 2254.4 2267 2283.4 2311.1 2317.8 2332.7 2357.3 2381.4 2388.5 2403.8 2415.4 2431.3 2433.1 2457.2 2466.9 2483.8 2503.3 2523.3 2537.9 2556.7 2587.2 2617.8 2644.9 2671.8 2696.2 2717.8 2766.6 2843.8 2323.9 790.13 36082 6.3581e+05 5.8346e+06 3.3456e+07
27.475 3.3278e+07 6.0674e+06 8.1467e+05 81393 7909.7 1923.7 1872.8 2006.4 2031.4 2047.6 2068.8 2095 2122.8 2148.6 2170.1 2182.6 2204 2238.7 2246.1 2259.9 2260.5 2284.5 2291.1 2306 2316.5 2324.9 2345.4 2351.2 2372.6 2392 2400.2 2425.2 2448.9 2471.9 2498.5 2526.7 2556.1 2587.3 2610.6 2626.7 2725.4 2740.1 864.78 22753 5.2402e+05 5.0225e+06 2.8692e+07
27.688 2.8832e+07 4.9837e+06 5.9345e+05 45690 2061.4 1306.9 1870.8 1918.8 1920.7 1949.3 1976.1 1998.5 2020.2 2044.9 2069.3 2089 2101.5 2113.2 2122.3 2145.7 2173.9 2172.8 2194.5 2201.3 2207.5 2225.7 2233.9 2250.3 2265.8 2280.9 2292.9 2319 2342.8 2357.7 2376.7 2401.5 2431.4 2466.8 2505.5 2519.8 2549 2965.3 4048.3 29431 4.747e+05 4.3e+06 2.4288e+07
27.901 2.4968e+07 4.2224e+06 4.544e+05 23717 48.244 1613.8 1850.3 1808.6 1833.3 1869.3 1897.8 1919.1 1936.6 1953.2 1976.9 2001.5 2014 2031.2 2057.3 2061.6 2061.7 2083.2 2090.4 2103.7 2107.6 2128.2 2130.3 2152.1 2162 2174.8 2198.3 2213.6 2231.4 2248.8 2266.4 2288.7 2313.3 2342.1 2382.3 2424.3 2408.5 2675.4 5782 37040 4.2465e+05 3.572e+06 2.0358e+07
28.114 2.1406e+07 3.6422e+06 3.9409e+05 23196 2362.3 2027.5 1724 1721.1 1768.1 1793.3 1816 1838 1857.7 1873 1884.5 1903.3 1920.8 1923.3 1942.4 1954.3 1981.9 1987 2000.4 2008.6 2021.1 2026.6 2041 2054.9 2065.7 2079.7 2103.1 2111.7 2125.7 2149.7 2173.2 2194.1 2215.6 2236.3 2261.8 2312 2334 2235.2 4343.8 32337 3.4174e+05 2.8537e+06 1.7055e+07
28.327 1.81e+07 3.0955e+06 3.5943e+05 30365 4476.2 1859.3 1593.5 1664.5 1695.7 1709.2 1727.3 1749.5 1772.3 1792.6 1806.2 1815.6 1838.4 1863.3 1872.4 1887.7 1882.3 1904.2 1907.4 1921.8 1932 1934.9 1955 1959 1975.5 1992.2 2003.1 2018.6 2035.3 2058.8 2083 2105.8 2128 2149.2 2165.4 2193.5 2259.8 2088 1890.4 17760 2.3942e+05 2.2283e+06 1.4432e+07
28.54 1.5182e+07 2.5296e+06 3.0255e+05 28770 3505 1411.7 1545.2 1601.1 1607.7 1627 1646.4 1666.1 1686.6 1708 1727.8 1741 1752.8 1767.2 1770 1785.9 1812.5 1813.5 1830.3 1835.5 1843.9 1853.5 1866.6 1874.5 1890.7 1904.8 1910.8 1933.3 1953.5 1968.4 1987.8 2009.9 2034.5 2061.9 2085.5 2094.6 2146.9 2176.2 964.86 5030.1 1.5459e+05 1.7672e+06 1.2396e+07
28.753 1.2795e+07 1.9989e+06 2.2074e+05 16789 1152.5 1272.9 1521.5 1517.1 1529.8 1558.7 1582.2 1599.1 1614 1630.5 1651.3 1670.2 1680.3 1696.8 1713.8 1726.9 1724.2 1738.5 1746.8 1758.1 1759.4 1778.5 1780.1 1796.9 1806.8 1818.2 1832.2 1850.6 1868.2 1880.2 1893.8 1913.2 1936.4 1964.1 1997.5 2018 2024.2 2199.8 1858.1 2108.6 1.1184e+05 1.4751e+06 1.0746e+07
28.966 1.0943e+07 1.5885e+06 1.4735e+05 5553.4 385.16 1438.8 1447.7 1440.5 1474 1498.7 1519.8 1537.8 1552.5 1564.3 1578.1 1597.5 1608.5 1610.3 1629.6 1631.1 1656.3 1662.3 1674.1 1679.5 1687.7 1698.2 1704 1720.6 1728 1738.1 1759.3 1767.9 1780.5 1797 1813.1 1830.5 1849.1 1869.9 1899 1938.5 1939.7 2032.7 2871.9 6722 1.0504e+05 1.2889e+06 9.2744e+06
29.179 9.4748e+06 1.3256e+06 1.1044e+05 3678.7 1450.4 1497 1351.2 1388.8 1420.8 1434.2 1450.1 1468.8 1487 1501.7 1510.2 1520.1 1538.8 1553.5 1566.3 1582.6 1578.9 1594.2 1597.3 1610.3 1618.8 1621.2 1636.3 1642.8 1653.7 1666.7 1682 1690.2 1701.8 1722.7 1742.7 1760 1777.2 1793.3 1810.3 1845.6 1880.7 1838.8 2759.4 10776 1.0719e+05 1.1248e+06 7.8663e+06
29.392 8.1834e+06 1.1574e+06 1.0474e+05 8150.1 2310.1 1315.7 1294.2 1341.8 1353.2 1366.5 1381.4 1398.6 1417 1435.2 1449.6 1457.9 1472.3 1487.7 1489.1 1496.8 1516.2 1523.7 1534 1538.7 1548.6 1551.7 1567.5 1570.8 1585.4 1598.3 1603.6 1619.7 1634.9 1651.4 1670.3 1689.2 1708.1 1726.8 1740.8 1756 1807.8 1762.3 1857.3 9277.9 95087 9.333e+05 6.5276e+06
29.605 6.9435e+06 1.0017e+06 1.0221e+05 10283 1804.3 1142.1 1266.5 1278.5 1285.5 1307.1 1325.4 1339.9 1353.8 1369.6 1387.3 1401 1408.7 1423 1431.4 1451 1451.9 1457.5 1467.2 1477 1478.5 1492.1 1497.1 1506.9 1518 1528.8 1535.6 1554 1570.2 1580.3 1593.8 1611.3 1631.6 1655.2 1677.8 1686.9 1712.8 1762.4 1282.2 4068.1 66340 7.2159e+05 5.3451e+06
29.818 5.7691e+06 8.1705e+05 83039 6642.5 847.67 1142.4 1217.5 1213.2 1235.3 1258.3 1276.9 1291 1302.3 1313 1327.5 1344.4 1352.7 1358.9 1375.3 1372.5 1389.1 1399.1 1408 1411.6 1416.3 1430 1431.2 1447.1 1453.4 1461.6 1476.6 1488 1500.9 1511.5 1522.6 1537.8 1555.5 1576.6 1604.4 1627.7 1628.4 1714.6 1457.8 342.71 36174 5.3343e+05 4.4026e+06
