NaN -14.212 -13.043 -11.95 -10.927 -9.9699 -9.0746 -8.2371 -7.4537 -6.7207 -6.035 -5.3936 -4.7935 -4.2321 -3.7069 -3.2156 -2.7559 -2.326 -1.9237 -1.5474 -1.1953 -0.86601 -0.55791 -0.26968 -3.9113e-05 0.2143 0.49871 0.80273 1.1277 1.4751 1.8464 2.2433 2.6676 3.1212 3.606 4.1242 4.6782 5.2703 5.9033 6.5799 7.3031 8.0762 8.9027 9.786 10.73 11.74 12.819 13.972
0 2.3917e+12 2.7916e+12 3.2606e+12 3.8119e+12 4.4619e+12 5.2316e+12 6.1484e+12 7.2488e+12 8.5826e+12 1.0219e+13 1.2255e+13 1.483e+13 1.8145e+13 2.2492e+13 2.8291e+13 3.6143e+13 4.6875e+13 6.152e+13 8.1102e+13 1.0595e+14 1.3434e+14 1.6132e+14 1.7972e+14 1.8459e+14 1.786e+14 1.6033e+14 1.3499e+14 1.0851e+14 8.4784e+13 6.5278e+13 5e+13 3.8341e+13 2.9562e+13 2.2981e+13 1.8044e+13 1.4322e+13 1.1493e+13 9.3223e+12 7.6374e+12 6.3146e+12 5.2641e+12 4.4204e+12 3.7357e+12 3.1746e+12 2.7108e+12 2.3243e+12 2.0001e+12
0.21299 2.3939e+12 2.7954e+12 3.2672e+12 3.8228e+12 4.4794e+12 5.2589e+12 6.1901e+12 7.3113e+12 8.6742e+12 1.0351e+13 1.2441e+13 1.5087e+13 1.849e+13 2.2936e+13 2.8833e+13 3.674e+13 4.7391e+13 6.1632e+13 8.0163e+13 1.0288e+14 1.2785e+14 1.5069e+14 1.6584e+14 1.6982e+14 1.6495e+14 1.4979e+14 1.2805e+14 1.0453e+14 8.2776e+13 6.4424e+13 4.9755e+13 3.8386e+13 2.9721e+13 2.3167e+13 1.8217e+13 1.4468e+13 1.1609e+13 9.4108e+12 7.7037e+12 6.3634e+12 5.2996e+12 4.4459e+12 3.7539e+12 3.1875e+12 2.7198e+12 2.3306e+12 2.0044e+12
0.42597 2.3974e+12 2.8019e+12 3.2783e+12 3.8411e+12 4.5087e+12 5.3046e+12 6.2597e+12 7.415e+12 8.8258e+12 1.0568e+13 1.2745e+13 1.5501e+13 1.9036e+13 2.3627e+13 2.9644e+13 3.7565e+13 4.7951e+13 6.1313e+13 7.7798e+13 9.664e+13 1.1566e+14 1.3156e+14 1.4135e+14 1.4385e+14 1.408e+14 1.3077e+14 1.1519e+14 9.6895e+13 7.8738e+13 6.2558e+13 4.908e+13 3.8305e+13 2.99e+13 2.3432e+13 1.8484e+13 1.4701e+13 1.1799e+13 9.5587e+12 7.8158e+12 6.4467e+12 5.3605e+12 4.49e+12 3.7855e+12 3.2099e+12 2.7356e+12 2.3417e+12 2.012e+12
0.63896 2.402e+12 2.8102e+12 3.2926e+12 3.8648e+12 4.5464e+12 5.363e+12 6.3481e+12 7.5458e+12 9.015e+12 1.0835e+13 1.3113e+13 1.5992e+13 1.9664e+13 2.4379e+13 3.0446e+13 3.8212e+13 4.7975e+13 5.9792e+13 7.3141e+13 8.6603e+13 9.8045e+13 1.0573e+14 1.095e+14 1.1033e+14 1.0924e+14 1.0503e+14 9.6928e+13 8.5426e+13 7.2265e+13 5.9279e+13 4.7652e+13 3.7865e+13 2.9938e+13 2.3668e+13 1.8773e+13 1.4975e+13 1.2033e+13 9.7473e+12 7.9618e+12 6.5569e+12 5.4422e+12 4.5497e+12 3.8286e+12 3.2408e+12 2.7575e+12 2.357e+12 2.0226e+12
0.85195 2.4069e+12 2.8193e+12 3.3084e+12 3.8908e+12 4.5877e+12 5.4266e+12 6.4433e+12 7.6845e+12 9.2119e+12 1.1106e+13 1.3474e+13 1.645e+13 2.0208e+13 2.4948e+13 3.0884e+13 3.8176e+13 4.6797e+13 5.6303e+13 6.5586e+13 7.2925e+13 7.6812e+13 7.7316e+13 7.6346e+13 7.5884e+13 7.6215e+13 7.6677e+13 7.534e+13 7.0797e+13 6.3326e+13 5.4313e+13 4.5172e+13 3.6814e+13 2.9647e+13 2.3742e+13 1.8994e+13 1.5233e+13 1.2274e+13 9.9516e+12 8.1257e+12 6.6838e+12 5.538e+12 4.6208e+12 3.8806e+12 3.2783e+12 2.7842e+12 2.3758e+12 2.0358e+12
1.0649 2.4114e+12 2.828e+12 3.3236e+12 3.9158e+12 4.6271e+12 5.4864e+12 6.531e+12 7.8089e+12 9.3818e+12 1.1329e+13 1.3747e+13 1.6757e+13 2.0491e+13 2.5081e+13 3.0608e+13 3.7009e+13 4.3917e+13 5.0474e+13 5.5288e+13 5.6926e+13 5.5036e+13 5.1165e+13 4.7866e+13 4.6819e+13 4.7748e+13 5.0606e+13 5.3644e+13 5.4637e+13 5.2501e+13 4.7714e+13 4.1491e+13 3.4964e+13 2.8859e+13 2.3524e+13 1.9055e+13 1.5407e+13 1.2477e+13 1.0142e+13 8.2885e+12 6.8151e+12 5.6401e+12 4.6982e+12 3.9381e+12 3.3203e+12 2.8146e+12 2.3974e+12 2.051e+12
1.2779 2.4147e+12 2.8348e+12 3.3359e+12 3.9361e+12 4.6587e+12 5.5332e+12 6.5968e+12 7.8966e+12 9.4911e+12 1.1451e+13 1.386e+13 1.6805e+13 2.0369e+13 2.4588e+13 2.9391e+13 3.4492e+13 3.9248e+13 4.2598e+13 4.3308e+13 4.0753e+13 3.5806e+13 3.0636e+13 2.7186e+13 2.6171e+13 2.7064e+13 3.0238e+13 3.486e+13 3.9023e+13 4.0901e+13 3.9925e+13 3.6702e+13 3.2257e+13 2.7473e+13 2.2917e+13 1.8874e+13 1.5439e+13 1.2599e+13 1.0291e+13 8.4304e+12 6.9376e+12 5.7398e+12 4.7762e+12 3.9975e+12 3.3646e+12 2.847e+12 2.4208e+12 2.0675e+12
1.4909 2.416e+12 2.8385e+12 3.3431e+12 3.9482e+12 4.677e+12 5.5583e+12 6.6277e+12 7.9285e+12 9.5119e+12 1.1436e+13 1.3758e+13 1.653e+13 1.9764e+13 2.3395e+13 2.7205e+13 3.0726e+13 3.3177e+13 3.3578e+13 3.1236e+13 2.6508e+13 2.1026e+13 1.6641e+13 1.4172e+13 1.3496e+13 1.4101e+13 1.6485e+13 2.0679e+13 2.5703e+13 2.9805e+13 3.1674e+13 3.113e+13 2.8792e+13 2.5482e+13 2.1874e+13 1.8399e+13 1.5282e+13 1.2605e+13 1.0369e+13 8.5325e+12 7.0384e+12 5.8283e+12 4.8491e+12 4.055e+12 3.4086e+12 2.8798e+12 2.4448e+12 2.0847e+12
1.7039 2.4145e+12 2.8377e+12 3.3432e+12 3.949e+12 4.6773e+12 5.555e+12 6.6141e+12 7.8915e+12 9.4275e+12 1.1261e+13 1.3423e+13 1.5916e+13 1.8683e+13 2.1563e+13 2.4218e+13 2.6085e+13 2.6419e+13 2.4574e+13 2.0569e+13 1.5507e+13 1.1064e+13 8.2313e+12 6.8971e+12 6.5802e+12 6.9161e+12 8.3194e+12 1.1235e+13 1.5581e+13 2.0249e+13 2.375e+13 2.5245e+13 2.4797e+13 2.2971e+13 2.0407e+13 1.7613e+13 1.491e+13 1.2469e+13 1.0357e+13 8.5789e+12 7.1058e+12 5.8975e+12 4.9111e+12 4.1067e+12 3.4497e+12 2.9114e+12 2.4684e+12 2.1019e+12
1.9169 2.4094e+12 2.8314e+12 3.3346e+12 3.9362e+12 4.6563e+12 5.5189e+12 6.5507e+12 7.7799e+12 9.2333e+12 1.0929e+13 1.2865e+13 1.4997e+13 1.7204e+13 1.9246e+13 2.0722e+13 2.1076e+13 1.9759e+13 1.66e+13 1.2239e+13 8.0419e+12 5.1618e+12 3.7265e+12 3.1968e+12 3.12e+12 3.2925e+12 3.9747e+12 5.6292e+12 8.6768e+12 1.2785e+13 1.6788e+13 1.9538e+13 2.0578e+13 2.0099e+13 1.8586e+13 1.6534e+13 1.4319e+13 1.218e+13 1.0242e+13 8.558e+12 7.1306e+12 5.9404e+12 4.9573e+12 4.1491e+12 3.4855e+12 2.94e+12 2.4904e+12 2.1183e+12
2.1299 2.4003e+12 2.8187e+12 3.3162e+12 3.9082e+12 4.6125e+12 5.4486e+12 6.4369e+12 7.5956e+12 8.9366e+12 1.0456e+13 1.2119e+13 1.3839e+13 1.5444e+13 1.6648e+13 1.7047e+13 1.6195e+13 1.3842e+13 1.0278e+13 6.4842e+12 3.6123e+12 2.1026e+12 1.5599e+12 1.4441e+12 1.4789e+12 1.5721e+12 1.8568e+12 2.6348e+12 4.4281e+12 7.4645e+12 1.115e+13 1.4404e+13 1.6436e+13 1.7058e+13 1.6516e+13 1.5214e+13 1.3528e+13 1.1739e+13 1.002e+13 8.4635e+12 7.1067e+12 5.9518e+12 4.9836e+12 4.1792e+12 3.5139e+12 2.9643e+12 2.5099e+12 2.1333e+12
2.3429 2.3868e+12 2.7993e+12 3.2875e+12 3.8648e+12 4.5458e+12 5.3453e+12 6.2764e+12 7.3468e+12 8.5528e+12 9.8688e+12 1.1232e+13 1.2521e+13 1.3532e+13 1.3971e+13 1.3493e+13 1.1832e+13 9.0577e+12 5.7822e+12 2.9905e+12 1.3497e+12 7.3403e+11 6.1943e+11 6.5373e+11 7.1682e+11 7.7396e+11 8.8303e+11 1.1817e+12 2.066e+12 3.997e+12 6.9186e+12 1.0086e+13 1.2619e+13 1.4034e+13 1.4315e+13 1.3718e+13 1.2571e+13 1.1161e+13 9.6928e+12 8.2942e+12 7.031e+12 5.9285e+12 4.9872e+12 4.1947e+12 3.533e+12 2.9828e+12 2.526e+12 2.1463e+12
2.5558 2.3688e+12 2.773e+12 3.2486e+12 3.8066e+12 4.458e+12 5.2124e+12 6.0756e+12 7.0445e+12 8.1008e+12 9.1994e+12 1.0254e+13 1.1121e+13 1.1588e+13 1.1392e+13 1.029e+13 8.2276e+12 5.531e+12 2.9305e+12 1.1597e+12 3.8702e+11 2.1888e+11 2.4691e+11 3.0586e+11 3.6062e+11 3.989e+11 4.439e+11 5.3256e+11 8.8399e+11 1.9371e+12 3.9753e+12 6.676e+12 9.2907e+12 1.1181e+13 1.2098e+13 1.212e+13 1.1489e+13 1.0467e+13 9.2716e+12 8.0533e+12 6.9037e+12 5.8692e+12 4.9664e+12 4.1941e+12 3.5417e+12 2.9947e+12 2.5378e+12 2.1566e+12
2.7688 2.3463e+12 2.7402e+12 3.2002e+12 3.7349e+12 4.3516e+12 5.0546e+12 5.8422e+12 6.7014e+12 7.6002e+12 8.478e+12 9.2328e+12 9.712e+12 9.7176e+12 9.0451e+12 7.5832e+12 5.4644e+12 3.1631e+12 1.3343e+12 3.5908e+11 6.9185e+10 6.2237e+10 1.0777e+11 1.5173e+11 1.8947e+11 2.1548e+11 2.4001e+11 2.5833e+11 3.561e+11 8.3268e+11 2.0847e+12 4.1483e+12 6.5382e+12 8.6133e+12 9.961e+12 1.049e+13 1.0326e+13 9.6835e+12 8.7693e+12 7.747e+12 6.7269e+12 5.7742e+12 4.9206e+12 4.1765e+12 3.539e+12 2.9991e+12 2.5449e+12 2.164e+12
2.9818 2.3195e+12 2.7012e+12 3.1433e+12 3.6515e+12 4.2296e+12 4.8768e+12 5.5841e+12 6.3293e+12 7.0698e+12 7.7333e+12 8.2104e+12 8.3539e+12 7.998e+12 7.0168e+12 5.4267e+12 3.4941e+12 1.7177e+12 5.5797e+11 8.5668e+10 3.0654e+09 2.5424e+10 5.4725e+10 8.0516e+10 1.0379e+11 1.21e+11 1.3819e+11 1.4198e+11 1.4789e+11 3.0897e+11 9.7407e+11 2.3942e+12 4.3772e+12 6.401e+12 7.9823e+12 8.8882e+12 9.1254e+12 8.8361e+12 8.2013e+12 7.3834e+12 6.5046e+12 5.645e+12 4.8502e+12 4.1416e+12 3.5245e+12 2.9956e+12 2.5467e+12 2.1679e+12
3.1948 2.2888e+12 2.6568e+12 3.0789e+12 3.5584e+12 4.0953e+12 4.6837e+12 5.3084e+12 5.9396e+12 6.5263e+12 6.9899e+12 7.2218e+12 7.0917e+12 6.4796e+12 5.3415e+12 3.7985e+12 2.1806e+12 9.1297e+11 2.3394e+11 2.3442e+10 3.8346e+09 1.7414e+10 3.153e+10 4.5248e+10 5.8855e+10 6.9853e+10 8.2664e+10 8.7276e+10 7.486e+10 9.7868e+10 3.8837e+11 1.2627e+12 2.7698e+12 4.5758e+12 6.217e+12 7.3686e+12 7.9263e+12 7.9516e+12 7.5835e+12 6.9716e+12 6.2416e+12 5.4839e+12 4.756e+12 4.0896e+12 3.4981e+12 2.984e+12 2.5431e+12 2.1682e+12
3.4078 2.2546e+12 2.6077e+12 3.0084e+12 3.4575e+12 3.9514e+12 4.4798e+12 5.022e+12 5.5422e+12 5.984e+12 6.2678e+12 6.2929e+12 5.9545e+12 5.1836e+12 4.0105e+12 2.624e+12 1.3522e+12 4.9651e+11 1.1463e+11 1.7975e+10 9.0462e+09 1.3138e+10 1.927e+10 2.6437e+10 3.4244e+10 4.1072e+10 5.0239e+10 5.6612e+10 4.9397e+10 3.1655e+10 1.208e+11 5.9267e+11 1.6419e+12 3.135e+12 4.6979e+12 5.9716e+12 6.764e+12 7.0554e+12 6.9325e+12 6.5214e+12 5.9431e+12 5.2936e+12 4.6394e+12 4.021e+12 3.4598e+12 2.964e+12 2.5338e+12 2.1647e+12
3.6208 2.2173e+12 2.5545e+12 2.9328e+12 3.3504e+12 3.8005e+12 4.269e+12 4.7306e+12 5.1452e+12 5.4545e+12 5.5819e+12 5.4403e+12 4.9555e+12 4.1077e+12 2.9844e+12 1.8038e+12 8.4606e+11 2.848e+11 6.7766e+10 1.6256e+10 8.5233e+09 9.0878e+09 1.1944e+10 1.5801e+10 2.0285e+10 2.4437e+10 3.0613e+10 3.6858e+10 3.6947e+10 1.9387e+10 2.3204e+10 2.361e+11 9.007e+11 2.0493e+12 3.4375e+12 4.7261e+12 5.668e+12 6.1706e+12 6.2642e+12 6.0428e+12 5.6152e+12 5.0774e+12 4.5019e+12 3.9366e+12 3.4099e+12 2.9359e+12 2.5188e+12 2.1573e+12
3.8338 2.1773e+12 2.498e+12 2.8531e+12 3.2387e+12 3.645e+12 4.0546e+12 4.4388e+12 4.7552e+12 4.9461e+12 4.9416e+12 4.6721e+12 4.0946e+12 3.2318e+12 2.2082e+12 1.2388e+12 5.3526e+11 1.6889e+11 4.0769e+10 1.0663e+10 5.5965e+09 5.8227e+09 7.3968e+09 9.5669e+09 1.2168e+10 1.4662e+10 1.8616e+10 2.3534e+10 2.7283e+10 1.992e+10 1.8702e+09 7.2509e+10 4.4973e+11 1.2715e+12 2.4301e+12 3.6488e+12 4.6612e+12 5.318e+12 5.5941e+12 5.546e+12 5.264e+12 4.8389e+12 4.3454e+12 3.8372e+12 3.3489e+12 2.8996e+12 2.498e+12 2.146e+12
4.0468 2.135e+12 2.4386e+12 2.7702e+12 3.1236e+12 3.4867e+12 3.8392e+12 4.1504e+12 4.377e+12 4.4643e+12 4.3518e+12 3.989e+12 3.362e+12 2.5267e+12 1.6246e+12 8.4706e+11 3.3668e+11 9.7103e+10 2.1025e+10 5.0448e+09 3.1389e+09 3.6043e+09 4.5743e+09 5.8423e+09 7.3715e+09 8.8617e+09 1.1306e+10 1.4685e+10 1.8928e+10 1.94e+10 5.6318e+09 1.3828e+10 2.0031e+11 7.4479e+11 1.6562e+12 2.7451e+12 3.7597e+12 4.5148e+12 4.9363e+12 5.0411e+12 4.896e+12 4.5817e+12 4.172e+12 3.724e+12 3.2771e+12 2.8553e+12 2.4715e+12 2.1306e+12
4.2597 2.0907e+12 2.3769e+12 2.6848e+12 3.0063e+12 3.327e+12 3.6249e+12 3.8679e+12 4.0137e+12 4.012e+12 3.8134e+12 3.3866e+12 2.743e+12 1.9611e+12 1.1843e+12 5.7056e+11 2.0442e+11 5.0327e+10 8.2158e+09 1.807e+09 1.7404e+09 2.2222e+09 2.8351e+09 3.5958e+09 4.5074e+09 5.3994e+09 6.8802e+09 9.0153e+09 1.2319e+10 1.5996e+10 1.1798e+10 2.7831e+09 7.8871e+10 4.1043e+11 1.0863e+12 2.0107e+12 2.9729e+12 3.7745e+12 4.3032e+12 4.5375e+12 4.5175e+12 4.31e+12 3.9841e+12 3.5982e+12 3.1953e+12 2.8035e+12 2.4395e+12 2.1113e+12
4.4727 2.0447e+12 2.3133e+12 2.5975e+12 2.8874e+12 3.1672e+12 3.4133e+12 3.5933e+12 3.6669e+12 3.5899e+12 3.3248e+12 2.8578e+12 2.2212e+12 1.5067e+12 8.4984e+11 3.7317e+11 1.1618e+11 2.2052e+10 2.0226e+09 6.2629e+08 1.0373e+09 1.3829e+09 1.7686e+09 2.2334e+09 2.7847e+09 3.3225e+09 4.2135e+09 5.5027e+09 7.6473e+09 1.1422e+10 1.3723e+10 7.1014e+09 3.005e+10 2.1377e+11 6.8562e+11 1.4331e+12 2.3034e+12 3.1067e+12 3.7053e+12 4.044e+12 4.1348e+12 4.0277e+12 3.7841e+12 3.4613e+12 3.1041e+12 2.7444e+12 2.402e+12 2.088e+12
4.6857 1.9971e+12 2.2481e+12 2.5087e+12 2.7678e+12 3.0081e+12 3.2052e+12 3.3275e+12 3.3374e+12 3.1977e+12 2.8827e+12 2.3947e+12 1.7817e+12 1.1416e+12 5.9606e+11 2.3398e+11 6.0533e+10 7.7615e+09 1.5139e+08 3.656e+08 6.5927e+08 8.7241e+08 1.1153e+09 1.4036e+09 1.7421e+09 2.07e+09 2.6084e+09 3.374e+09 4.6334e+09 7.3141e+09 1.1837e+10 1.2027e+10 1.6402e+10 1.0836e+11 4.1795e+11 9.9434e+11 1.7487e+12 2.517e+12 3.151e+12 3.5683e+12 3.754e+12 3.7389e+12 3.5746e+12 3.3146e+12 3.0044e+12 2.6784e+12 2.3593e+12 2.0609e+12
4.8987 1.9482e+12 2.1814e+12 2.4187e+12 2.6477e+12 2.8501e+12 3.0015e+12 3.0711e+12 3.0253e+12 2.8342e+12 2.4835e+12 1.9898e+12 1.4124e+12 8.4985e+11 4.0647e+11 1.3991e+11 2.9016e+10 2.2914e+09 4.425e+07 3.0203e+08 4.3012e+08 5.6015e+08 7.1449e+08 8.9608e+08 1.1072e+09 1.31e+09 1.6393e+09 2.096e+09 2.8047e+09 4.359e+09 8.3899e+09 1.3206e+10 1.5659e+10 5.8024e+10 2.4895e+11 6.7309e+11 1.3013e+12 2.0073e+12 2.6463e+12 3.117e+12 3.3805e+12 3.4478e+12 3.3582e+12 3.1597e+12 2.8972e+12 2.606e+12 2.3115e+12 2.03e+12
5.1117 1.898e+12 2.1136e+12 2.3279e+12 2.5276e+12 2.6939e+12 2.8023e+12 2.8243e+12 2.7303e+12 2.4981e+12 2.1243e+12 1.6373e+12 1.1045e+12 6.2034e+11 2.6933e+11 8.0447e+10 1.3514e+10 9.3401e+08 2.0155e+08 2.2897e+08 2.8517e+08 3.683e+08 4.6767e+08 5.839e+08 7.1773e+08 8.4527e+08 1.0501e+09 1.3272e+09 1.7281e+09 2.5213e+09 5.1361e+09 1.1158e+10 1.6789e+10 3.7096e+10 1.4865e+11 4.4685e+11 9.504e+11 1.5763e+12 2.1948e+12 2.6955e+12 3.0192e+12 3.158e+12 3.1374e+12 2.9985e+12 2.7832e+12 2.5277e+12 2.259e+12 1.9954e+12
5.3247 1.8467e+12 2.0447e+12 2.2364e+12 2.4077e+12 2.5395e+12 2.6082e+12 2.5873e+12 2.4522e+12 2.1883e+12 1.8024e+12 1.333e+12 8.5144e+11 4.4425e+11 1.7445e+11 4.5665e+10 6.8508e+09 7.2465e+08 2.0298e+08 1.5626e+08 1.9473e+08 2.4977e+08 3.148e+08 3.9037e+08 4.7674e+08 5.5842e+08 6.882e+08 8.6035e+08 1.0956e+09 1.4799e+09 2.8219e+09 7.7674e+09 1.5924e+10 2.9228e+10 9.2805e+10 2.9387e+11 6.8294e+11 1.2196e+12 1.7981e+12 2.3076e+12 2.6745e+12 2.8731e+12 2.915e+12 2.8324e+12 2.6637e+12 2.4442e+12 2.2021e+12 1.9574e+12
5.5377 1.7943e+12 1.9748e+12 2.1444e+12 2.2882e+12 2.3875e+12 2.4194e+12 2.3604e+12 2.191e+12 1.9044e+12 1.5165e+12 1.0735e+12 6.4751e+11 3.1337e+11 1.1187e+11 2.6521e+10 3.9922e+09 5.2591e+08 1.2042e+08 1.08e+08 1.3886e+08 1.7583e+08 2.1919e+08 2.6911e+08 3.2593e+08 3.792e+08 4.6313e+08 5.7272e+08 7.1738e+08 9.1248e+08 1.4656e+09 4.5741e+09 1.293e+10 2.5413e+10 6.3272e+10 1.9455e+11 4.8501e+11 9.3103e+11 1.4557e+12 1.956e+12 2.3498e+12 2.5963e+12 2.6932e+12 2.6633e+12 2.5397e+12 2.3561e+12 2.141e+12 1.916e+12
5.7506 1.7409e+12 1.9042e+12 2.052e+12 2.1695e+12 2.238e+12 2.2363e+12 2.144e+12 1.947e+12 1.6461e+12 1.2653e+12 8.5593e+11 4.8705e+11 2.1917e+11 7.2034e+10 1.5985e+10 2.3685e+09 2.5077e+08 6.1958e+07 8.1508e+07 1.0385e+08 1.2906e+08 1.5847e+08 1.9209e+08 2.3011e+08 2.6554e+08 3.2093e+08 3.9239e+08 4.8496e+08 5.9762e+08 7.8236e+08 2.2968e+09 9.0111e+09 2.1713e+10 4.7629e+10 1.3241e+11 3.4279e+11 7.0273e+11 1.1654e+12 1.642e+12 2.0478e+12 2.3304e+12 2.4745e+12 2.4927e+12 2.4121e+12 2.264e+12 2.0763e+12 1.8715e+12
5.9636 1.6867e+12 1.8329e+12 1.9596e+12 2.0518e+12 2.0916e+12 2.0595e+12 1.9387e+12 1.7207e+12 1.4134e+12 1.0475e+12 6.7675e+11 3.6372e+11 1.5298e+11 4.6811e+10 9.6604e+09 1.1898e+09 6.2706e+07 4.52e+07 6.6071e+07 8.1227e+07 9.8806e+07 1.1908e+08 1.422e+08 1.6806e+08 1.921e+08 2.2937e+08 2.7706e+08 3.3807e+08 4.1167e+08 4.7113e+08 9.9429e+08 5.3675e+09 1.7182e+10 3.8232e+10 9.4441e+10 2.4344e+11 5.2614e+11 9.2352e+11 1.3655e+12 1.7704e+12 2.0778e+12 2.2609e+12 2.3223e+12 2.2823e+12 2.1685e+12 2.0083e+12 1.8241e+12
6.1766 1.6317e+12 1.7611e+12 1.8673e+12 1.9355e+12 1.9486e+12 1.8896e+12 1.7452e+12 1.5127e+12 1.2063e+12 8.6163e+11 5.3185e+11 2.706e+11 1.0683e+11 3.0316e+10 5.4662e+09 4.2263e+08 8.7599e+06 4.4436e+07 5.5467e+07 6.6048e+07 7.8559e+07 9.2829e+07 1.0901e+08 1.2695e+08 1.4355e+08 1.6911e+08 2.016e+08 2.428e+08 2.9378e+08 3.2762e+08 4.0161e+08 2.6704e+09 1.2266e+10 3.1031e+10 7.1052e+10 1.757e+11 3.9256e+11 7.2567e+11 1.1257e+12 1.5186e+12 1.8403e+12 2.0543e+12 2.1535e+12 2.1511e+12 2.0706e+12 1.9374e+12 1.7741e+12
6.3896 1.576e+12 1.689e+12 1.7754e+12 1.821e+12 1.8098e+12 1.7273e+12 1.5643e+12 1.3234e+12 1.0242e+12 7.0512e+11 4.1628e+11 2.0082e+11 7.4233e+10 1.9038e+10 2.7055e+09 8.0608e+07 2.3479e+07 4.2283e+07 4.7582e+07 5.5388e+07 6.4427e+07 7.4714e+07 8.6201e+07 9.892e+07 1.1056e+08 1.2843e+08 1.5096e+08 1.7941e+08 2.1515e+08 2.4768e+08 2.0137e+08 1.0474e+09 7.752e+09 2.4378e+10 5.5729e+10 1.3018e+11 2.936e+11 5.6667e+11 9.2061e+11 1.2929e+12 1.6193e+12 1.8563e+12 1.9878e+12 2.0197e+12 1.9707e+12 1.864e+12 1.7217e+12
6.6026 1.5198e+12 1.6168e+12 1.6843e+12 1.7088e+12 1.6758e+12 1.5734e+12 1.3967e+12 1.1529e+12 8.6585e+11 5.7484e+11 3.2478e+11 1.4832e+11 5.071e+10 1.1258e+10 1.1337e+09 2.2308e+07 3.9482e+07 3.7355e+07 4.1548e+07 4.7453e+07 5.4117e+07 6.1661e+07 6.9976e+07 7.9146e+07 8.7444e+07 1.0016e+08 1.1605e+08 1.3607e+08 1.6117e+08 1.9117e+08 1.5945e+08 2.8333e+08 4.2228e+09 1.8001e+10 4.4458e+10 9.9496e+10 2.2158e+11 4.4109e+11 7.4781e+11 1.093e+12 1.4157e+12 1.6681e+12 1.8263e+12 1.889e+12 1.8696e+12 1.7887e+12 1.6672e+12
6.8156 1.4633e+12 1.5447e+12 1.5944e+12 1.5994e+12 1.5471e+12 1.4286e+12 1.2426e+12 1.0008e+12 7.2952e+11 4.6713e+11 2.523e+11 1.0837e+11 3.3571e+10 6.1847e+09 4.5471e+08 5.5975e+07 3.7601e+07 3.2723e+07 3.671e+07 4.1195e+07 4.6236e+07 5.1831e+07 5.7989e+07 6.4675e+07 7.0723e+07 7.9888e+07 9.1302e+07 1.0559e+08 1.2342e+08 1.4715e+08 1.5193e+08 4.5995e+07 1.8853e+09 1.2229e+10 3.5102e+10 7.8175e+10 1.6978e+11 3.4353e+11 6.0428e+11 9.1798e+11 1.2301e+12 1.491e+12 1.6703e+12 1.7599e+12 1.768e+12 1.7118e+12 1.6108e+12
7.0286 1.4066e+12 1.4732e+12 1.5061e+12 1.4934e+12 1.4246e+12 1.2933e+12 1.1022e+12 8.6613e+11 6.1284e+11 3.782e+11 1.9455e+11 7.7746e+10 2.1354e+10 3.2444e+09 2.6929e+08 6.8841e+07 2.8551e+07 2.9298e+07 3.2594e+07 3.6041e+07 3.9919e+07 4.4141e+07 4.8773e+07 5.3723e+07 5.8207e+07 6.4898e+07 7.3231e+07 8.3547e+07 9.6436e+07 1.1342e+08 1.3637e+08 4.3482e+07 6.1663e+08 7.4901e+09 2.6792e+10 6.2424e+10 1.3259e+11 2.6884e+11 4.8676e+11 7.6665e+11 1.0626e+12 1.3256e+12 1.5206e+12 1.6334e+12 1.6666e+12 1.6339e+12 1.5529e+12
7.2416 1.35e+12 1.4024e+12 1.4198e+12 1.3913e+12 1.3085e+12 1.1679e+12 9.7523e+11 7.4765e+11 5.132e+11 3.0455e+11 1.4829e+11 5.4446e+10 1.3123e+10 1.7883e+09 2.3422e+08 4.7868e+07 2.2723e+07 2.6445e+07 2.8941e+07 3.1662e+07 3.466e+07 3.7919e+07 4.1431e+07 4.5174e+07 4.8521e+07 5.3501e+07 5.9639e+07 6.7207e+07 7.6643e+07 8.8502e+07 1.1113e+08 9.1924e+07 1.0842e+08 4.0355e+09 1.9399e+10 4.9854e+10 1.0549e+11 2.1225e+11 3.9184e+11 6.3736e+11 9.1298e+11 1.1725e+12 1.3781e+12 1.51e+12 1.5659e+12 1.5553e+12 1.4938e+12
7.4545 1.2937e+12 1.3327e+12 1.3358e+12 1.2935e+12 1.1993e+12 1.0523e+12 8.6087e+11 6.4366e+11 4.2802e+11 2.4332e+11 1.1128e+11 3.7213e+10 8.0089e+09 1.1476e+09 1.8083e+08 2.2589e+07 2.0824e+07 2.3707e+07 2.5649e+07 2.7838e+07 3.0181e+07 3.2731e+07 3.5427e+07 3.8303e+07 4.0822e+07 4.4593e+07 4.9152e+07 5.4791e+07 6.1747e+07 7.0265e+07 8.5417e+07 1.1405e+08 1.8062e+07 1.8567e+09 1.3122e+10 3.9164e+10 8.5073e+10 1.6957e+11 3.1612e+11 5.2821e+11 7.806e+11 1.0319e+12 1.2434e+12 1.3907e+12 1.4665e+12 1.4764e+12 1.4336e+12
7.6675 1.2379e+12 1.2645e+12 1.2546e+12 1.2004e+12 1.0971e+12 9.4628e+11 7.582e+11 5.5238e+11 3.55e+11 1.924e+11 8.2105e+10 2.5037e+10 5.0679e+09 8.141e+08 9.6877e+07 1.1936e+07 1.9659e+07 2.1085e+07 2.2681e+07 2.4437e+07 2.631e+07 2.831e+07 3.042e+07 3.2641e+07 3.4576e+07 3.7451e+07 4.0892e+07 4.5124e+07 5.03e+07 5.665e+07 6.528e+07 1.0197e+08 7.5754e+07 7.2333e+08 8.1878e+09 2.9816e+10 6.892e+10 1.372e+11 2.5631e+11 4.3714e+11 6.647e+11 9.04e+11 1.1169e+12 1.2759e+12 1.3689e+12 1.3978e+12 1.3728e+12
7.8805 1.1829e+12 1.1979e+12 1.1765e+12 1.1121e+12 1.0019e+12 8.4929e+11 6.661e+11 4.7213e+11 2.9232e+11 1.5031e+11 5.969e+10 1.6866e+10 3.4029e+09 5.3974e+08 2.8691e+07 1.2878e+07 1.7739e+07 1.8657e+07 1.9995e+07 2.1402e+07 2.292e+07 2.4501e+07 2.6172e+07 2.7899e+07 2.9417e+07 3.1614e+07 3.4263e+07 3.745e+07 4.135e+07 4.6163e+07 5.1412e+07 7.494e+07 1.2874e+08 2.8946e+08 4.6818e+09 2.1735e+10 5.5476e+10 1.122e+11 2.0936e+11 3.6198e+11 5.6428e+11 7.8861e+11 9.9908e+11 1.1661e+12 1.2737e+12 1.3197e+12 1.3115e+12
8.0935 1.1288e+12 1.1333e+12 1.1017e+12 1.0288e+12 9.1341e+11 7.6069e+11 5.8341e+11 4.0146e+11 2.3865e+11 1.1605e+11 4.3047e+10 1.1582e+10 2.3472e+09 2.8866e+08 1.9855e+06 1.5237e+07 1.5498e+07 1.6446e+07 1.7553e+07 1.8703e+07 1.9927e+07 2.1199e+07 2.2526e+07 2.3889e+07 2.5083e+07 2.6788e+07 2.8842e+07 3.1269e+07 3.4237e+07 3.7881e+07 4.183e+07 5.0855e+07 1.2972e+08 2.1158e+08 2.4865e+09 1.5043e+10 4.3883e+10 9.2293e+10 1.7248e+11 3.0053e+11 4.7815e+11 6.8544e+11 8.9011e+11 1.0618e+12 1.1812e+12 1.2425e+12 1.2501e+12
8.3065 1.076e+12 1.0708e+12 1.0303e+12 9.5036e+11 8.3136e+11 6.7974e+11 5.0906e+11 3.3927e+11 1.9307e+11 8.8751e+10 3.1088e+10 8.1425e+09 1.5486e+09 1.0831e+08 5.1657e+06 1.4377e+07 1.3527e+07 1.4441e+07 1.5343e+07 1.6302e+07 1.7287e+07 1.832e+07 1.9378e+07 2.0469e+07 2.1403e+07 2.2756e+07 2.4346e+07 2.6234e+07 2.8501e+07 3.1254e+07 3.4555e+07 3.6314e+07 9.372e+07 2.3642e+08 1.3168e+09 9.8599e+09 3.3793e+10 7.5842e+10 1.4325e+11 2.5063e+11 4.0499e+11 5.94e+11 7.9009e+11 9.6328e+11 1.0919e+12 1.1666e+12 1.1888e+12
8.5195 1.0245e+12 1.0107e+12 9.6233e+11 8.7668e+11 7.5529e+11 6.0569e+11 4.4219e+11 2.8476e+11 1.5489e+11 6.7542e+10 2.2655e+10 5.7542e+09 9.1263e+08 2.4523e+07 1.3972e+07 1.1699e+07 1.1874e+07 1.2627e+07 1.3368e+07 1.4159e+07 1.4966e+07 1.5802e+07 1.6656e+07 1.7531e+07 1.8271e+07 1.9352e+07 2.0593e+07 2.2078e+07 2.3821e+07 2.5917e+07 2.8584e+07 2.9249e+07 5.2419e+07 2.3413e+08 8.0972e+08 6.1745e+09 2.5164e+10 6.1785e+10 1.1965e+11 2.102e+11 3.434e+11 5.1371e+11 6.9899e+11 8.7088e+11 1.0061e+12 1.0923e+12 1.1278e+12
8.7325 9.7451e+11 9.5286e+11 8.9778e+11 8.0751e+11 6.8471e+11 5.3792e+11 3.8214e+11 2.3735e+11 1.2345e+11 5.1413e+10 1.6657e+10 3.9546e+09 4.6136e+08 1.2027e+07 1.5368e+07 9.5092e+06 1.0397e+07 1.0992e+07 1.1617e+07 1.2258e+07 1.2926e+07 1.3604e+07 1.4298e+07 1.5e+07 1.5599e+07 1.6454e+07 1.7444e+07 1.8611e+07 1.9971e+07 2.1592e+07 2.3616e+07 2.5278e+07 2.5858e+07 1.7922e+08 6.284e+08 3.8073e+09 1.8073e+10 4.9541e+10 1.001e+11 1.7734e+11 2.9191e+11 4.438e+11 6.1666e+11 7.8478e+11 9.2415e+11 1.0198e+12 1.0674e+12
8.9455 9.2609e+11 8.9745e+11 8.3654e+11 7.4256e+11 6.1917e+11 4.759e+11 3.2845e+11 1.9662e+11 9.8035e+10 3.9277e+10 1.2234e+10 2.5622e+09 2.0792e+08 2.3635e+07 1.0833e+07 8.305e+06 9.0465e+06 9.5358e+06 1.0061e+07 1.0586e+07 1.1136e+07 1.169e+07 1.2254e+07 1.282e+07 1.3308e+07 1.3985e+07 1.4786e+07 1.5701e+07 1.678e+07 1.8048e+07 1.9551e+07 2.1713e+07 1.6216e+07 1.0189e+08 5.3694e+08 2.4458e+09 1.2571e+10 3.888e+10 8.3453e+10 1.5034e+11 2.4903e+11 3.8344e+11 5.4287e+11 7.0507e+11 8.4628e+11 9.4957e+11 1.0079e+12
9.1584 8.7932e+11 8.444e+11 7.7846e+11 6.8154e+11 5.583e+11 4.1927e+11 2.8081e+11 1.6209e+11 7.7796e+10 3.0093e+10 8.8307e+09 1.545e+09 1.0909e+08 2.7446e+07 6.4565e+06 7.4484e+06 7.8423e+06 8.254e+06 8.6837e+06 9.1245e+06 9.5703e+06 1.0027e+07 1.0484e+07 1.0946e+07 1.1337e+07 1.1885e+07 1.2526e+07 1.3257e+07 1.4117e+07 1.5114e+07 1.6262e+07 1.8062e+07 1.5642e+07 3.935e+07 4.2479e+08 1.7274e+09 8.586e+09 2.9779e+10 6.897e+10 1.2779e+11 2.1333e+11 3.3168e+11 4.7723e+11 6.318e+11 7.7273e+11 8.8174e+11 9.4941e+11
9.3714 8.3419e+11 7.9365e+11 7.2335e+11 6.2418e+11 5.018e+11 3.6778e+11 2.3894e+11 1.3323e+11 6.1794e+10 2.2997e+10 6.1702e+09 8.8926e+08 8.7622e+07 1.8691e+07 4.9214e+06 6.5289e+06 6.7834e+06 7.131e+06 7.4781e+06 7.8456e+06 8.2106e+06 8.583e+06 8.9572e+06 9.3326e+06 9.6455e+06 1.0096e+07 1.0604e+07 1.1197e+07 1.1881e+07 1.2669e+07 1.3583e+07 1.4772e+07 1.6225e+07 8.4329e+06 2.8141e+08 1.3312e+09 5.9037e+09 2.2284e+10 5.6251e+10 1.0856e+11 1.8346e+11 2.8752e+11 4.193e+11 5.6493e+11 7.0367e+11 8.1657e+11 8.9216e+11
9.5844 7.9068e+11 7.451e+11 6.7102e+11 5.7024e+11 4.4947e+11 3.2126e+11 2.0255e+11 1.0937e+11 4.9102e+10 1.7379e+10 4.1501e+09 5.3071e+08 7.891e+07 7.3883e+06 5.0123e+06 5.6001e+06 5.8565e+06 6.1446e+06 6.4339e+06 6.731e+06 7.0333e+06 7.3357e+06 7.642e+06 7.9466e+06 8.2008e+06 8.5658e+06 8.9739e+06 9.4539e+06 9.999e+06 1.0631e+07 1.137e+07 1.215e+07 1.4752e+07 3.4984e+06 1.4422e+08 1.0413e+09 4.2064e+09 1.6394e+10 4.5141e+10 9.1832e+10 1.582e+11 2.4992e+11 3.6849e+11 5.0433e+11 6.3923e+11 7.5428e+11 8.3639e+11
9.7974 7.4876e+11 6.9862e+11 6.2132e+11 5.1957e+11 4.012e+11 2.7958e+11 1.7126e+11 8.9755e+10 3.891e+10 1.2884e+10 2.7169e+09 3.6091e+08 5.7162e+07 1.7848e+06 4.933e+06 4.8097e+06 5.0511e+06 5.2847e+06 5.5286e+06 5.7675e+06 6.0157e+06 6.2632e+06 6.5113e+06 6.7588e+06 6.9684e+06 7.2581e+06 7.5936e+06 7.9759e+06 8.415e+06 8.9264e+06 9.5158e+06 1.0128e+07 1.1859e+07 9.1058e+06 4.9652e+07 7.6276e+08 3.1478e+09 1.2e+10 3.5624e+10 7.7084e+10 1.3653e+11 2.1785e+11 3.2419e+11 4.498e+11 5.7949e+11 6.9506e+11 7.8226e+11
10.01 7.0835e+11 6.5409e+11 5.7411e+11 4.7207e+11 3.569e+11 2.4256e+11 1.4459e+11 7.3607e+10 3.0606e+10 9.3393e+09 1.7864e+09 2.7273e+08 2.8426e+07 1.9677e+06 4.2438e+06 4.1598e+06 4.356e+06 4.5441e+06 4.7428e+06 4.9401e+06 5.14e+06 5.3427e+06 5.5432e+06 5.7445e+06 5.9149e+06 6.1472e+06 6.4211e+06 6.7257e+06 7.0821e+06 7.4938e+06 7.9609e+06 8.4942e+06 9.1383e+06 1.3195e+07 7.6723e+06 4.9228e+08 2.4312e+09 8.8769e+09 2.7714e+10 6.4034e+10 1.1764e+11 1.9036e+11 2.8568e+11 4.0103e+11 5.2444e+11 6.3906e+11 7.2999e+11
10.223 6.6938e+11 6.1143e+11 5.2929e+11 4.2769e+11 3.1654e+11 2.0998e+11 1.2197e+11 6.0218e+10 2.3788e+10 6.6476e+09 1.2259e+09 2.0009e+08 7.4985e+06 3.713e+06 3.442e+06 3.6031e+06 3.7546e+06 3.9102e+06 4.0657e+06 4.2298e+06 4.3908e+06 4.5545e+06 4.7175e+06 4.88e+06 5.0157e+06 5.2072e+06 5.4245e+06 5.6721e+06 5.9591e+06 6.287e+06 6.664e+06 7.1143e+06 7.3135e+06 1.2218e+07 3.0692e+06 2.6728e+08 1.8614e+09 6.7192e+09 2.1378e+10 5.2575e+10 1.0095e+11 1.6656e+11 2.5224e+11 3.5765e+11 4.7404e+11 5.8641e+11 6.7973e+11
10.436 6.3177e+11 5.7055e+11 4.8684e+11 3.8643e+11 2.8004e+11 1.8149e+11 1.0277e+11 4.9014e+10 1.8224e+10 4.7079e+09 8.8718e+08 1.2622e+08 3.9822e+05 4.0657e+06 2.9016e+06 3.1137e+06 3.2356e+06 3.3641e+06 3.4892e+06 3.6208e+06 3.752e+06 3.8824e+06 4.0151e+06 4.1453e+06 4.2533e+06 4.4101e+06 4.5816e+06 4.784e+06 5.0125e+06 5.2737e+06 5.5825e+06 5.9416e+06 6.1786e+06 8.5249e+06 1.188e+07 1.1874e+08 1.3541e+09 5.2082e+09 1.6489e+10 4.2685e+10 8.6084e+10 1.4572e+11 2.2313e+11 3.1923e+11 4.2818e+11 5.3719e+11 6.3164e+11
10.649 5.9546e+11 5.3141e+11 4.4675e+11 3.4828e+11 2.4726e+11 1.567e+11 8.642e+10 3.958e+10 1.3781e+10 3.3766e+09 6.5199e+08 6.32e+07 2.2777e+06 3.0677e+06 2.5722e+06 2.6954e+06 2.7921e+06 2.8942e+06 2.9988e+06 3.1013e+06 3.2076e+06 3.3125e+06 3.4181e+06 3.5227e+06 3.6104e+06 3.7339e+06 3.8729e+06 4.0344e+06 4.2164e+06 4.4274e+06 4.6751e+06 4.9569e+06 5.2964e+06 5.3469e+06 1.7137e+07 4.8159e+07 9.0693e+08 4.0763e+09 1.2827e+10 3.4357e+10 7.2829e+10 1.2724e+11 1.9765e+11 2.8527e+11 3.8666e+11 4.9143e+11 5.8587e+11
10.862 5.6041e+11 4.9399e+11 4.0904e+11 3.1323e+11 2.1799e+11 1.3513e+11 7.2406e+10 3.1653e+10 1.0346e+10 2.4796e+09 4.5793e+08 2.4763e+07 5.1863e+06 2.0273e+06 2.2832e+06 2.3372e+06 2.4157e+06 2.4945e+06 2.5799e+06 2.6614e+06 2.7452e+06 2.83e+06 2.9129e+06 2.9968e+06 3.0678e+06 3.1633e+06 3.2771e+06 3.4033e+06 3.5494e+06 3.7199e+06 3.9127e+06 4.1373e+06 4.4611e+06 3.9021e+06 1.4475e+07 3.0775e+07 5.5155e+08 3.1475e+09 1.0112e+10 2.7539e+10 6.1107e+10 1.1071e+11 1.7517e+11 2.5526e+11 3.4925e+11 4.4914e+11 5.4252e+11
11.075 5.266e+11 4.5832e+11 3.7373e+11 2.8122e+11 1.9197e+11 1.1634e+11 6.0335e+10 2.5071e+10 7.7785e+09 1.8513e+09 2.9282e+08 1.1256e+07 5.1155e+06 1.6244e+06 1.9835e+06 2.0307e+06 2.0946e+06 2.1576e+06 2.222e+06 2.2889e+06 2.3543e+06 2.4215e+06 2.4872e+06 2.5535e+06 2.6091e+06 2.6854e+06 2.7752e+06 2.8746e+06 2.9917e+06 3.1262e+06 3.2777e+06 3.4583e+06 3.6932e+06 3.57e+06 8.004e+06 3.3897e+07 3.112e+08 2.3437e+09 8.0597e+09 2.2099e+10 5.0892e+10 9.5852e+10 1.5516e+11 2.2867e+11 3.1563e+11 4.1025e+11 5.0169e+11
11.288 4.9402e+11 4.2442e+11 3.4086e+11 2.5214e+11 1.6886e+11 9.9889e+10 4.9935e+10 1.9719e+10 5.902e+09 1.3715e+09 1.6822e+08 1.1442e+07 2.9128e+06 1.6173e+06 1.7175e+06 1.768e+06 1.8195e+06 1.8713e+06 1.9199e+06 1.9732e+06 2.0249e+06 2.0765e+06 2.1292e+06 2.1805e+06 2.2233e+06 2.2855e+06 2.3536e+06 2.4336e+06 2.5253e+06 2.6294e+06 2.7518e+06 2.8953e+06 3.0537e+06 3.3697e+06 2.9593e+06 3.4552e+07 1.793e+08 1.6585e+09 6.4323e+09 1.7835e+10 4.216e+10 8.2505e+10 1.3719e+11 2.05e+11 2.8548e+11 3.7464e+11 4.6341e+11
11.501 4.6271e+11 3.9236e+11 3.1041e+11 2.2582e+11 1.4833e+11 8.5433e+10 4.1033e+10 1.5469e+10 4.5245e+09 9.8007e+08 9.2371e+07 1.2978e+07 1.0505e+06 1.5658e+06 1.5038e+06 1.5477e+06 1.5856e+06 1.6263e+06 1.6658e+06 1.7057e+06 1.7469e+06 1.7868e+06 1.8279e+06 1.8677e+06 1.9009e+06 1.9496e+06 2.0018e+06 2.0651e+06 2.1358e+06 2.2169e+06 2.3151e+06 2.4262e+06 2.5463e+06 2.9064e+06 1.2826e+06 2.6081e+07 1.2298e+08 1.115e+09 5.0713e+09 1.4499e+10 3.485e+10 7.0605e+10 1.2094e+11 1.8379e+11 2.5842e+11 3.4215e+11 4.277e+11
11.714 4.327e+11 3.6215e+11 2.8233e+11 2.0203e+11 1.3002e+11 7.2712e+10 3.3511e+10 1.2162e+10 3.4766e+09 6.6415e+08 5.785e+07 1.0347e+07 6.2125e+05 1.3626e+06 1.3298e+06 1.3594e+06 1.3882e+06 1.4179e+06 1.451e+06 1.4807e+06 1.5122e+06 1.5437e+06 1.5745e+06 1.6057e+06 1.632e+06 1.6677e+06 1.7097e+06 1.7574e+06 1.8117e+06 1.8761e+06 1.9507e+06 2.0358e+06 2.1364e+06 2.3242e+06 1.7435e+06 1.34e+07 1.0147e+08 7.2817e+08 3.9016e+09 1.1844e+10 2.8839e+10 6.012e+10 1.0621e+11 1.6465e+11 2.3408e+11 3.1259e+11 3.9453e+11
11.927 4.0405e+11 3.3383e+11 2.5653e+11 1.8054e+11 1.1366e+11 6.1553e+10 2.7262e+10 9.6093e+09 2.6402e+09 4.3012e+08 4.594e+07 5.1043e+06 1.029e+06 1.1367e+06 1.1739e+06 1.1972e+06 1.2207e+06 1.243e+06 1.2675e+06 1.2912e+06 1.3147e+06 1.3393e+06 1.3623e+06 1.3863e+06 1.4066e+06 1.4329e+06 1.466e+06 1.5011e+06 1.5433e+06 1.5932e+06 1.648e+06 1.7143e+06 1.7958e+06 1.8509e+06 2.3624e+06 3.7231e+06 8.4694e+07 4.8531e+08 2.9098e+09 9.6607e+09 2.3947e+10 5.102e+10 9.2876e+10 1.4727e+11 2.1209e+11 2.8572e+11 3.6385e+11
12.14 3.7679e+11 3.0738e+11 2.3286e+11 1.6107e+11 9.8995e+10 5.1841e+10 2.2158e+10 7.6181e+09 1.9556e+09 2.7831e+08 3.8771e+07 1.0792e+06 1.2973e+06 9.9382e+05 1.0401e+06 1.057e+06 1.0767e+06 1.0954e+06 1.1121e+06 1.1312e+06 1.1488e+06 1.1668e+06 1.1848e+06 1.2025e+06 1.2173e+06 1.2382e+06 1.2621e+06 1.289e+06 1.321e+06 1.3575e+06 1.3993e+06 1.4509e+06 1.5118e+06 1.5419e+06 2.2319e+06 1.0369e+05 6.1459e+07 3.4799e+08 2.1095e+09 7.8058e+09 1.9962e+10 4.324e+10 8.0884e+10 1.3141e+11 1.9214e+11 2.6128e+11 3.3555e+11
12.353 3.5096e+11 2.8277e+11 2.1117e+11 1.434e+11 8.5873e+10 4.3488e+10 1.8036e+10 6.024e+09 1.4061e+09 1.9253e+08 2.8096e+07 10300 1.124e+06 9.0667e+05 9.247e+05 9.393e+05 9.5357e+05 9.6856e+05 9.8111e+05 9.9522e+05 1.009e+06 1.0219e+06 1.0358e+06 1.0487e+06 1.0592e+06 1.0758e+06 1.0922e+06 1.1132e+06 1.1364e+06 1.1625e+06 1.1956e+06 1.2335e+06 1.2772e+06 1.3258e+06 1.6155e+06 7.7852e+05 3.5512e+07 2.6885e+08 1.5085e+09 6.2053e+09 1.6672e+10 3.6672e+10 7.0199e+10 1.1692e+11 1.7393e+11 2.39e+11 3.095e+11
12.566 3.2659e+11 2.599e+11 1.9125e+11 1.2734e+11 7.4183e+10 3.6398e+10 1.4712e+10 4.7134e+09 9.9091e+08 1.4568e+08 1.5402e+07 8.1501e+05 7.9672e+05 8.2614e+05 8.2843e+05 8.3884e+05 8.4848e+05 8.5918e+05 8.7061e+05 8.8005e+05 8.905e+05 9.0025e+05 9.1019e+05 9.1977e+05 9.2778e+05 9.3928e+05 9.5161e+05 9.6687e+05 9.8328e+05 1.0027e+06 1.0271e+06 1.0536e+06 1.0851e+06 1.1367e+06 1.0837e+06 2.2947e+06 1.5242e+07 2.1031e+08 1.0904e+09 4.8384e+09 1.3895e+10 3.1163e+10 6.0787e+10 1.0371e+11 1.5723e+11 2.1864e+11 2.8553e+11
12.779 3.0365e+11 2.3868e+11 1.7294e+11 1.1272e+11 6.3852e+10 3.045e+10 1.2003e+10 3.6267e+09 7.017e+08 1.129e+08 5.7871e+06 1.5664e+06 6.2434e+05 7.3539e+05 7.4085e+05 7.5114e+05 7.5917e+05 7.6619e+05 7.7526e+05 7.8238e+05 7.8983e+05 7.9758e+05 8.042e+05 8.1148e+05 8.1765e+05 8.2482e+05 8.3477e+05 8.4468e+05 8.5656e+05 8.712e+05 8.8691e+05 9.0592e+05 9.2922e+05 9.6368e+05 8.6112e+05 2.5781e+06 5.1225e+06 1.5443e+08 8.1418e+08 3.7095e+09 1.1501e+10 2.6534e+10 5.2588e+10 9.1719e+10 1.4188e+11 1.9995e+11 2.6348e+11
12.992 2.821e+11 2.1897e+11 1.5607e+11 9.9448e+10 5.4813e+10 2.5491e+10 9.7544e+09 2.7427e+09 5.1353e+08 8.1397e+07 1.8943e+06 1.4022e+06 6.1362e+05 6.572e+05 6.6706e+05 6.737e+05 6.8113e+05 6.8736e+05 6.9303e+05 6.9924e+05 7.044e+05 7.0997e+05 7.1493e+05 7.2004e+05 7.2433e+05 7.2945e+05 7.3651e+05 7.4306e+05 7.5174e+05 7.617e+05 7.7165e+05 7.8557e+05 8.0266e+05 8.1977e+05 8.1617e+05 1.7e+06 3.3205e+06 1.011e+08 6.286e+08 2.8205e+09 9.4171e+09 2.2606e+10 4.5509e+10 8.0916e+10 1.2774e+11 1.8273e+11 2.4315e+11
13.205 2.6189e+11 2.0064e+11 1.4051e+11 8.7466e+10 4.6984e+10 2.1349e+10 7.8606e+09 2.0533e+09 3.9061e+08 5.1077e+07 2.1795e+06 7.4357e+05 6.1951e+05 5.9353e+05 6.0126e+05 6.0709e+05 6.1331e+05 6.1895e+05 6.2238e+05 6.2742e+05 6.315e+05 6.3517e+05 6.3916e+05 6.4253e+05 6.4512e+05 6.4964e+05 6.535e+05 6.586e+05 6.6429e+05 6.7021e+05 6.7763e+05 6.8691e+05 6.979e+05 7.0792e+05 7.6569e+05 7.2049e+05 4.6933e+06 5.8222e+07 4.8914e+08 2.1538e+09 7.6152e+09 1.9222e+10 3.9424e+10 7.1268e+10 1.1474e+11 1.6681e+11 2.2437e+11
13.418 2.4293e+11 1.8356e+11 1.2618e+11 7.6725e+10 4.0257e+10 1.7859e+10 6.2631e+09 1.5426e+09 2.9994e+08 2.7671e+07 3.2572e+06 3.1335e+05 5.6337e+05 5.4138e+05 5.4641e+05 5.5021e+05 5.5384e+05 5.5847e+05 5.6219e+05 5.6534e+05 5.687e+05 5.7123e+05 5.7424e+05 5.7655e+05 5.7828e+05 5.8159e+05 5.8374e+05 5.876e+05 5.9087e+05 5.9439e+05 6.0005e+05 6.0504e+05 6.1075e+05 6.1911e+05 6.6071e+05 3.2486e+05 5.1244e+06 3.1505e+07 3.6983e+08 1.6692e+09 6.0916e+09 1.6265e+10 3.4186e+10 6.2724e+10 1.0285e+11 1.5205e+11 2.0696e+11
13.631 2.2512e+11 1.6764e+11 1.1301e+11 6.7177e+10 3.4495e+10 1.4883e+10 4.9368e+09 1.178e+09 2.2219e+08 1.4836e+07 3.005e+06 3.1882e+05 4.8301e+05 4.9026e+05 4.9447e+05 4.9959e+05 5.0285e+05 5.0543e+05 5.0939e+05 5.1147e+05 5.1403e+05 5.1637e+05 5.1812e+05 5.2001e+05 5.2157e+05 5.2307e+05 5.2514e+05 5.2716e+05 5.2908e+05 5.3165e+05 5.3457e+05 5.3694e+05 5.3992e+05 5.4558e+05 5.497e+05 4.2089e+05 3.6222e+06 1.9735e+07 2.6413e+08 1.3146e+09 4.844e+09 1.3663e+10 2.9646e+10 5.5207e+10 9.2022e+10 1.3836e+11 1.9079e+11
13.844 2.0838e+11 1.5278e+11 1.0097e+11 5.8753e+10 2.9546e+10 1.2322e+10 3.8683e+09 9.1599e+08 1.5361e+08 1.0775e+07 1.603e+06 4.807e+05 4.2815e+05 4.461e+05 4.5038e+05 4.5407e+05 4.5726e+05 4.5976e+05 4.6261e+05 4.6477e+05 4.6651e+05 4.6848e+05 4.6971e+05 4.7117e+05 4.7244e+05 4.7299e+05 4.7495e+05 4.7559e+05 4.7701e+05 4.7871e+05 4.7917e+05 4.8066e+05 4.8269e+05 4.8459e+05 4.7415e+05 5.804e+05 1.481e+06 1.6438e+07 1.7712e+08 1.0403e+09 3.8553e+09 1.1383e+10 2.5668e+10 4.8614e+10 8.2232e+10 1.2569e+11 1.7571e+11
14.057 1.9261e+11 1.3894e+11 9.0037e+10 5.1362e+10 2.5266e+10 1.0121e+10 3.036e+09 7.1511e+08 9.9208e+07 1.0277e+07 3.4848e+05 5.1456e+05 3.9997e+05 4.0644e+05 4.0976e+05 4.1307e+05 4.1698e+05 4.1963e+05 4.2102e+05 4.2346e+05 4.2494e+05 4.2637e+05 4.2759e+05 4.2861e+05 4.2931e+05 4.3024e+05 4.3115e+05 4.3167e+05 4.3259e+05 4.3311e+05 4.3305e+05 4.3392e+05 4.3467e+05 4.3436e+05 4.2982e+05 5.6291e+05 1.8284e+05 1.4753e+07 1.1489e+08 8.1234e+08 3.0888e+09 9.4124e+09 2.2148e+10 4.2829e+10 7.3435e+10 1.14e+11 1.6164e+11
14.27 1.7775e+11 1.261e+11 8.0176e+10 4.4886e+10 2.1533e+10 8.2547e+09 2.4023e+09 5.4805e+08 6.3429e+07 8.9835e+06 17265 4.066e+05 3.7345e+05 3.7282e+05 3.7604e+05 3.7818e+05 3.8035e+05 3.8341e+05 3.849e+05 3.8678e+05 3.8832e+05 3.8925e+05 3.9059e+05 3.9129e+05 3.9162e+05 3.9293e+05 3.9293e+05 3.9387e+05 3.941e+05 3.9388e+05 3.9434e+05 3.9413e+05 3.9324e+05 3.9223e+05 3.9461e+05 4.2597e+05 67888 1.1271e+07 7.7394e+07 6.1611e+08 2.4944e+09 7.7471e+09 1.9016e+10 3.7726e+10 6.5572e+10 1.0325e+11 1.4851e+11
14.483 1.6376e+11 1.1422e+11 7.1333e+10 3.9197e+10 1.8261e+10 6.7048e+09 1.9179e+09 4.0515e+08 4.4593e+07 5.8675e+06 3.361e+05 2.9979e+05 3.393e+05 3.4004e+05 3.4337e+05 3.4641e+05 3.4864e+05 3.5039e+05 3.5274e+05 3.5395e+05 3.5549e+05 3.5659e+05 3.5756e+05 3.5832e+05 3.5881e+05 3.596e+05 3.5983e+05 3.6054e+05 3.6048e+05 3.6036e+05 3.6072e+05 3.5964e+05 3.5817e+05 3.5688e+05 3.5849e+05 3.1739e+05 4.8862e+05 6.4742e+06 5.7763e+07 4.5145e+08 2.0205e+09 6.3715e+09 1.6234e+10 3.3191e+10 5.8561e+10 9.3416e+10 1.3626e+11
14.696 1.506e+11 1.0332e+11 6.3431e+10 3.4171e+10 1.5398e+10 5.4476e+09 1.534e+09 2.8878e+08 3.5701e+07 2.5042e+06 6.1872e+05 2.7179e+05 3.071e+05 3.1184e+05 3.1502e+05 3.1797e+05 3.1964e+05 3.2134e+05 3.2369e+05 3.2488e+05 3.2614e+05 3.274e+05 3.2812e+05 3.2896e+05 3.2973e+05 3.2984e+05 3.3078e+05 3.3087e+05 3.3106e+05 3.3131e+05 3.3074e+05 3.2988e+05 3.2891e+05 3.275e+05 3.2502e+05 2.8982e+05 7.1925e+05 2.5225e+06 4.6453e+07 3.2325e+08 1.6266e+09 5.2543e+09 1.3785e+10 2.9132e+10 5.2309e+10 8.4473e+10 1.2486e+11
14.909 1.3827e+11 9.3345e+10 5.6377e+10 2.9706e+10 1.2918e+10 4.4437e+09 1.2149e+09 2.0339e+08 2.9249e+07 6.3961e+05 5.4118e+05 2.8401e+05 2.8211e+05 2.8605e+05 2.8838e+05 2.9081e+05 2.9392e+05 2.9554e+05 2.9694e+05 2.9866e+05 2.9977e+05 3.0102e+05 3.0179e+05 3.0264e+05 3.0329e+05 3.036e+05 3.0454e+05 3.0454e+05 3.0506e+05 3.0527e+05 3.0441e+05 3.0421e+05 3.0367e+05 3.022e+05 2.983e+05 2.9767e+05 5.6646e+05 7.6656e+05 3.6352e+07 2.328e+08 1.2894e+09 4.3501e+09 1.1662e+10 2.5482e+10 4.6715e+10 7.6369e+10 1.143e+11
15.122 1.2677e+11 8.4274e+10 5.0063e+10 2.5726e+10 1.0804e+10 3.6413e+09 9.4332e+08 1.478e+08 2.1495e+07 5.0996e+05 2.8248e+05 2.7596e+05 2.6139e+05 2.639e+05 2.6603e+05 2.6791e+05 2.6967e+05 2.722e+05 2.7319e+05 2.7493e+05 2.7613e+05 2.7704e+05 2.7815e+05 2.7885e+05 2.7927e+05 2.8025e+05 2.8061e+05 2.8123e+05 2.8166e+05 2.8166e+05 2.8156e+05 2.8147e+05 2.8078e+05 2.7926e+05 2.7695e+05 2.9018e+05 2.8449e+05 8.2401e+05 2.5299e+07 1.741e+08 1.0017e+09 3.6087e+09 9.8511e+09 2.2199e+10 4.1683e+10 6.9043e+10 1.0454e+11
15.335 1.1608e+11 7.6044e+10 4.4387e+10 2.2185e+10 9.032e+09 2.9865e+09 7.1682e+08 1.1384e+08 1.3127e+07 1.0562e+06 1.3435e+05 2.4218e+05 2.4014e+05 2.4209e+05 2.4463e+05 2.4649e+05 2.486e+05 2.5023e+05 2.5185e+05 2.5315e+05 2.5453e+05 2.5549e+05 2.5656e+05 2.5732e+05 2.5773e+05 2.5886e+05 2.5909e+05 2.6008e+05 2.6039e+05 2.6051e+05 2.6117e+05 2.6077e+05 2.5988e+05 2.5875e+05 2.5789e+05 2.6218e+05 1.4441e+05 1.3637e+06 1.4975e+07 1.3603e+08 7.6521e+08 2.9854e+09 8.3275e+09 1.9264e+10 3.7131e+10 6.2421e+10 9.5558e+10
15.548 1.062e+11 6.8577e+10 3.9264e+10 1.906e+10 7.5637e+09 2.4362e+09 5.386e+08 9.0595e+07 6.7361e+06 1.208e+06 1.6277e+05 2.1112e+05 2.2029e+05 2.229e+05 2.2542e+05 2.2797e+05 2.2893e+05 2.3051e+05 2.3255e+05 2.3355e+05 2.3482e+05 2.3593e+05 2.3682e+05 2.3768e+05 2.3842e+05 2.3904e+05 2.3986e+05 2.4059e+05 2.4107e+05 2.4164e+05 2.4217e+05 2.4188e+05 2.4142e+05 2.4102e+05 2.4016e+05 2.3431e+05 1.7782e+05 1.3927e+06 7.8449e+06 1.0746e+08 5.8196e+08 2.4492e+09 7.0529e+09 1.6665e+10 3.2997e+10 5.6423e+10 8.7328e+10
15.761 9.7094e+10 6.1789e+10 3.4629e+10 1.6333e+10 6.3484e+09 1.9647e+09 4.0817e+08 7.0066e+07 3.7553e+06 7.6428e+05 2.343e+05 1.9659e+05 2.0316e+05 2.0541e+05 2.0739e+05 2.0922e+05 2.1171e+05 2.1277e+05 2.1437e+05 2.1569e+05 2.168e+05 2.1806e+05 2.1883e+05 2.1979e+05 2.206e+05 2.2102e+05 2.2224e+05 2.2266e+05 2.2352e+05 2.2437e+05 2.2446e+05 2.2487e+05 2.2515e+05 2.2504e+05 2.2408e+05 2.1796e+05 2.5045e+05 8.4739e+05 4.6841e+06 8.1701e+07 4.4799e+08 1.985e+09 5.9812e+09 1.4392e+10 2.9239e+10 5.0971e+10 7.9798e+10
15.974 8.8724e+10 5.5598e+10 3.0442e+10 1.3984e+10 5.3309e+09 1.5631e+09 3.1728e+08 5.0031e+07 3.3483e+06 2.1492e+05 2.3463e+05 1.8794e+05 1.8834e+05 1.9029e+05 1.9177e+05 1.9356e+05 1.9498e+05 1.97e+05 1.9791e+05 1.9944e+05 2.0049e+05 2.015e+05 2.025e+05 2.0334e+05 2.0399e+05 2.0482e+05 2.0575e+05 2.0644e+05 2.0742e+05 2.0817e+05 2.0852e+05 2.094e+05 2.0999e+05 2.0981e+05 2.0933e+05 2.0823e+05 2.5831e+05 2.4777e+05 4.1672e+06 5.7679e+07 3.5262e+08 1.5893e+09 5.0668e+09 1.2426e+10 2.5833e+10 4.5993e+10 7.2914e+10
16.187 8.1027e+10 4.9933e+10 2.6684e+10 1.1979e+10 4.4625e+09 1.232e+09 2.5239e+08 3.2674e+07 3.5282e+06 7672.1 1.7794e+05 1.7431e+05 1.7376e+05 1.7561e+05 1.7743e+05 1.7849e+05 1.8048e+05 1.819e+05 1.8299e+05 1.8433e+05 1.8551e+05 1.8642e+05 1.8748e+05 1.8828e+05 1.8876e+05 1.8998e+05 1.905e+05 1.9164e+05 1.9245e+05 1.9313e+05 1.9417e+05 1.9493e+05 1.9538e+05 1.9548e+05 1.955e+05 1.9732e+05 2.1041e+05 12315 4.1927e+06 3.775e+07 2.8197e+08 1.2633e+09 4.2733e+09 1.0737e+10 2.2766e+10 4.1431e+10 6.6613e+10
16.4 7.3939e+10 4.474e+10 2.3339e+10 1.0273e+10 3.7102e+09 9.7105e+08 2.0055e+08 2.0783e+07 2.9421e+06 1.2948e+05 1.3524e+05 1.5815e+05 1.6021e+05 1.6211e+05 1.6402e+05 1.6606e+05 1.6666e+05 1.6815e+05 1.6967e+05 1.7058e+05 1.7173e+05 1.7265e+05 1.7361e+05 1.7441e+05 1.7503e+05 1.7601e+05 1.7669e+05 1.7783e+05 1.786e+05 1.7944e+05 1.8073e+05 1.8128e+05 1.8177e+05 1.8249e+05 1.8288e+05 1.8394e+05 1.6695e+05 1.2152e+05 3.4603e+06 2.424e+07 2.2416e+08 1.0055e+09 3.5775e+09 9.2849e+09 2.0029e+10 3.7244e+10 6.083e+10
16.613 6.7392e+10 3.9986e+10 2.0391e+10 8.8111e+09 3.0578e+09 7.7319e+08 1.5447e+08 1.476e+07 1.6551e+06 2.8061e+05 1.3256e+05 1.4538e+05 1.4835e+05 1.5001e+05 1.5167e+05 1.5301e+05 1.5482e+05 1.5549e+05 1.5703e+05 1.5799e+05 1.5899e+05 1.6009e+05 1.6081e+05 1.6169e+05 1.6246e+05 1.6302e+05 1.6415e+05 1.6491e+05 1.6585e+05 1.6696e+05 1.6784e+05 1.6865e+05 1.6957e+05 1.706e+05 1.7136e+05 1.7104e+05 1.5626e+05 2.9045e+05 2.0287e+06 1.7142e+07 1.7291e+08 8.0785e+08 2.9694e+09 8.0272e+09 1.7607e+10 3.3406e+10 5.5506e+10
16.826 6.1331e+10 3.5654e+10 1.7815e+10 7.5437e+09 2.5014e+09 6.2399e+08 1.1354e+08 1.2359e+07 5.3065e+05 2.6649e+05 1.4132e+05 1.3628e+05 1.3804e+05 1.3931e+05 1.4042e+05 1.4203e+05 1.4309e+05 1.4456e+05 1.4543e+05 1.4657e+05 1.4744e+05 1.4837e+05 1.4917e+05 1.4996e+05 1.5067e+05 1.5127e+05 1.5238e+05 1.5303e+05 1.5413e+05 1.5522e+05 1.5586e+05 1.571e+05 1.5835e+05 1.5928e+05 1.602e+05 1.6013e+05 1.615e+05 3.1244e+05 7.1875e+05 1.4104e+07 1.277e+08 6.5658e+08 2.447e+09 6.9247e+09 1.548e+10 2.9901e+10 5.0589e+10
17.039 5.5711e+10 3.1732e+10 1.557e+10 6.4316e+09 2.0402e+09 5.0642e+08 8.0659e+07 1.0625e+07 1.5093e+05 1.4461e+05 1.3424e+05 1.2703e+05 1.2795e+05 1.2941e+05 1.3062e+05 1.3124e+05 1.3293e+05 1.3401e+05 1.3475e+05 1.3592e+05 1.3681e+05 1.3761e+05 1.3847e+05 1.3918e+05 1.3967e+05 1.4063e+05 1.4133e+05 1.4225e+05 1.4323e+05 1.4413e+05 1.4509e+05 1.4635e+05 1.4751e+05 1.484e+05 1.4923e+05 1.5035e+05 1.5892e+05 2.0664e+05 1.483e+05 1.2143e+07 9.11e+07 5.3617e+08 2.0104e+09 5.9479e+09 1.3615e+10 2.672e+10 4.6038e+10
17.252 5.0505e+10 2.8211e+10 1.3608e+10 5.4517e+09 1.6689e+09 4.0707e+08 5.8012e+07 8.0012e+06 3.461e+05 64623 1.1571e+05 1.1716e+05 1.1839e+05 1.1974e+05 1.2112e+05 1.2259e+05 1.2308e+05 1.2441e+05 1.2534e+05 1.2616e+05 1.2707e+05 1.2775e+05 1.286e+05 1.2924e+05 1.2969e+05 1.3068e+05 1.3119e+05 1.3228e+05 1.3307e+05 1.3391e+05 1.3522e+05 1.3616e+05 1.3709e+05 1.3819e+05 1.3922e+05 1.4071e+05 1.4514e+05 1.0676e+05 2.5359e+05 9.4743e+06 6.5114e+07 4.3424e+08 1.6552e+09 5.0793e+09 1.1976e+10 2.3855e+10 4.1826e+10
17.465 4.5698e+10 2.5069e+10 1.188e+10 4.5948e+09 1.3746e+09 3.1984e+08 4.4479e+07 4.8653e+06 5.6259e+05 77023 1.0264e+05 1.0841e+05 1.0991e+05 1.1126e+05 1.126e+05 1.1356e+05 1.1474e+05 1.1522e+05 1.165e+05 1.1716e+05 1.1798e+05 1.188e+05 1.1942e+05 1.2011e+05 1.2068e+05 1.213e+05 1.2207e+05 1.2292e+05 1.2369e+05 1.2464e+05 1.258e+05 1.2662e+05 1.2759e+05 1.2891e+05 1.303e+05 1.314e+05 1.3049e+05 88734 5.3157e+05 6.126e+06 4.9011e+07 3.4446e+08 1.371e+09 4.3119e+09 1.0525e+10 2.1289e+10 3.7936e+10
17.678 4.1283e+10 2.2277e+10 1.0344e+10 3.8582e+09 1.1384e+09 2.4514e+08 3.6242e+07 2.4582e+06 4.7734e+05 1.1791e+05 98679 1.0135e+05 1.0262e+05 1.0349e+05 1.0437e+05 1.0572e+05 1.065e+05 1.0748e+05 1.0829e+05 1.0904e+05 1.0972e+05 1.1048e+05 1.1105e+05 1.1169e+05 1.1229e+05 1.127e+05 1.1366e+05 1.1421e+05 1.151e+05 1.161e+05 1.1683e+05 1.1788e+05 1.1907e+05 1.2032e+05 1.217e+05 1.2278e+05 1.2143e+05 1.2206e+05 5.7347e+05 3.188e+06 3.9473e+07 2.6634e+08 1.1423e+09 3.6442e+09 9.2288e+09 1.9001e+10 3.4357e+10
17.891 3.7253e+10 1.9793e+10 8.9717e+09 3.2387e+09 9.416e+08 1.8588e+08 2.9372e+07 1.4631e+06 2.0298e+05 1.2128e+05 95398 94688 95651 96704 97526 97985 99245 1.0001e+05 1.0059e+05 1.0148e+05 1.021e+05 1.0277e+05 1.0337e+05 1.0395e+05 1.044e+05 1.0498e+05 1.0571e+05 1.063e+05 1.0718e+05 1.0802e+05 1.087e+05 1.0988e+05 1.1109e+05 1.121e+05 1.1317e+05 1.1456e+05 1.1574e+05 1.4216e+05 3.5349e+05 1.5634e+06 3.2505e+07 2.0226e+08 9.5263e+08 3.0751e+09 8.0628e+09 1.6962e+10 3.1082e+10
18.104 3.3597e+10 1.7574e+10 7.7484e+09 2.726e+09 7.7135e+08 1.4301e+08 2.2063e+07 1.4801e+06 18319 90747 88106 87823 88804 89790 90699 91678 92231 93323 93800 94519 95185 95658 96329 96795 97119 97902 98305 99118 99795 1.0048e+05 1.0142e+05 1.0239e+05 1.0335e+05 1.043e+05 1.0531e+05 1.0667e+05 1.093e+05 1.2682e+05 1.0399e+05 1.2339e+06 2.5528e+07 1.5398e+08 7.8906e+08 2.5991e+09 7.0131e+09 1.5138e+10 2.8102e+10
18.317 3.0291e+10 1.5577e+10 6.6684e+09 2.3027e+09 6.2257e+08 1.1371e+08 1.4933e+07 1.6002e+06 31277 66930 79985 81617 82650 83689 84774 85476 86157 86596 87540 88036 88662 89222 89741 90233 90585 91202 91633 92392 92957 93625 94651 95331 96117 97193 98391 99493 1.0146e+05 99468 14023 1.4535e+06 1.8202e+07 1.2034e+08 6.4469e+08 2.2048e+09 6.0742e+09 1.3497e+10 2.5402e+10
18.53 2.7305e+10 1.3772e+10 5.7291e+09 1.9478e+09 4.9609e+08 9.2571e+07 9.5527e+06 1.2778e+06 1.2615e+05 66996 74647 76443 77308 78004 78702 79759 80392 81005 81709 82184 82723 83273 83690 84162 84613 84935 85596 86088 86690 87424 88141 88830 89674 90776 91965 93111 93918 85620 73259 1.465e+06 1.1723e+07 9.729e+07 5.184e+08 1.8761e+09 5.2451e+09 1.2009e+10 2.2964e+10
18.743 2.4601e+10 1.2137e+10 4.9239e+09 1.6424e+09 3.9418e+08 7.4619e+07 6.6799e+06 6.5293e+05 1.5556e+05 74353 70937 71677 72458 73169 73811 74252 75065 75595 76142 76758 77200 77745 78133 78590 78975 79279 79936 80288 80952 81638 82089 82943 83872 84753 85719 86929 87647 86037 1.5005e+05 1.0373e+06 7.3499e+06 7.9795e+07 4.122e+08 1.5964e+09 4.5242e+09 1.0654e+10 2.076e+10
18.956 2.2141e+10 1.0665e+10 4.2393e+09 1.3743e+09 3.1642e+08 5.7642e+07 5.6429e+06 1.8177e+05 99549 71409 66480 66789 67534 68274 68816 69441 70111 70914 71140 71750 72221 72579 73062 73410 73677 74190 74570 75071 75628 76160 76710 77521 78332 79026 79809 80806 82111 87014 1.5287e+05 4.5075e+05 5.2987e+06 6.4121e+07 3.2774e+08 1.3518e+09 3.9059e+09 9.4205e+09 1.8761e+10
19.169 1.9892e+10 9.3507e+09 3.6554e+09 1.1391e+09 2.5826e+08 4.2308e+07 5.0623e+06 95444 38738 60694 61490 62205 62993 63785 64649 65160 65510 66001 66623 67044 67507 67889 68317 68663 68870 69416 69654 70251 70665 71118 71851 72415 73010 73721 74516 75323 76694 81224 98161 84844 4.6846e+06 4.9058e+07 2.639e+08 1.1346e+09 3.3792e+09 8.3037e+09 1.6939e+10
19.382 1.7831e+10 8.1918e+09 3.1506e+09 9.3773e+08 2.1281e+08 3.04e+07 4.0126e+06 2.361e+05 31263 53455 57355 58356 59004 59587 60155 60932 61492 61862 62429 62751 63189 63570 63906 64241 64541 64868 65245 65705 66092 66574 67230 67650 68181 68965 69818 70670 71521 72404 52405 57718 4.2897e+06 3.5529e+07 2.1638e+08 9.4227e+08 2.9289e+09 7.3023e+09 1.527e+10
19.595 1.5945e+10 7.1793e+09 2.7065e+09 7.7148e+08 1.7396e+08 2.2757e+07 2.5563e+06 3.1455e+05 57544 52431 54202 54926 55502 56018 56560 57033 57464 57865 58411 58801 59132 59572 59831 60187 60501 60672 61193 61447 61903 62420 62790 63319 63929 64628 65395 66270 66903 66109 48590 1.9836e+05 3.4114e+06 2.5092e+07 1.7931e+08 7.7628e+08 2.5382e+09 6.415e+09 1.3734e+10
19.808 1.4229e+10 6.2976e+09 2.3119e+09 6.386e+08 1.3883e+08 1.8444e+07 1.3354e+06 2.2042e+05 69825 51818 50969 51429 52016 52534 52869 53269 53997 54503 54652 55141 55485 55785 56114 56393 56637 56922 57310 57586 58041 58470 58770 59381 60003 60512 61093 61791 62666 62856 66804 2.7465e+05 2.1511e+06 1.8431e+07 1.4759e+08 6.3825e+08 2.193e+09 5.6374e+09 1.2321e+10
20.021 1.268e+10 5.5263e+09 1.9628e+09 5.3317e+08 1.0784e+08 1.5517e+07 7.9814e+05 66945 55065 47984 47486 48009 48594 49221 49844 50237 50411 50956 51326 51702 52032 52311 52652 52909 53056 53477 53666 54082 54419 54757 55205 55703 56189 56627 57105 57680 58554 59992 74418 2.0643e+05 1.053e+06 1.4814e+07 1.1858e+08 5.2755e+08 1.8839e+09 4.9598e+09 1.1027e+10
20.234 1.1294e+10 4.8443e+09 1.6596e+09 4.4692e+08 8.2853e+07 1.246e+07 8.0973e+05 360.62 36547 43322 44438 45063 45596 46072 46568 47078 47592 47818 48228 48497 48861 49116 49410 49647 49827 50174 50361 50780 51050 51366 51907 52215 52577 53088 53638 54207 54762 56149 63735 79774 5.1949e+05 1.2644e+07 9.2311e+07 4.4032e+08 1.6068e+09 4.3686e+09 9.8493e+09
20.447 1.0062e+10 4.2342e+09 1.403e+09 3.7258e+08 6.4793e+07 9.0309e+06 8.944e+05 37669 33460 40629 41964 42537 42958 43371 43818 44323 44486 44836 45346 45575 45835 46176 46375 46647 46887 47037 47394 47642 47942 48312 48689 48997 49378 49918 50490 51063 51519 52060 49444 10363 5.041e+05 1.0503e+07 7.0297e+07 3.704e+08 1.362e+09 3.8481e+09 8.7884e+09
20.66 8.9676e+09 3.6858e+09 1.1901e+09 3.0632e+08 5.2556e+07 5.9732e+06 7.3231e+05 88620 39957 39207 39614 40036 40487 40848 41108 41367 42053 42301 42478 42847 43119 43382 43601 43832 44055 44199 44567 44733 45087 45444 45650 46073 46523 46946 47414 47919 48540 48689 44140 26403 6.4624e+05 7.9007e+06 5.3781e+07 3.1147e+08 1.151e+09 3.3838e+09 7.8408e+09
20.873 7.9907e+09 3.1951e+09 1.0141e+09 2.4797e+08 4.3616e+07 4.0355e+06 3.8623e+05 83735 41440 37131 37068 37475 37931 38399 38796 39136 39245 39791 40002 40319 40542 40771 41028 41234 41371 41644 41859 42111 42414 42698 42946 43381 43796 44108 44448 44878 45478 45959 45911 70908 6.2763e+05 5.2527e+06 4.261e+07 2.5909e+08 9.7389e+08 2.9647e+09 6.9992e+09
21.086 7.1116e+09 2.7624e+09 8.6567e+08 1.9925e+08 3.5647e+07 3.2452e+06 1.1846e+05 40077 35251 34336 34735 35195 35618 36035 36462 36742 37209 37360 37624 37891 38193 38366 38622 38794 38903 39232 39335 39681 39896 40129 40519 40813 41117 41443 41794 42191 42571 43351 46497 83616 4.0293e+05 3.2601e+06 3.5204e+07 2.1171e+08 8.2801e+08 2.5849e+09 6.2524e+09
21.299 6.3145e+09 2.3875e+09 7.3637e+08 1.6121e+08 2.7777e+07 2.9725e+06 71825 12713 29398 32086 32843 33263 33605 33925 34297 34793 34815 35152 35571 35707 35910 36159 36338 36542 36704 36885 37089 37353 37556 37812 38188 38390 38647 39047 39464 39848 40179 40714 42857 58609 1.4336e+05 2.2594e+06 2.9477e+07 1.7007e+08 7.0776e+08 2.243e+09 5.5865e+09
21.512 5.5897e+09 2.0673e+09 6.2117e+08 1.3274e+08 2.0594e+07 2.551e+06 1.5658e+05 21102 28603 30595 31089 31460 31786 32073 32309 32492 33057 33123 33359 33623 33860 34084 34234 34422 34613 34703 35003 35144 35398 35684 35898 36166 36478 36856 37254 37650 38081 38295 38147 29997 19901 2.0026e+06 2.3953e+07 1.3569e+08 6.0623e+08 1.9398e+09 4.9873e+09
21.725 4.9336e+09 1.7943e+09 5.1901e+08 1.1086e+08 1.5135e+07 1.8045e+06 1.9955e+05 39048 29548 29063 29246 29565 29924 30241 30487 30794 30897 31385 31518 31760 31904 32104 32288 32463 32603 32746 32991 33127 33396 33647 33791 34142 34486 34754 35059 35419 35858 36181 35453 23636 50420 1.9318e+06 1.8333e+07 1.0927e+08 5.1736e+08 1.6762e+09 4.4428e+09
21.938 4.346e+09 1.5586e+09 4.312e+08 9.2292e+07 1.177e+07 1.032e+06 1.3569e+05 39597 28105 27200 27427 27772 28116 28479 28813 28946 29351 29465 29624 29893 30141 30272 30478 30611 30695 30957 31054 31299 31496 31691 31934 32229 32515 32744 32987 33294 33624 34161 34383 34095 1.2551e+05 1.6353e+06 1.324e+07 8.988e+07 4.3746e+08 1.4508e+09 3.9452e+09
22.151 3.8266e+09 1.351e+09 3.5891e+08 7.5182e+07 9.8833e+06 5.8735e+05 38525 25861 25005 25474 25934 26270 26545 26811 27125 27545 27532 27866 28158 28257 28410 28581 28754 28904 28999 29206 29307 29561 29713 29894 30214 30395 30603 30882 31174 31463 31746 32153 33097 41437 1.4077e+05 1.0899e+06 9.4526e+06 7.5319e+07 3.6563e+08 1.2597e+09 3.4907e+09
22.364 3.3722e+09 1.1649e+09 3.0124e+08 5.9542e+07 8.4196e+06 5.1975e+05 312.4 16841 23043 24206 24633 24917 25171 25396 25624 25795 26194 26169 26442 26626 26840 27023 27135 27284 27431 27528 27728 27884 28056 28267 28514 28676 28888 29209 29540 29849 30161 30341 31039 37018 85911 5.526e+05 7.2249e+06 6.3156e+07 3.0285e+08 1.0965e+09 3.0789e+09
22.577 2.9754e+09 9.9826e+08 2.5502e+08 4.6475e+07 6.704e+06 5.8466e+05 27978 19481 22589 23044 23265 23543 23807 24039 24195 24455 24581 24966 25082 25248 25341 25515 25645 25794 25928 25990 26231 26314 26528 26746 26864 27114 27375 27636 27921 28226 28552 28812 28934 28056 22713 2.6499e+05 6.1168e+06 5.1834e+07 2.504e+08 9.5424e+08 2.7106e+09
22.79 2.6265e+09 8.5162e+08 2.1616e+08 3.6809e+07 4.8094e+06 5.3187e+05 60233 24534 21905 21691 21880 22137 22423 22696 22945 23025 23345 23441 23544 23791 23991 24110 24259 24371 24456 24627 24752 24898 25086 25259 25396 25666 25923 26108 26320 26579 26882 27316 27339 23967 3784.9 2.4835e+05 5.3658e+06 4.1104e+07 2.085e+08 8.2724e+08 2.386e+09
23.003 2.3153e+09 7.2617e+08 1.8152e+08 3.0229e+07 3.2466e+06 3.2999e+05 53031 23347 20302 20374 20666 20930 21163 21414 21659 21953 21984 22302 22466 22571 22681 22792 22955 23065 23122 23318 23379 23589 23717 23859 24084 24275 24471 24661 24861 25098 25358 25710 26062 25345 25046 3.3311e+05 4.4175e+06 3.1678e+07 1.757e+08 7.1229e+08 2.1029e+09
23.216 2.0343e+09 6.2146e+08 1.5005e+08 2.5463e+07 2.3711e+06 1.2934e+05 21589 18191 18779 19329 19666 19902 20096 20264 20498 20684 20913 20877 21141 21267 21460 21604 21700 21815 21912 22039 22143 22315 22433 22581 22828 22942 23097 23340 23591 23828 24064 24238 24751 26784 47228 3.4106e+05 3.2123e+06 2.4379e+07 1.4936e+08 6.0873e+08 1.8569e+09
23.429 1.7799e+09 5.3452e+08 1.2246e+08 2.1185e+07 2.0629e+06 60199 4500.7 15596 17978 18433 18668 18878 19087 19269 19375 19581 19737 20002 20129 20241 20308 20448 20547 20668 20786 20820 21016 21096 21248 21422 21560 21716 21897 22140 22393 22639 22879 23075 23363 25143 44692 2.2991e+05 2.0698e+06 1.9424e+07 1.2677e+08 5.1749e+08 1.6413e+09
23.642 1.5518e+09 4.6078e+08 9.9911e+07 1.6839e+07 1.8945e+06 1.0311e+05 12817 16614 17369 17450 17597 17820 18038 18232 18414 18498 18721 18808 18898 19089 19248 19371 19466 19567 19656 19747 19896 19972 20141 20297 20380 20594 20805 20980 21181 21411 21671 21994 22093 22114 25658 87173 1.3268e+06 1.6247e+07 1.0614e+08 4.3961e+08 1.4496e+09
23.855 1.351e+09 3.9589e+08 8.2661e+07 1.276e+07 1.545e+06 1.4458e+05 25873 17387 16375 16419 16626 16822 17031 17253 17434 17604 17710 17980 18051 18180 18258 18327 18472 18555 18603 18753 18820 18965 19087 19209 19341 19537 19722 19858 20009 20208 20449 20755 20990 20315 12626 13841 1.0515e+06 1.3876e+07 8.7109e+07 3.7506e+08 1.2763e+09
24.068 1.1775e+09 3.373e+08 6.9622e+07 9.5946e+06 1.0336e+06 1.1441e+05 24867 15838 15266 15565 15820 16014 16169 16319 16535 16724 16820 16832 17045 17130 17295 17411 17497 17585 17638 17787 17829 17996 18085 18193 18395 18507 18641 18808 18981 19165 19355 19543 19935 19943 14642 29118 1.0301e+06 1.1528e+07 7.0329e+07 3.2215e+08 1.1183e+09
24.281 1.029e+09 2.8473e+08 5.8972e+07 7.6181e+06 6.0031e+05 43943 14045 13760 14512 14864 15076 15252 15405 15542 15647 15807 15975 16125 16263 16351 16412 16508 16598 16690 16783 16826 16957 17055 17155 17282 17444 17537 17661 17862 18067 18256 18437 18595 18859 19557 22543 74149 9.768e+05 8.9977e+06 5.6663e+07 2.7802e+08 9.7489e+08
24.494 9.0112e+08 2.3921e+08 4.924e+07 6.4927e+06 4.1605e+05 3485.3 8130.2 13100 13981 14131 14277 14445 14624 14768 14885 14991 15127 15219 15321 15436 15559 15691 15742 15835 15920 15963 16109 16157 16291 16426 16504 16650 16805 16977 17164 17358 17562 17781 17869 18452 24533 85512 7.5844e+05 6.593e+06 4.6403e+07 2.3967e+08 8.4682e+08
24.706 7.8857e+08 2.016e+08 4.0028e+07 5.5887e+06 4.2473e+05 15186 11315 13267 13281 13345 13480 13655 13820 14000 14142 14224 14387 14578 14596 14749 14810 14853 14974 15041 15096 15184 15277 15357 15477 15588 15657 15833 15997 16111 16250 16419 16624 16869 17035 17130 19453 53339 4.5004e+05 4.7591e+06 3.897e+07 2.0498e+08 7.3499e+08
24.919 6.8729e+08 1.7145e+08 3.1871e+07 4.5043e+06 4.4009e+05 41695 15528 12786 12455 12634 12828 12973 13120 13261 13431 13598 13624 13710 13857 13914 14039 14141 14213 14283 14312 14456 14477 14612 14692 14780 14916 15041 15170 15281 15399 15551 15718 15913 16232 16187 14223 13995 2.1415e+05 3.6869e+06 3.3223e+07 1.7319e+08 6.3934e+08
25.132 5.9545e+08 1.4696e+08 2.5475e+07 3.3014e+06 3.4664e+05 42669 14274 11650 11804 12068 12254 12401 12510 12620 12746 12872 13025 13083 13208 13298 13369 13418 13512 13578 13640 13708 13776 13889 13958 14046 14205 14275 14371 14518 14669 14812 14959 15105 15355 15558 13523 1310.5 1.3907e+05 3.1833e+06 2.8082e+07 1.4477e+08 5.5827e+08
25.345 5.1327e+08 1.2587e+08 2.0986e+07 2.3136e+06 1.879e+05 19725 10134 10836 11352 11524 11655 11795 11933 12039 12112 12234 12309 12412 12537 12582 12666 12801 12824 12907 12979 13011 13126 13178 13271 13378 13477 13563 13669 13828 13989 14141 14291 14435 14523 14900 15420 14721 1.7746e+05 2.8523e+06 2.3025e+07 1.2056e+08 4.8897e+08
25.558 4.418e+08 1.0665e+08 1.7827e+07 1.7638e+06 79449 2116.9 8531.2 10597 10852 10917 11030 11165 11308 11444 11553 11595 11775 11878 11879 12035 12101 12126 12224 12279 12342 12377 12489 12528 12636 12737 12780 12917 13047 13161 13295 13443 13603 13776 13876 14111 15928 29565 2.1512e+05 2.3908e+06 1.8203e+07 1.0104e+08 4.282e+08
25.771 3.8141e+08 8.8993e+07 1.5146e+07 1.5603e+06 70782 5244.5 9908.7 10309 10223 10340 10473 10604 10723 10855 10982 11106 11115 11261 11355 11398 11469 11570 11621 11682 11706 11818 11850 11940 12020 12099 12176 12305 12426 12509 12606 12734 12888 13070 13301 13348 14175 28331 1.8147e+05 1.7645e+06 1.4114e+07 8.5802e+07 3.7338e+08
25.984 3.3098e+08 7.3561e+07 1.2421e+07 1.4223e+06 1.084e+05 16763 10772 9652.6 9670.1 9866.9 10024 10133 10235 10327 10454 10560 10684 10693 10781 10878 10971 10980 11080 11123 11159 11244 11273 11384 11437 11504 11628 11705 11794 11892 11993 12108 12234 12383 12614 12722 12261 15611 95775 1.1558e+06 1.1137e+07 7.3683e+07 3.232e+08
26.197 2.8812e+08 6.1065e+07 9.7214e+06 1.1529e+06 1.1356e+05 18801 9522.8 9001.5 9285.5 9446.7 9573.6 9689.7 9782.9 9867.3 9934.3 10053 10091 10194 10336 10340 10379 10510 10519 10592 10644 10688 10758 10825 10887 10965 11081 11131 11206 11334 11462 11577 11690 11795 11907 12169 11692 6486.1 25290 7.6111e+05 9.2311e+06 6.3304e+07 2.7762e+08
26.41 2.5027e+08 5.1508e+07 7.4647e+06 7.8574e+05 68700 10520 7927.2 8661.8 8916 8993.9 9083.1 9197.7 9318.5 9414.9 9484.9 9527 9691 9729.8 9738.5 9867.1 9956.4 9967.5 10047 10092 10155 10162 10271 10297 10382 10468 10518 10607 10701 10816 10940 11062 11184 11298 11365 11591 11869 7847.9 11235 6.2366e+05 7.9772e+06 5.3693e+07 2.374e+08
26.623 2.1578e+08 4.4085e+07 5.9445e+06 4.9031e+05 19018 3909.5 7672.7 8412.9 8447 8522.6 8623.7 8726.3 8833.8 8950 9049.1 9123.8 9147.7 9307.4 9367.4 9411.6 9426.4 9530.7 9558.5 9618.5 9647 9715.9 9769.9 9815.9 9897.4 9971.3 10011 10125 10231 10307 10400 10513 10644 10795 10940 10999 11603 13710 36974 6.2219e+05 6.8671e+06 4.4605e+07 2.032e+08
26.836 1.8439e+08 3.7693e+07 5.0546e+06 3.7136e+05 6767.7 5484.5 8104.7 7981.7 7982.4 8123.4 8244.4 8341.5 8422.6 8510.4 8617.7 8708.8 8799.6 8806.7 8853.3 8945 9061.9 9044.8 9143.9 9169.3 9193.5 9275 9295 9383.7 9433.9 9490.3 9568.8 9657.7 9745.8 9811.9 9884.8 9983.1 10097 10240 10432 10486 10749 15524 57567 5.9261e+05 5.6211e+06 3.6404e+07 1.7499e+08
27.049 1.568e+08 3.1627e+07 4.406e+06 3.7499e+05 25406 9923.5 7871.3 7486.7 7642 7791.2 7904.1 7992 8072 8136.2 8214.9 8315.9 8341.9 8429.9 8562.5 8564.5 8561.9 8677.4 8685.2 8748.6 8777.6 8841 8869.3 8947.1 8989.8 9045.8 9155.2 9198.2 9260.9 9352.4 9442.3 9533.1 9627.6 9723.4 9857.1 10052 9968.4 11984 47859 4.6086e+05 4.2949e+06 2.9628e+07 1.5183e+08
27.262 1.3369e+08 2.5893e+07 3.6691e+06 3.6818e+05 38448 10151 7014.8 7151.4 7364 7444.6 7531.5 7626.7 7711.1 7786.7 7829.8 7887.5 8006.7 8013.4 8049.2 8128.1 8241.9 8245.7 8311.8 8343.2 8401.8 8404.8 8490 8524.7 8582.4 8649.1 8718.4 8768.8 8833.3 8938.2 9044.3 9137.6 9230.1 9313.6 9383.3 9601 9583.4 8072 20065 2.7663e+05 3.144e+06 2.4522e+07 1.3226e+08
27.475 1.1496e+08 2.096e+07 2.8143e+06 2.8119e+05 27330 6647 6470.6 6931.7 7018.6 7075 7146.6 7238 7337.6 7424.1 7499.3 7539.9 7594.6 7731.3 7768.9 7825.4 7797.6 7899.1 7909.4 7970.2 8002.1 8034.4 8103.3 8122.6 8196.5 8264.5 8293.6 8379 8460.7 8540.6 8632.4 8731 8831.9 8940.5 9025.9 9107.7 9334.6 7557.9 1493.6 1.391e+05 2.3788e+06 2.0844e+07 1.1483e+08
27.688 9.9599e+07 1.7216e+07 2.0501e+06 1.5786e+05 7125.8 4515.4 6463.2 6629.4 6635.8 6734.8 6828.3 6903.8 6976.8 7066.1 7149.5 7220.9 7278.7 7302.4 7326 7395.8 7522.1 7501.8 7588.4 7602.1 7628.4 7688 7718.7 7775.8 7829.2 7880.9 7921.7 8012 8094.7 8146.5 8212.8 8298 8402.1 8523.5 8656.5 8676.1 8931 9262.2 3926 99568 1.998e+06 1.8005e+07 9.8679e+07
27.901 8.6251e+07 1.4586e+07 1.5697e+06 81929 166.05 5574.9 6392.8 6248.7 6334.3 6457.8 6556.5 6632.1 6692.4 6745.7 6829.3 6910.3 6943.4 7019.7 7113.1 7140.7 7114.2 7201.5 7216.4 7271.8 7280.7 7354.6 7360.4 7434.4 7469.2 7514 7595.4 7648.5 7710.1 7770.5 7830.5 7908.2 7993.4 8093 8226.3 8346.9 8430.1 9976.9 16138 1.2604e+05 1.8111e+06 1.5415e+07 8.3731e+07
28.114 7.3948e+07 1.2582e+07 1.3613e+06 80116 8158.1 7004.4 5956.3 5946.1 6108.6 6196.5 6273.8 6348.9 6418.4 6474.6 6512.2 6581.4 6648.3 6640 6706.9 6735.4 6854.6 6862.5 6917 6936 6983.6 7000.6 7051.5 7101.1 7138.1 7185.2 7266 7296.2 7344.6 7426.7 7507.9 7579.4 7653.5 7727.4 7819.2 8011.9 8016.6 8785.9 21197 1.4706e+05 1.5995e+06 1.2794e+07 7.0429e+07
28.327 6.2527e+07 1.0693e+07 1.2416e+06 1.0488e+05 15463 6423.9 5505.5 5750.9 5858.4 5905 5968.6 6045.4 6121.8 6190 6239.8 6268 6343.3 6445.8 6472.9 6537.6 6498.6 6580.2 6584.8 6644.2 6674.5 6686.8 6754.4 6767.7 6824.3 6883 6921.2 6974.4 7031.7 7113.2 7196.7 7275.6 7351.7 7423.2 7485.2 7601.3 7715.2 7281.5 14631 1.2093e+05 1.2696e+06 1.0238e+07 5.9284e+07
28.54 5.2447e+07 8.7385e+06 1.0452e+06 99391 12110 4877.7 5338.5 5531.7 5555 5621 5687.4 5756.6 5829.3 5903.6 5969.3 6018.6 6060.4 6094.6 6111.7 6156.3 6264.9 6266 6328.3 6337.1 6371 6402.6 6449.2 6477.7 6533.2 6581.4 6601.8 6679.2 6749.1 6800.9 6868.4 6945.4 7030.6 7123.4 7198.6 7220.3 7416.2 6893.2 5441.3 63365 8.8765e+05 8.0505e+06 5.0445e+07
28.753 4.4198e+07 6.9053e+06 7.6257e+05 58008 3983.6 4397.8 5256.8 5241.3 5285.2 5385.8 5466.7 5523.8 5574.1 5632.5 5706.5 5768.6 5804.3 5876.2 5925.2 5978.5 5957.4 6004.4 6031.3 6079.1 6078.7 6145.9 6150.7 6207 6241.8 6282.2 6330.4 6393.8 6455.2 6496.7 6543.6 6610.5 6691.1 6788.7 6899.7 6953.8 7066.8 7246.5 2824 18553 5.8742e+05 6.46e+06 4.3541e+07
28.966 3.7802e+07 5.4875e+06 5.0903e+05 19189 1330.6 4970.8 5001.7 4976.8 5092.5 5177.5 5251.3 5314.2 5364.9 5403.5 5450 5519.1 5555.5 5548 5625.1 5625.6 5720.2 5746.8 5787.2 5797.3 5830.5 5866.5 5887 5945.6 5971.3 6005 6078.1 6108.1 6152.1 6208.6 6264.2 6324.3 6388.5 6461.1 6568.5 6711.7 6720.7 7266.7 6680.8 11701 4.446e+05 5.4506e+06 3.7864e+07
29.179 3.273e+07 4.5792e+06 3.815e+05 12704 5009.8 5171.9 4668.4 4798.2 4909 4955.3 5009.3 5073.8 5137.7 5190.7 5220.7 5254 5320.9 5384 5417.9 5475.6 5459.7 5502.7 5516 5569.2 5593.5 5602.3 5654 5675 5712.7 5758.2 5811.7 5839.9 5879.7 5951.6 6020.6 6080 6139.7 6194 6255.1 6388.4 6449.3 6691.5 10291 29775 4.2315e+05 4.7793e+06 3.273e+07
29.392 2.8269e+07 3.998e+06 3.6178e+05 28149 7980.6 4545.8 4471.4 4635.9 4675.2 4721.3 4773.4 4832.4 4894.5 4955.7 5005.5 5033.8 5080.2 5122.9 5137.6 5165.8 5231.7 5271.3 5301.5 5310.7 5349.5 5360.5 5415.1 5428.4 5478.1 5522 5540.4 5595.6 5648.2 5705.3 5771.1 5836.5 5900.9 5966 6009 6057.8 6215.5 6093.6 9369.6 42325 4.2127e+05 4.1563e+06 2.7789e+07
29.605 2.3986e+07 3.4605e+06 3.5306e+05 35522 6234.2 3946 4375.7 4417.1 4441.6 4515.7 4578.9 4630 4679 4734.4 4795.2 4844 4874.6 4933.3 4953.8 5017.1 5025.2 5027.2 5068.7 5108.7 5109.9 5155.4 5173.4 5205.3 5244 5282.4 5305.4 5369 5425.2 5460.6 5507.1 5567.7 5638.5 5719.4 5797.3 5820.9 5954 5871.1 5866.1 33641 3.6204e+05 3.4308e+06 2.311e+07
29.818 1.9929e+07 2.8225e+06 2.8687e+05 22951 2929.2 3946.9 4206.2 4191.6 4268 4347.7 4411.4 4459.1 4497.9 4534.8 4585.4 4641.4 4665.9 4679.7 4742.3 4739.7 4789.1 4843.6 4864.2 4871 4891.5 4940.4 4944 5000.3 5022.2 5049.7 5101.3 5140.9 5185.9 5222.5 5261.1 5313.3 5374.7 5447.8 5546.7 5632.1 5654.6 5821.4 3992.3 13352 2.476e+05 2.6514e+06 1.9011e+07
