NaN -14.212 -13.043 -11.95 -10.927 -9.9699 -9.0746 -8.2371 -7.4537 -6.7207 -6.035 -5.3936 -4.7935 -4.2321 -3.7069 -3.2156 -2.7559 -2.326 -1.9237 -1.5474 -1.1953 -0.86601 -0.55791 -0.26968 -3.9113e-05 0.2143 0.49871 0.80273 1.1277 1.4751 1.8464 2.2433 2.6676 3.1212 3.606 4.1242 4.6782 5.2703 5.9033 6.5799 7.3031 8.0762 8.9027 9.786 10.73 11.74 12.819 13.972
0 3.6409e+12 4.2536e+12 4.9724e+12 5.817e+12 6.8115e+12 7.9865e+12 9.381e+12 1.1046e+13 1.3049e+13 1.5483e+13 1.8474e+13 2.2199e+13 2.6901e+13 3.2919e+13 4.0704e+13 5.0834e+13 6.395e+13 8.0506e+13 1.0012e+14 1.2036e+14 1.3575e+14 1.3969e+14 1.305e+14 1.1398e+14 9.9684e+13 8.2968e+13 6.8859e+13 5.7082e+13 4.7127e+13 3.8731e+13 3.1749e+13 2.6035e+13 2.141e+13 1.7689e+13 1.4698e+13 1.2287e+13 1.0333e+13 8.7402e+12 7.4323e+12 6.3507e+12 5.4499e+12 4.6946e+12 4.0573e+12 3.5166e+12 3.0555e+12 2.6605e+12 2.3206e+12
0.21299 3.6434e+12 4.2585e+12 4.9812e+12 5.832e+12 6.8362e+12 8.0259e+12 9.4423e+12 1.1139e+13 1.3189e+13 1.5688e+13 1.877e+13 2.2617e+13 2.7482e+13 3.3709e+13 4.1753e+13 5.2188e+13 6.5635e+13 8.2536e+13 1.0257e+14 1.2365e+14 1.4102e+14 1.4837e+14 1.4247e+14 1.2689e+14 1.1141e+14 9.1773e+13 7.4666e+13 6.07e+13 4.9393e+13 4.0208e+13 3.2757e+13 2.6748e+13 2.1926e+13 1.8066e+13 1.4974e+13 1.2488e+13 1.048e+13 8.8469e+12 7.5094e+12 6.4061e+12 5.4895e+12 4.7227e+12 4.0772e+12 3.5305e+12 3.0652e+12 2.6671e+12 2.3251e+12
0.42597 3.6476e+12 4.2667e+12 4.9959e+12 5.8571e+12 6.8774e+12 8.0915e+12 9.5442e+12 1.1294e+13 1.3419e+13 1.6025e+13 1.9252e+13 2.3295e+13 2.8414e+13 3.4959e+13 4.338e+13 5.4216e+13 6.8024e+13 8.5141e+13 1.0521e+14 1.2646e+14 1.4512e+14 1.5592e+14 1.546e+14 1.4176e+14 1.2609e+14 1.0374e+14 8.3039e+13 6.6139e+13 5.2899e+13 4.254e+13 3.4376e+13 2.7909e+13 2.2775e+13 1.8692e+13 1.5436e+13 1.2829e+13 1.073e+13 9.0292e+12 7.6417e+12 6.5016e+12 5.558e+12 4.7715e+12 4.1117e+12 3.5548e+12 3.082e+12 2.6787e+12 2.3329e+12
0.63896 3.6528e+12 4.277e+12 5.0146e+12 5.8891e+12 6.9299e+12 8.1748e+12 9.6729e+12 1.1488e+13 1.3706e+13 1.6439e+13 1.9839e+13 2.4105e+13 2.9503e+13 3.6371e+13 4.5122e+13 5.6206e+13 7.0001e+13 8.6561e+13 1.0522e+14 1.2422e+14 1.4073e+14 1.5145e+14 1.5344e+14 1.4558e+14 1.3304e+14 1.1205e+14 9.0251e+13 7.1474e+13 5.6632e+13 4.5165e+13 3.627e+13 2.9309e+13 2.3824e+13 1.9481e+13 1.6028e+13 1.3271e+13 1.1058e+13 9.2711e+12 7.8188e+12 6.6304e+12 5.651e+12 4.8382e+12 4.1592e+12 3.5883e+12 3.1054e+12 2.6948e+12 2.3439e+12
0.85195 3.6581e+12 4.2879e+12 5.0347e+12 5.9236e+12 6.9865e+12 8.2642e+12 9.8099e+12 1.1693e+13 1.4003e+13 1.6859e+13 2.0416e+13 2.4873e+13 3.0478e+13 3.753e+13 4.6349e+13 5.7203e+13 7.0138e+13 8.4713e+13 9.9699e+13 1.1314e+14 1.232e+14 1.293e+14 1.3171e+14 1.2964e+14 1.2361e+14 1.0986e+14 9.1955e+13 7.426e+13 5.9253e+13 4.7321e+13 3.7986e+13 3.0665e+13 2.489e+13 2.0313e+13 1.6672e+13 1.3763e+13 1.1431e+13 9.5504e+12 8.0262e+12 6.783e+12 5.7623e+12 4.9187e+12 4.2169e+12 3.6292e+12 3.1341e+12 2.7147e+12 2.3574e+12
1.0649 3.6625e+12 4.2977e+12 5.0532e+12 5.9557e+12 7.039e+12 8.3464e+12 9.9336e+12 1.1873e+13 1.4256e+13 1.7201e+13 2.0855e+13 2.54e+13 3.1041e+13 3.7993e+13 4.6412e+13 5.6284e+13 6.721e+13 7.8161e+13 8.7416e+13 9.3174e+13 9.5027e+13 9.5001e+13 9.5954e+13 9.8136e+13 9.8868e+13 9.5298e+13 8.5609e+13 7.2527e+13 5.9494e+13 4.8231e+13 3.904e+13 3.1668e+13 2.5774e+13 2.1057e+13 1.7279e+13 1.4247e+13 1.1809e+13 9.8413e+12 8.2468e+12 6.9481e+12 5.8845e+12 5.0082e+12 4.2817e+12 3.6756e+12 3.1669e+12 2.7375e+12 2.3731e+12
1.2779 3.6647e+12 4.3042e+12 5.0668e+12 5.9799e+12 7.0786e+12 8.4073e+12 1.0022e+13 1.1994e+13 1.4412e+13 1.7384e+13 2.1037e+13 2.5512e+13 3.0944e+13 3.7415e+13 4.4866e+13 5.2947e+13 6.0819e+13 6.7043e+13 6.9905e+13 6.8498e+13 6.4105e+13 6.0116e+13 5.9722e+13 6.3495e+13 6.8144e+13 7.2724e+13 7.206e+13 6.5776e+13 5.6663e+13 4.7342e+13 3.9041e+13 3.2049e+13 2.6288e+13 2.1585e+13 1.7763e+13 1.4664e+13 1.2152e+13 1.0116e+13 8.4621e+12 7.1135e+12 6.0095e+12 5.1012e+12 4.35e+12 3.7251e+12 3.2023e+12 2.7624e+12 2.3902e+12
1.4909 3.6637e+12 4.3057e+12 5.0722e+12 5.9911e+12 7.0973e+12 8.4343e+12 1.0056e+13 1.2028e+13 1.4429e+13 1.7348e+13 2.0878e+13 2.5102e+13 3.0056e+13 3.5666e+13 4.1641e+13 4.7332e+13 5.1622e+13 5.3072e+13 5.0611e+13 4.4702e+13 3.7831e+13 3.3112e+13 3.2361e+13 3.5756e+13 4.0989e+13 4.9052e+13 5.4777e+13 5.515e+13 5.0907e+13 4.4502e+13 3.7793e+13 3.1638e+13 2.6302e+13 2.1798e+13 1.8051e+13 1.496e+13 1.2424e+13 1.035e+13 8.6545e+12 7.267e+12 6.1289e+12 5.1923e+12 4.4182e+12 3.7753e+12 3.2386e+12 2.7881e+12 2.4081e+12
1.7039 3.6583e+12 4.3002e+12 5.0667e+12 5.9849e+12 7.0883e+12 8.4176e+12 1.0021e+13 1.1956e+13 1.4283e+13 1.7064e+13 2.035e+13 2.4151e+13 2.8395e+13 3.2853e+13 3.7041e+13 4.0128e+13 4.0994e+13 3.8634e+13 3.3012e+13 2.5764e+13 1.9531e+13 1.6089e+13 1.5656e+13 1.7967e+13 2.1906e+13 2.9491e+13 3.7699e+13 4.2733e+13 4.3072e+13 3.9979e+13 3.5336e+13 3.0397e+13 2.5757e+13 2.1639e+13 1.8095e+13 1.5098e+13 1.2596e+13 1.0521e+13 8.8083e+12 7.3974e+12 6.2351e+12 5.276e+12 4.4825e+12 3.8236e+12 3.2742e+12 2.8138e+12 2.4262e+12
1.9169 3.6476e+12 4.2864e+12 5.0481e+12 5.9581e+12 7.0472e+12 8.3512e+12 9.9108e+12 1.1769e+13 1.3968e+13 1.6537e+13 1.9475e+13 2.2721e+13 2.61e+13 2.9259e+13 3.1595e+13 3.2271e+13 3.0433e+13 2.5784e+13 1.9264e+13 1.2976e+13 8.7802e+12 6.9997e+12 6.9721e+12 8.3082e+12 1.0635e+13 1.5955e+13 2.3554e+13 3.0615e+13 3.4316e+13 3.4315e+13 3.1901e+13 2.8409e+13 2.467e+13 2.1099e+13 1.7875e+13 1.5058e+13 1.2648e+13 1.0614e+13 8.9117e+12 7.496e+12 6.3214e+12 5.3477e+12 4.5398e+12 3.8679e+12 3.3075e+12 2.8382e+12 2.4436e+12
2.1299 3.6309e+12 4.2633e+12 5.0149e+12 5.9089e+12 6.9721e+12 8.2339e+12 9.7252e+12 1.1474e+13 1.3499e+13 1.5796e+13 1.8314e+13 2.0926e+13 2.3375e+13 2.5231e+13 2.5879e+13 2.4637e+13 2.1103e+13 1.5701e+13 9.9301e+12 5.5879e+12 3.3963e+12 2.7813e+12 2.9636e+12 3.6672e+12 4.8206e+12 7.8463e+12 1.337e+13 2.0256e+13 2.5723e+13 2.8136e+13 2.7816e+13 2.584e+13 2.3119e+13 2.0207e+13 1.7399e+13 1.4836e+13 1.2574e+13 1.062e+13 8.9573e+12 7.5563e+12 6.383e+12 5.4037e+12 4.5872e+12 3.9062e+12 3.3373e+12 2.8606e+12 2.4599e+12
2.3429 3.6079e+12 4.2304e+12 4.9669e+12 5.8373e+12 6.8638e+12 8.0684e+12 9.4712e+12 1.1084e+13 1.2902e+13 1.4887e+13 1.6946e+13 1.8896e+13 2.043e+13 2.1104e+13 2.0389e+13 1.7875e+13 1.3658e+13 8.6698e+12 4.4279e+12 1.9708e+12 1.1114e+12 1.0465e+12 1.2534e+12 1.608e+12 2.1111e+12 3.5525e+12 6.8829e+12 1.2329e+13 1.8095e+13 2.201e+13 2.3418e+13 2.2879e+13 2.1207e+13 1.9019e+13 1.6694e+13 1.4443e+13 1.2375e+13 1.0538e+13 8.9417e+12 7.5751e+12 6.4167e+12 5.4412e+12 4.6227e+12 3.9369e+12 3.3623e+12 2.8801e+12 2.4744e+12
2.5558 3.5784e+12 4.1878e+12 4.9043e+12 5.7445e+12 6.7251e+12 7.8606e+12 9.1594e+12 1.0617e+13 1.2207e+13 1.3861e+13 1.545e+13 1.6756e+13 1.746e+13 1.716e+13 1.5488e+13 1.2357e+13 8.2615e+12 4.3187e+12 1.6527e+12 5.1835e+11 3.0798e+11 3.9917e+11 5.4992e+11 7.2643e+11 9.3016e+11 1.5124e+12 3.2002e+12 6.8524e+12 1.1887e+13 1.6383e+13 1.9012e+13 1.9713e+13 1.9046e+13 1.7599e+13 1.5794e+13 1.3896e+13 1.2061e+13 1.0372e+13 8.8654e+12 7.5511e+12 6.421e+12 5.4588e+12 4.6449e+12 3.9589e+12 3.3816e+12 2.8959e+12 2.4867e+12
2.7688 3.5425e+12 4.1358e+12 4.8283e+12 5.6328e+12 6.5604e+12 7.6175e+12 8.8016e+12 1.0093e+13 1.1444e+13 1.2764e+13 1.3898e+13 1.4618e+13 1.4622e+13 1.3602e+13 1.1389e+13 8.1816e+12 4.7029e+12 1.9487e+12 4.9469e+11 7.7567e+10 8.4027e+10 1.697e+11 2.5811e+11 3.4639e+11 4.2878e+11 6.2936e+11 1.3383e+12 3.4342e+12 7.2365e+12 1.1556e+13 1.4853e+13 1.6512e+13 1.6741e+13 1.601e+13 1.4737e+13 1.3218e+13 1.1643e+13 1.0126e+13 8.7309e+12 7.4852e+12 6.3956e+12 5.4558e+12 4.653e+12 3.9714e+12 3.3948e+12 2.9078e+12 2.4965e+12
2.9818 3.5008e+12 4.0754e+12 4.7405e+12 5.5049e+12 6.374e+12 7.3467e+12 8.4096e+12 9.5295e+12 1.0642e+13 1.1639e+13 1.2356e+13 1.257e+13 1.2032e+13 1.0551e+13 8.1521e+12 5.2384e+12 2.5645e+12 8.2508e+11 1.2159e+11 1.0703e+09 3.6756e+10 8.4805e+10 1.3069e+11 1.7552e+11 2.118e+11 2.726e+11 5.0615e+11 1.5206e+12 4.0347e+12 7.679e+12 1.1133e+13 1.3426e+13 1.4394e+13 1.4318e+13 1.3564e+13 1.2432e+13 1.1134e+13 9.809e+12 8.5419e+12 7.379e+12 6.3411e+12 5.4322e+12 4.6468e+12 3.9741e+12 3.4013e+12 2.9152e+12 2.5033e+12
3.1948 3.4537e+12 4.0075e+12 4.6425e+12 5.3635e+12 6.1706e+12 7.055e+12 7.9941e+12 8.9428e+12 9.8249e+12 1.0522e+13 1.0872e+13 1.0677e+13 9.7573e+12 8.0458e+12 5.7245e+12 3.2906e+12 1.3842e+12 3.6218e+11 4.2143e+10 8.3293e+09 2.6476e+10 4.7922e+10 7.0525e+10 9.3811e+10 1.1207e+11 1.3138e+11 1.8155e+11 5.7532e+11 2.0227e+12 4.7683e+12 7.9743e+12 1.0576e+13 1.2092e+13 1.2582e+13 1.2313e+13 1.1563e+13 1.0549e+13 9.4286e+12 8.3029e+12 7.2349e+12 6.2586e+12 5.3883e+12 4.6262e+12 3.9668e+12 3.401e+12 2.918e+12 2.5071e+12
3.4078 3.4017e+12 3.9331e+12 4.536e+12 5.2114e+12 5.9542e+12 6.7489e+12 7.5646e+12 8.3474e+12 9.0132e+12 9.4421e+12 9.483e+12 8.978e+12 7.8225e+12 6.0611e+12 3.9766e+12 2.0617e+12 7.6913e+11 1.8658e+11 3.3368e+10 1.5244e+10 1.9624e+10 2.8552e+10 3.9762e+10 5.2184e+10 6.2415e+10 7.1705e+10 7.2057e+10 1.7621e+11 8.8433e+11 2.7356e+12 5.4311e+12 8.0504e+12 9.9141e+12 1.0857e+13 1.1021e+13 1.0633e+13 9.9034e+12 8.9935e+12 8.0189e+12 7.0555e+12 6.1494e+12 5.3249e+12 4.5915e+12 3.9495e+12 3.3937e+12 2.9161e+12 2.5077e+12
3.6208 3.3455e+12 3.8531e+12 4.4225e+12 5.0509e+12 5.7284e+12 6.4337e+12 7.1291e+12 7.7546e+12 8.2227e+12 8.4184e+12 8.2107e+12 7.4871e+12 6.2167e+12 4.5292e+12 2.7508e+12 1.3024e+12 4.4693e+11 1.1014e+11 2.6641e+10 1.2855e+10 1.3108e+10 1.7228e+10 2.3043e+10 2.9848e+10 3.5863e+10 4.2439e+10 3.849e+10 4.1599e+10 3.1855e+11 1.4267e+12 3.4953e+12 5.904e+12 7.9198e+12 9.1922e+12 9.7222e+12 9.6671e+12 9.211e+12 8.5131e+12 7.6953e+12 6.8439e+12 6.0153e+12 5.2426e+12 4.543e+12 3.9223e+12 3.3794e+12 2.9093e+12 2.505e+12
3.8338 3.2855e+12 3.7684e+12 4.3034e+12 4.8841e+12 5.4963e+12 6.1139e+12 6.6941e+12 7.1733e+12 7.4647e+12 7.4633e+12 7.064e+12 6.2007e+12 4.9057e+12 3.3637e+12 1.8973e+12 8.2649e+11 2.6318e+11 6.3172e+10 1.5668e+10 7.8348e+09 8.1357e+09 1.0416e+10 1.36e+10 1.7418e+10 2.0984e+10 2.5824e+10 2.6101e+10 1.1432e+10 8.3098e+10 6.6049e+11 2.1096e+12 4.1575e+12 6.1537e+12 7.6294e+12 8.4495e+12 8.687e+12 8.4871e+12 7.9966e+12 7.3379e+12 6.6035e+12 5.8579e+12 5.1425e+12 4.4812e+12 3.8854e+12 3.3583e+12 2.8977e+12 2.4989e+12
4.0468 3.2223e+12 3.6798e+12 4.1797e+12 4.7126e+12 5.2604e+12 5.7931e+12 6.2643e+12 6.6094e+12 6.7459e+12 6.5824e+12 6.042e+12 5.102e+12 3.8442e+12 2.4797e+12 1.2975e+12 5.1651e+11 1.4743e+11 3.0387e+10 6.6619e+09 4.1774e+09 4.9236e+09 6.3235e+09 8.1455e+09 1.0335e+10 1.244e+10 1.5712e+10 1.8376e+10 1.0475e+10 1.0086e+10 2.6192e+11 1.1837e+12 2.8011e+12 4.6421e+12 6.2012e+12 7.2306e+12 7.7137e+12 7.7463e+12 7.4536e+12 6.9526e+12 6.3378e+12 5.6794e+12 5.0257e+12 4.4067e+12 3.8391e+12 3.3302e+12 2.8812e+12 2.4895e+12
4.2597 3.1562e+12 3.5878e+12 4.0524e+12 4.5378e+12 5.0226e+12 5.4737e+12 5.8431e+12 6.067e+12 6.0697e+12 5.776e+12 5.1371e+12 4.1684e+12 2.9861e+12 1.8063e+12 8.6971e+11 3.0893e+11 7.3576e+10 1.0821e+10 2.1151e+09 2.271e+09 2.999e+09 3.8742e+09 4.9511e+09 6.2322e+09 7.4748e+09 9.523e+09 1.2255e+10 1.1814e+10 2.8969e+08 8.5011e+10 6.122e+11 1.7994e+12 3.3936e+12 4.9308e+12 6.0888e+12 6.7661e+12 7.0023e+12 6.8937e+12 6.5454e+12 6.0505e+12 5.482e+12 4.8934e+12 4.32e+12 3.7836e+12 3.2955e+12 2.8599e+12 2.4766e+12
4.4727 3.0875e+12 3.493e+12 3.9223e+12 4.3606e+12 4.7843e+12 5.1578e+12 5.4327e+12 5.548e+12 5.4366e+12 5.0409e+12 4.3386e+12 3.3766e+12 2.2921e+12 1.2916e+12 5.6375e+11 1.7222e+11 3.092e+10 2.2633e+09 7.024e+08 1.3652e+09 1.8628e+09 2.4085e+09 3.0604e+09 3.8261e+09 4.5659e+09 5.7951e+09 7.7174e+09 1.0246e+10 5.6242e+09 2.3535e+10 2.9121e+11 1.0997e+12 2.4006e+12 3.8318e+12 5.0427e+12 5.8609e+12 6.268e+12 6.3258e+12 6.1226e+12 5.7455e+12 5.2681e+12 4.7469e+12 4.222e+12 3.7194e+12 3.2543e+12 2.8339e+12 2.4604e+12
4.6857 3.0164e+12 3.3956e+12 3.7897e+12 4.1819e+12 4.5464e+12 4.8466e+12 5.0344e+12 5.0532e+12 4.846e+12 4.3727e+12 3.6356e+12 2.7061e+12 1.7322e+12 9.0085e+11 3.4985e+11 8.8261e+10 1.0613e+10 8.9672e+07 4.8246e+08 8.8579e+08 1.1852e+09 1.5274e+09 1.9303e+09 2.3982e+09 2.8457e+09 3.578e+09 4.7215e+09 7.1983e+09 9.0864e+09 1.0727e+10 1.3054e+11 6.4028e+11 1.6421e+12 2.9082e+12 4.1052e+12 5.0118e+12 5.555e+12 5.7587e+12 5.6901e+12 5.4268e+12 5.04e+12 4.5878e+12 4.1135e+12 3.6469e+12 3.2067e+12 2.8032e+12 2.4408e+12
4.8987 2.9433e+12 3.296e+12 3.6552e+12 4.0022e+12 4.3098e+12 4.5408e+12 4.6488e+12 4.5827e+12 4.2963e+12 3.767e+12 3.0186e+12 2.1412e+12 1.2849e+12 6.1068e+11 2.0763e+11 4.2262e+10 3.3928e+09 1.5882e+08 4.337e+08 5.9335e+08 7.7587e+08 9.9363e+08 1.2479e+09 1.5401e+09 1.8167e+09 2.2599e+09 2.9024e+09 4.4279e+09 8.3864e+09 1.1609e+10 6.0855e+10 3.587e+11 1.0872e+12 2.1548e+12 3.2838e+12 4.2297e+12 4.8733e+12 5.2004e+12 5.2538e+12 5.0983e+12 4.8004e+12 4.4176e+12 3.9954e+12 3.5666e+12 3.1531e+12 2.768e+12 2.4179e+12
5.1117 2.8681e+12 3.1943e+12 3.519e+12 3.822e+12 4.075e+12 4.2411e+12 4.2765e+12 4.1363e+12 3.7862e+12 3.22e+12 2.4806e+12 1.6704e+12 9.345e+11 4.0301e+11 1.1946e+11 2.0304e+10 1.717e+09 3.8192e+08 3.3498e+08 4.0773e+08 5.2581e+08 6.6686e+08 8.3079e+08 1.0172e+09 1.1923e+09 1.4677e+09 1.8366e+09 2.5791e+09 5.7357e+09 1.2314e+10 3.5237e+10 1.9868e+11 6.997e+11 1.5596e+12 2.5805e+12 3.522e+12 4.2315e+12 4.6582e+12 4.8192e+12 4.7641e+12 4.5518e+12 4.2379e+12 3.8687e+12 3.4791e+12 3.0937e+12 2.7283e+12 2.3917e+12
5.3247 2.7911e+12 3.0909e+12 3.3815e+12 3.6417e+12 3.8425e+12 3.948e+12 3.9179e+12 3.7144e+12 3.315e+12 2.7294e+12 2.0161e+12 1.2846e+12 6.6762e+11 2.6112e+11 6.8677e+10 1.0875e+10 1.3318e+09 3.2761e+08 2.3548e+08 2.916e+08 3.7079e+08 4.6407e+08 5.7177e+08 6.9342e+08 8.0685e+08 9.8303e+08 1.2077e+09 1.5391e+09 3.2016e+09 1.0156e+10 2.6353e+10 1.1445e+11 4.4201e+11 1.1047e+12 1.9925e+12 2.8934e+12 3.636e+12 4.1383e+12 4.3914e+12 4.4277e+12 4.2968e+12 4.0504e+12 3.7343e+12 3.3849e+12 3.029e+12 2.6844e+12 2.3624e+12
5.5377 2.7124e+12 2.9859e+12 3.243e+12 3.4616e+12 3.6128e+12 3.6623e+12 3.5738e+12 3.3175e+12 2.8827e+12 2.2937e+12 1.6211e+12 9.7539e+11 4.7091e+11 1.6841e+11 4.072e+10 6.5106e+09 8.6455e+08 1.8238e+08 1.7246e+08 2.1882e+08 2.7273e+08 3.3577e+08 4.0786e+08 4.8905e+08 5.6411e+08 6.7997e+08 8.2475e+08 9.9101e+08 1.5878e+09 6.5786e+09 2.1279e+10 7.2488e+10 2.7893e+11 7.6875e+11 1.513e+12 2.3453e+12 3.0916e+12 3.6461e+12 3.9751e+12 4.0928e+12 4.038e+12 3.8568e+12 3.5934e+12 3.2848e+12 2.9591e+12 2.6365e+12 2.33e+12
5.7506 2.6321e+12 2.8795e+12 3.1037e+12 3.2822e+12 3.3866e+12 3.3846e+12 3.2451e+12 2.9464e+12 2.4896e+12 1.9117e+12 1.2911e+12 7.3356e+11 3.3026e+11 1.0946e+11 2.4907e+10 3.7671e+09 3.6186e+08 1.0029e+08 1.3822e+08 1.7164e+08 2.09e+08 2.5242e+08 3.0171e+08 3.5694e+08 4.0772e+08 4.8573e+08 5.8269e+08 6.8876e+08 8.1279e+08 3.3608e+09 1.5889e+10 5.1006e+10 1.8018e+11 5.2936e+11 1.1318e+12 1.8762e+12 2.6011e+12 3.1857e+12 3.5741e+12 3.7627e+12 3.7778e+12 3.6589e+12 3.4471e+12 3.1793e+12 2.8847e+12 2.5849e+12 2.2946e+12
5.9636 2.5503e+12 2.7718e+12 2.964e+12 3.104e+12 3.1646e+12 3.1162e+12 2.9331e+12 2.6024e+12 2.1361e+12 1.5815e+12 1.0207e+12 5.4856e+11 2.3161e+11 7.1696e+10 1.5004e+10 1.7741e+09 7.5348e+07 8.3528e+07 1.1669e+08 1.3952e+08 1.6606e+08 1.9648e+08 2.3094e+08 2.6914e+08 3.0426e+08 3.5785e+08 4.245e+08 5.0191e+08 5.1426e+08 1.3276e+09 1.0206e+10 3.7777e+10 1.2186e+11 3.6449e+11 8.3659e+11 1.4825e+12 2.1659e+12 2.7601e+12 3.192e+12 3.4403e+12 3.5184e+12 3.4581e+12 3.2965e+12 3.0692e+12 2.806e+12 2.5296e+12 2.2563e+12
6.1766 2.4673e+12 2.6633e+12 2.8243e+12 2.9278e+12 2.9478e+12 2.8582e+12 2.6393e+12 2.2866e+12 1.8222e+12 1.3006e+12 8.027e+11 4.0915e+11 1.6246e+11 4.6493e+10 8.301e+09 5.6404e+08 1.8213e+07 8.4349e+07 1.002e+08 1.1651e+08 1.3574e+08 1.5752e+08 1.8204e+08 2.0898e+08 2.3371e+08 2.7122e+08 3.1793e+08 3.7495e+08 3.994e+08 4.1866e+08 5.3658e+09 2.7329e+10 8.6759e+10 2.5421e+11 6.1396e+11 1.1587e+12 1.7854e+12 2.3715e+12 2.8315e+12 3.1282e+12 3.2621e+12 3.2561e+12 3.1427e+12 2.9553e+12 2.7235e+12 2.4711e+12 2.2154e+12
6.3896 2.3831e+12 2.5542e+12 2.6852e+12 2.7542e+12 2.7372e+12 2.612e+12 2.3649e+12 1.9998e+12 1.5468e+12 1.0648e+12 6.2917e+11 3.0445e+11 1.131e+11 2.8984e+10 3.9614e+09 8.8057e+07 5.3667e+07 7.8989e+07 8.6827e+07 9.916e+07 1.1329e+08 1.2925e+08 1.4693e+08 1.6635e+08 1.8398e+08 2.1075e+08 2.4395e+08 2.852e+08 3.2752e+08 1.8572e+08 2.1282e+09 1.8175e+10 6.3727e+10 1.8164e+11 4.5028e+11 8.9772e+11 1.4579e+12 2.021e+12 2.4948e+12 2.8287e+12 3.0107e+12 3.0545e+12 2.9867e+12 2.8381e+12 2.6377e+12 2.4095e+12 2.172e+12
6.6026 2.2981e+12 2.4449e+12 2.5472e+12 2.5841e+12 2.5339e+12 2.3787e+12 2.1109e+12 1.7419e+12 1.308e+12 8.6875e+11 4.9166e+11 2.252e+11 7.7096e+10 1.6905e+10 1.6016e+09 4.5109e+07 7.6451e+07 6.8925e+07 7.5856e+07 8.5346e+07 9.5935e+07 1.0781e+08 1.208e+08 1.3501e+08 1.4777e+08 1.6718e+08 1.911e+08 2.2088e+08 2.6181e+08 2.0155e+08 5.1098e+08 1.0585e+10 4.655e+10 1.3346e+11 3.3251e+11 6.9174e+11 1.1805e+12 1.7086e+12 2.1832e+12 2.5436e+12 2.766e+12 2.8545e+12 2.8295e+12 2.7185e+12 2.5491e+12 2.3452e+12 2.1262e+12
6.8156 2.2126e+12 2.3358e+12 2.411e+12 2.4184e+12 2.339e+12 2.1594e+12 1.8779e+12 1.5122e+12 1.1026e+12 7.0666e+11 3.8236e+11 1.6448e+11 5.0755e+10 9.1542e+09 6.5802e+08 1.0966e+08 6.7835e+07 5.9855e+07 6.6567e+07 7.3868e+07 8.1991e+07 9.0919e+07 1.0066e+08 1.1116e+08 1.2059e+08 1.3479e+08 1.5229e+08 1.7397e+08 2.0419e+08 2.3004e+08 2.2933e+07 5.1143e+09 3.2513e+10 1e+11 2.4889e+11 5.3235e+11 9.4953e+11 1.4338e+12 1.8979e+12 2.2746e+12 2.5295e+12 2.6574e+12 2.6722e+12 2.5972e+12 2.458e+12 2.2785e+12 2.0782e+12
7.0286 2.1268e+12 2.2275e+12 2.2772e+12 2.2578e+12 2.1534e+12 1.9548e+12 1.6658e+12 1.3091e+12 9.2677e+11 5.7256e+11 2.9489e+11 1.1773e+11 3.2066e+10 4.7879e+09 4.3422e+08 1.2071e+08 5.0503e+07 5.2909e+07 5.8411e+07 6.4088e+07 7.0404e+07 7.7222e+07 8.4625e+07 9.2491e+07 9.9565e+07 1.1006e+08 1.2303e+08 1.3898e+08 1.5942e+08 2.0941e+08 5.8426e+07 1.8868e+09 2.0969e+10 7.4992e+10 1.8938e+11 4.1116e+11 7.6031e+11 1.1952e+12 1.6393e+12 2.0227e+12 2.3024e+12 2.4645e+12 2.5156e+12 2.4747e+12 2.365e+12 2.2096e+12 2.0282e+12
7.2416 2.0411e+12 2.1203e+12 2.1465e+12 2.1033e+12 1.9779e+12 1.7653e+12 1.4741e+12 1.1305e+12 7.765e+11 4.612e+11 2.2456e+11 8.2175e+10 1.9627e+10 2.6939e+09 3.8844e+08 7.8373e+07 4.0314e+07 4.6935e+07 5.1108e+07 5.563e+07 6.0554e+07 6.586e+07 7.1526e+07 7.7525e+07 8.2858e+07 9.074e+07 1.0042e+08 1.1229e+08 1.2666e+08 1.6204e+08 1.831e+08 4.7909e+08 1.2112e+10 5.4947e+10 1.4598e+11 3.2007e+11 6.0784e+11 9.909e+11 1.4074e+12 1.7888e+12 2.086e+12 2.2767e+12 2.3606e+12 2.3517e+12 2.2705e+12 2.1389e+12 1.9764e+12
7.4545 1.9559e+12 2.0149e+12 2.0194e+12 1.9554e+12 1.8128e+12 1.5907e+12 1.3016e+12 9.7358e+11 6.478e+11 3.6838e+11 1.6826e+11 5.601e+10 1.2012e+10 1.7805e+09 2.8945e+08 3.6061e+07 3.6576e+07 4.1291e+07 4.4562e+07 4.8215e+07 5.2089e+07 5.626e+07 6.0646e+07 6.528e+07 6.9325e+07 7.5341e+07 8.2588e+07 9.151e+07 1.0231e+08 1.1899e+08 2.1868e+08 1.6508e+08 6.1197e+09 3.843e+10 1.1285e+11 2.517e+11 4.8677e+11 8.1841e+11 1.2018e+12 1.5736e+12 1.8812e+12 2.095e+12 2.2079e+12 2.2288e+12 2.175e+12 2.0667e+12 1.923e+12
7.6675 1.8715e+12 1.9116e+12 1.8967e+12 1.8146e+12 1.6584e+12 1.4306e+12 1.1466e+12 8.357e+11 5.3726e+11 2.9105e+11 1.2393e+11 3.7662e+10 7.6767e+09 1.2728e+09 1.4664e+08 2.0326e+07 3.3727e+07 3.6039e+07 3.8734e+07 4.1667e+07 4.4772e+07 4.8057e+07 5.1501e+07 5.5098e+07 5.822e+07 6.2835e+07 6.833e+07 7.5072e+07 8.3342e+07 9.1113e+07 1.7033e+08 2.5754e+08 2.7357e+09 2.5171e+10 8.6236e+10 1.997e+11 3.9163e+11 6.7478e+11 1.0216e+12 1.3774e+12 1.6887e+12 1.9202e+12 2.0584e+12 2.1066e+12 2.0787e+12 1.9931e+12 1.8682e+12
7.8805 1.7882e+12 1.8109e+12 1.7786e+12 1.6812e+12 1.5146e+12 1.2842e+12 1.0075e+12 7.1431e+11 4.4224e+11 2.2717e+11 9.0012e+10 2.5436e+10 5.2037e+09 8.3015e+08 3.9693e+07 2.2379e+07 2.9725e+07 3.1302e+07 3.3553e+07 3.59e+07 3.841e+07 4.1015e+07 4.3743e+07 4.6552e+07 4.9004e+07 5.2545e+07 5.6786e+07 6.1887e+07 6.8157e+07 7.4147e+07 1.038e+08 3.3738e+08 1.2688e+09 1.5285e+10 6.4152e+10 1.5898e+11 3.1714e+11 5.5667e+11 8.6552e+11 1.2002e+12 1.5091e+12 1.7531e+12 1.9125e+12 1.9856e+12 1.9822e+12 1.9186e+12 1.812e+12
8.0935 1.7065e+12 1.7132e+12 1.6655e+12 1.5553e+12 1.381e+12 1.1504e+12 8.8247e+11 6.0731e+11 3.6087e+11 1.7525e+11 6.4936e+10 1.7543e+10 3.5934e+09 4.3047e+08 2.3467e+06 2.5409e+07 2.5469e+07 2.7094e+07 2.894e+07 3.0851e+07 3.2868e+07 3.4959e+07 3.7123e+07 3.9342e+07 4.1272e+07 4.4022e+07 4.7318e+07 5.1208e+07 5.5957e+07 6.1661e+07 6.1958e+07 2.8494e+08 8.5694e+08 8.6954e+09 4.5863e+10 1.259e+11 2.5841e+11 4.6049e+11 7.3199e+11 1.0418e+12 1.3429e+12 1.5943e+12 1.7711e+12 1.8662e+12 1.8858e+12 1.8432e+12 1.7548e+12
8.3065 1.6266e+12 1.6188e+12 1.5576e+12 1.4368e+12 1.2571e+12 1.028e+12 7.6998e+11 5.1309e+11 2.918e+11 1.34e+11 4.6969e+10 1.2374e+10 2.352e+09 1.5474e+08 9.8176e+06 2.3128e+07 2.1851e+07 2.337e+07 2.4861e+07 2.6438e+07 2.8055e+07 2.9742e+07 3.1466e+07 3.3234e+07 3.4746e+07 3.6924e+07 3.948e+07 4.2496e+07 4.6115e+07 5.0875e+07 4.7205e+07 1.6179e+08 7.8459e+08 4.8989e+09 3.1295e+10 9.8187e+10 2.1125e+11 3.8252e+11 6.1899e+11 9.0159e+11 1.1905e+12 1.4443e+12 1.6345e+12 1.7491e+12 1.7898e+12 1.7674e+12 1.6967e+12
8.5195 1.5488e+12 1.5279e+12 1.4549e+12 1.3255e+12 1.1421e+12 9.1603e+11 6.6875e+11 4.3052e+11 2.3401e+11 1.0202e+11 3.4292e+10 8.7413e+09 1.3685e+09 3.406e+07 2.3094e+07 1.8408e+07 1.886e+07 2.0085e+07 2.1296e+07 2.2582e+07 2.3895e+07 2.525e+07 2.6635e+07 2.8044e+07 2.9237e+07 3.0973e+07 3.2964e+07 3.533e+07 3.8111e+07 4.161e+07 4.3424e+07 6.0631e+07 6.6774e+08 3.0499e+09 2.0468e+10 7.4735e+10 1.7237e+11 3.1915e+11 5.2421e+11 7.7889e+11 1.0518e+12 1.3038e+12 1.5035e+12 1.6345e+12 1.6946e+12 1.6914e+12 1.6378e+12
8.7325 1.4732e+12 1.4405e+12 1.3573e+12 1.221e+12 1.0354e+12 8.1349e+11 5.7784e+11 3.5876e+11 1.8651e+11 7.7717e+10 2.5241e+10 5.9856e+09 6.843e+08 2.0172e+07 2.3948e+07 1.4785e+07 1.6242e+07 1.7197e+07 1.8202e+07 1.9232e+07 2.0305e+07 2.1394e+07 2.2508e+07 2.3632e+07 2.459e+07 2.5958e+07 2.7537e+07 2.9394e+07 3.1557e+07 3.4085e+07 3.8835e+07 1.9341e+07 4.4004e+08 2.2352e+09 1.3126e+10 5.5212e+10 1.3946e+11 2.6705e+11 4.4513e+11 6.7251e+11 9.2684e+11 1.173e+12 1.3785e+12 1.5231e+12 1.6005e+12 1.6153e+12 1.5784e+12
8.9455 1.4e+12 1.3568e+12 1.2648e+12 1.1228e+12 9.363e+11 7.1964e+11 4.9657e+11 2.9716e+11 1.4816e+11 5.942e+10 1.8531e+10 3.8592e+09 3.0943e+08 3.8269e+07 1.6288e+07 1.2773e+07 1.3913e+07 1.4685e+07 1.5515e+07 1.6347e+07 1.7215e+07 1.8096e+07 1.8988e+07 1.9889e+07 2.066e+07 2.1736e+07 2.3002e+07 2.4456e+07 2.6157e+07 2.811e+07 3.1835e+07 1.981e+07 2.0026e+08 1.7599e+09 8.6219e+09 3.9613e+10 1.1118e+11 2.2341e+11 3.7915e+11 5.8105e+11 8.1528e+11 1.0522e+12 1.2599e+12 1.4151e+12 1.5079e+12 1.5394e+12 1.5185e+12
9.1584 1.3293e+12 1.2766e+12 1.177e+12 1.0305e+12 8.4422e+11 6.3394e+11 4.245e+11 2.4499e+11 1.1762e+11 4.5542e+10 1.3353e+10 2.3202e+09 1.6712e+08 4.2235e+07 9.5687e+06 1.1299e+07 1.1888e+07 1.2524e+07 1.3189e+07 1.3874e+07 1.4568e+07 1.528e+07 1.5996e+07 1.6718e+07 1.7332e+07 1.8192e+07 1.9198e+07 2.0347e+07 2.1693e+07 2.3262e+07 2.5175e+07 2.8644e+07 4.7506e+07 1.2866e+09 6.0537e+09 2.7868e+10 8.6932e+10 1.8609e+11 3.2373e+11 5.0284e+11 7.1653e+11 9.4166e+11 1.1482e+12 1.3111e+12 1.4171e+12 1.464e+12 1.4583e+12
9.3714 1.2611e+12 1.1999e+12 1.0937e+12 9.4379e+11 7.5875e+11 5.5604e+11 3.6119e+11 2.014e+11 9.3454e+10 3.4792e+10 9.3132e+09 1.3382e+09 1.3601e+08 2.7687e+07 7.3516e+06 9.7675e+06 1.0147e+07 1.0672e+07 1.1198e+07 1.1756e+07 1.2315e+07 1.2884e+07 1.346e+07 1.4037e+07 1.4522e+07 1.5218e+07 1.6007e+07 1.6927e+07 1.7993e+07 1.9229e+07 2.0344e+07 2.8605e+07 5.0068e+05 7.8639e+08 4.5319e+09 1.9604e+10 6.6599e+10 1.5364e+11 2.7658e+11 4.3608e+11 6.2981e+11 8.4123e+11 1.0436e+12 1.2115e+12 1.3284e+12 1.3893e+12 1.398e+12
9.5844 1.1954e+12 1.1265e+12 1.0146e+12 8.6222e+11 6.7959e+11 4.8568e+11 3.0619e+11 1.6536e+11 7.4265e+10 2.6273e+10 6.2583e+09 8.0434e+08 1.206e+08 1.0506e+07 7.4765e+06 8.2788e+06 8.6565e+06 9.0798e+06 9.5077e+06 9.9491e+06 1.0401e+07 1.0854e+07 1.1316e+07 1.1776e+07 1.2162e+07 1.2717e+07 1.3341e+07 1.4075e+07 1.4917e+07 1.5886e+07 1.6892e+07 2.1424e+07 1.2882e+07 3.7045e+08 3.4175e+09 1.4118e+10 5.0176e+10 1.2528e+11 2.3582e+11 3.789e+11 5.5407e+11 7.5074e+11 9.4653e+11 1.1165e+12 1.2422e+12 1.3156e+12 1.3377e+12
9.7974 1.132e+12 1.0563e+12 9.3942e+11 7.8558e+11 6.0657e+11 4.2266e+11 2.5891e+11 1.3572e+11 5.8841e+10 1.9465e+10 4.1006e+09 5.4989e+08 8.5711e+07 2.4494e+06 7.2713e+06 7.0432e+06 7.3879e+06 7.7213e+06 8.0725e+06 8.4188e+06 8.7799e+06 9.143e+06 9.5077e+06 9.8743e+06 1.0185e+07 1.0618e+07 1.112e+07 1.1697e+07 1.2361e+07 1.3137e+07 1.4067e+07 1.4566e+07 3.05e+07 1.26e+08 2.4197e+09 1.0536e+10 3.7518e+10 1.0071e+11 2.0005e+11 3.2953e+11 4.8811e+11 6.6978e+11 8.5702e+11 1.0266e+12 1.1589e+12 1.243e+12 1.2776e+12
10.01 1.0709e+12 9.8894e+11 8.6803e+11 7.1374e+11 5.3959e+11 3.6671e+11 2.1861e+11 1.113e+11 4.6269e+10 1.4105e+10 2.702e+09 4.1439e+08 4.1889e+07 2.9304e+06 6.1812e+06 6.0435e+06 6.3144e+06 6.5748e+06 6.8525e+06 7.1305e+06 7.4132e+06 7.7029e+06 7.9898e+06 8.2809e+06 8.5272e+06 8.8661e+06 9.2667e+06 9.7177e+06 1.0245e+07 1.0862e+07 1.1611e+07 1.1202e+07 3.001e+07 4.439e+07 1.5266e+09 8.0451e+09 2.8199e+10 7.9908e+10 1.6838e+11 2.8639e+11 4.3062e+11 5.9775e+11 7.7507e+11 9.4206e+11 1.0787e+12 1.172e+12 1.218e+12
10.223 1.012e+12 9.2443e+11 8.0026e+11 6.4663e+11 4.7857e+11 3.1745e+11 1.844e+11 9.1048e+10 3.5952e+10 1.0043e+10 1.8575e+09 3.0201e+08 1.0877e+07 5.5091e+06 4.9774e+06 5.2017e+06 5.4028e+06 5.612e+06 5.8219e+06 6.0457e+06 6.2671e+06 6.4935e+06 6.7208e+06 6.9485e+06 7.14e+06 7.411e+06 7.7218e+06 8.0777e+06 8.4935e+06 8.9752e+06 9.5374e+06 9.8928e+06 1.7719e+07 4.8574e+07 8.4026e+08 6.079e+09 2.1535e+10 6.2831e+10 1.4037e+11 2.4822e+11 3.8026e+11 5.3389e+11 7.0056e+11 8.6305e+11 1.0019e+12 1.1026e+12 1.1589e+12
10.436 9.5516e+11 8.6262e+11 7.3607e+11 5.8424e+11 4.2338e+11 2.7439e+11 1.5538e+11 7.4097e+10 2.754e+10 7.1174e+09 1.3438e+09 1.8952e+08 6.456e+05 5.9497e+06 4.183e+06 4.4735e+06 4.6304e+06 4.7975e+06 4.9606e+06 5.134e+06 5.3085e+06 5.4826e+06 5.6621e+06 5.8383e+06 5.9863e+06 6.2016e+06 6.4398e+06 6.7216e+06 7.0457e+06 7.4183e+06 7.8479e+06 8.6468e+06 7.446e+06 6.1479e+07 4.2442e+08 4.3867e+09 1.6734e+10 4.9291e+10 1.1586e+11 2.1411e+11 3.3578e+11 4.7733e+11 6.3316e+11 7.897e+11 9.289e+11 1.0353e+12 1.1007e+12
10.649 9.0027e+11 8.0344e+11 6.7544e+11 5.2656e+11 3.7382e+11 2.3691e+11 1.3066e+11 5.9829e+10 2.0827e+10 5.1077e+09 9.8564e+08 9.4791e+07 3.5177e+06 4.4439e+06 3.7051e+06 3.8618e+06 3.9811e+06 4.1089e+06 4.241e+06 4.3706e+06 4.5068e+06 4.6421e+06 4.7794e+06 4.9163e+06 5.0319e+06 5.1961e+06 5.382e+06 5.6004e+06 5.8499e+06 6.1397e+06 6.4843e+06 7.0671e+06 4.4852e+06 5.0631e+07 2.4241e+08 2.9562e+09 1.3083e+10 3.8865e+10 9.4844e+10 1.8351e+11 2.9611e+11 4.271e+11 5.7246e+11 7.2203e+11 8.5986e+11 9.7032e+11 1.0434e+12
10.862 8.4727e+11 7.4686e+11 6.1842e+11 4.7356e+11 3.2957e+11 2.0431e+11 1.0946e+11 4.7844e+10 1.5639e+10 3.751e+09 6.9107e+08 3.7446e+07 7.7474e+06 2.9191e+06 3.2871e+06 3.3443e+06 3.4384e+06 3.5324e+06 3.6365e+06 3.7355e+06 3.8382e+06 3.9435e+06 4.0465e+06 4.1525e+06 4.2422e+06 4.3643e+06 4.5107e+06 4.6753e+06 4.8669e+06 5.0941e+06 5.3617e+06 5.644e+06 5.4611e+06 2.5151e+07 1.8919e+08 1.867e+09 1.0096e+10 3.0933e+10 7.7269e+10 1.5616e+11 2.604e+11 3.8227e+11 5.1787e+11 6.5992e+11 7.9496e+11 9.0785e+11 9.8734e+11
11.075 7.9615e+11 6.9292e+11 5.6504e+11 4.2517e+11 2.9023e+11 1.7589e+11 9.1209e+10 3.7897e+10 1.1761e+10 2.7991e+09 4.4172e+08 1.7248e+07 7.5738e+06 2.3462e+06 2.8575e+06 2.9076e+06 2.9812e+06 3.0536e+06 3.128e+06 3.2063e+06 3.2828e+06 3.3625e+06 3.4405e+06 3.5204e+06 3.5878e+06 3.6807e+06 3.7916e+06 3.9155e+06 4.0625e+06 4.2362e+06 4.4325e+06 4.6184e+06 5.9033e+06 5.5651e+06 1.641e+08 1.1566e+09 7.5521e+09 2.4811e+10 6.293e+10 1.32e+11 2.2806e+11 3.4196e+11 4.6878e+11 6.0316e+11 7.3429e+11 8.4813e+11 9.3273e+11
11.288 7.469e+11 6.4168e+11 5.1534e+11 3.812e+11 2.553e+11 1.5101e+11 7.5486e+10 2.9808e+10 8.924e+09 2.0724e+09 2.5414e+08 1.736e+07 4.2829e+06 2.3505e+06 2.4791e+06 2.536e+06 2.594e+06 2.6518e+06 2.7047e+06 2.7644e+06 2.8222e+06 2.8798e+06 2.9399e+06 2.9982e+06 3.0473e+06 3.1196e+06 3.1994e+06 3.294e+06 3.4046e+06 3.5314e+06 3.6806e+06 3.8558e+06 4.7564e+06 1.6536e+05 1.2059e+08 7.6522e+08 5.4297e+09 1.9897e+10 5.1436e+10 1.11e+11 1.9875e+11 3.0543e+11 4.2448e+11 5.5142e+11 6.7787e+11 7.9135e+11 8.7976e+11
11.501 6.9956e+11 5.9319e+11 4.6929e+11 3.414e+11 2.2425e+11 1.2915e+11 6.2029e+10 2.3385e+10 6.8403e+09 1.4807e+09 1.3989e+08 1.9518e+07 1.5333e+06 2.2847e+06 2.178e+06 2.2279e+06 2.2677e+06 2.3113e+06 2.3529e+06 2.3949e+06 2.4387e+06 2.4808e+06 2.5251e+06 2.5677e+06 2.6036e+06 2.6572e+06 2.7146e+06 2.7855e+06 2.866e+06 2.9584e+06 3.0746e+06 3.2181e+06 3.3124e+06 3.1071e+06 6.512e+07 5.669e+08 3.7812e+09 1.5779e+10 4.2255e+10 9.3092e+10 1.7231e+11 2.7212e+11 3.8433e+11 5.043e+11 6.2562e+11 7.3766e+11 8.2864e+11
11.714 6.5418e+11 5.4752e+11 4.2684e+11 3.0544e+11 1.9657e+11 1.0992e+11 5.0659e+10 1.8386e+10 5.2551e+09 1.0037e+09 8.7646e+07 1.5521e+07 9.0308e+05 1.9958e+06 1.9343e+06 1.965e+06 1.9941e+06 2.0239e+06 2.0582e+06 2.0873e+06 2.1189e+06 2.1505e+06 2.1812e+06 2.2127e+06 2.2395e+06 2.2757e+06 2.3191e+06 2.3691e+06 2.4264e+06 2.4955e+06 2.5781e+06 2.6799e+06 2.5418e+06 5.6286e+06 2.2847e+07 4.394e+08 2.6205e+09 1.2259e+10 3.4818e+10 7.8088e+10 1.487e+11 2.4163e+11 3.477e+11 4.6134e+11 5.774e+11 6.8711e+11 7.7954e+11
11.927 6.1086e+11 5.047e+11 3.8783e+11 2.7294e+11 1.7183e+11 9.3053e+10 4.1213e+10 1.4527e+10 3.9905e+09 6.5035e+08 6.9437e+07 7.6718e+06 1.5182e+06 1.6694e+06 1.7154e+06 1.7398e+06 1.763e+06 1.7842e+06 1.808e+06 1.8304e+06 1.8523e+06 1.8756e+06 1.8967e+06 1.9194e+06 1.9386e+06 1.9629e+06 1.9948e+06 2.0283e+06 2.0692e+06 2.1195e+06 2.1746e+06 2.242e+06 2.2762e+06 4.6486e+06 5.9504e+06 3.1728e+08 1.8742e+09 9.3038e+09 2.8626e+10 6.5645e+10 1.2791e+11 2.1376e+11 3.1409e+11 4.2205e+11 5.3295e+11 6.3975e+11 7.3261e+11
12.14 5.6965e+11 4.6471e+11 3.5205e+11 2.4351e+11 1.4966e+11 7.8371e+10 3.3497e+10 1.1516e+10 2.956e+09 4.2094e+08 5.8502e+07 1.6311e+06 1.9275e+06 1.4675e+06 1.528e+06 1.5442e+06 1.5645e+06 1.5823e+06 1.5969e+06 1.6146e+06 1.6299e+06 1.6455e+06 1.6611e+06 1.6762e+06 1.6889e+06 1.7068e+06 1.7275e+06 1.7506e+06 1.7791e+06 1.8123e+06 1.8501e+06 1.8946e+06 2.031e+06 2.2964e+06 6.6808e+06 1.9694e+08 1.4046e+09 6.9406e+09 2.3334e+10 5.5326e+10 1.0985e+11 1.884e+11 2.8313e+11 3.8598e+11 4.9201e+11 5.955e+11 6.8795e+11
12.353 5.306e+11 4.275e+11 3.1925e+11 2.168e+11 1.2982e+11 6.5742e+10 2.7266e+10 9.106e+09 2.1257e+09 2.9111e+08 4.2413e+07 14377 1.6761e+06 1.343e+06 1.3649e+06 1.3805e+06 1.3943e+06 1.4088e+06 1.4192e+06 1.4315e+06 1.4431e+06 1.4531e+06 1.4645e+06 1.4742e+06 1.482e+06 1.4955e+06 1.5073e+06 1.5238e+06 1.542e+06 1.5619e+06 1.5887e+06 1.6211e+06 1.6931e+06 1.0617e+06 1.0267e+07 1.0327e+08 1.0731e+09 5.166e+09 1.8765e+10 4.6666e+10 9.4353e+10 1.6552e+11 2.5455e+11 3.5269e+11 4.5424e+11 5.5428e+11 6.4564e+11
12.566 4.9375e+11 3.9292e+11 2.8914e+11 1.9251e+11 1.1215e+11 5.5024e+10 2.224e+10 7.1249e+09 1.4981e+09 2.2016e+08 2.3283e+07 1.2181e+06 1.1916e+06 1.2315e+06 1.2296e+06 1.2395e+06 1.2486e+06 1.2585e+06 1.269e+06 1.2762e+06 1.2846e+06 1.2917e+06 1.299e+06 1.3056e+06 1.311e+06 1.3189e+06 1.3266e+06 1.3371e+06 1.3475e+06 1.3599e+06 1.3774e+06 1.3978e+06 1.4014e+06 1.1489e+06 8.83e+06 5.2119e+07 7.9365e+08 3.9018e+09 1.4874e+10 3.9262e+10 8.1142e+10 1.451e+11 2.2821e+11 3.2185e+11 4.193e+11 5.1592e+11 6.0568e+11
12.779 4.5906e+11 3.6084e+11 2.6146e+11 1.704e+11 9.6529e+10 4.6032e+10 1.8144e+10 5.4825e+09 1.0608e+09 1.706e+08 8.7705e+06 2.354e+06 9.3446e+05 1.0981e+06 1.1039e+06 1.1163e+06 1.124e+06 1.13e+06 1.1386e+06 1.144e+06 1.1496e+06 1.1553e+06 1.1592e+06 1.164e+06 1.1679e+06 1.1712e+06 1.1773e+06 1.1821e+06 1.1879e+06 1.196e+06 1.2041e+06 1.213e+06 1.214e+06 1.4401e+06 4.017e+06 3.5607e+07 5.4569e+08 3.0092e+09 1.1669e+10 3.2823e+10 6.986e+10 1.2707e+11 2.0404e+11 2.9318e+11 3.8688e+11 4.8021e+11 5.6806e+11
12.992 4.2649e+11 3.3104e+11 2.3595e+11 1.5034e+11 8.2863e+10 3.8534e+10 1.4745e+10 4.1462e+09 7.7626e+08 1.2303e+08 2.8688e+06 2.1142e+06 9.225e+05 9.8717e+05 9.9901e+05 1.0058e+06 1.0142e+06 1.0202e+06 1.0252e+06 1.0306e+06 1.0341e+06 1.0381e+06 1.0409e+06 1.0438e+06 1.0462e+06 1.048e+06 1.0516e+06 1.0533e+06 1.0567e+06 1.0605e+06 1.0621e+06 1.0663e+06 1.0769e+06 1.2997e+06 5.6364e+05 3.2502e+07 3.4746e+08 2.341e+09 9.1358e+09 2.7193e+10 6.0138e+10 1.1129e+11 1.8203e+11 2.6652e+11 3.5667e+11 4.4693e+11 5.327e+11
13.205 3.9593e+11 3.0332e+11 2.1243e+11 1.3223e+11 7.1028e+10 3.2274e+10 1.1883e+10 3.104e+09 5.904e+08 7.724e+07 3.2845e+06 1.1241e+06 9.319e+05 8.9159e+05 9.0262e+05 9.1052e+05 9.178e+05 9.2409e+05 9.2673e+05 9.3157e+05 9.3471e+05 9.3702e+05 9.3961e+05 9.4115e+05 9.4198e+05 9.4426e+05 9.448e+05 9.4608e+05 9.4711e+05 9.4711e+05 9.4732e+05 9.4911e+05 9.5296e+05 9.5131e+05 1.9072e+05 2.6695e+07 2.1668e+08 1.7927e+09 7.1999e+09 2.2319e+10 5.165e+10 9.752e+10 1.6214e+11 2.4177e+11 3.2844e+11 4.1585e+11 4.995e+11
13.418 3.6726e+11 2.7751e+11 1.9075e+11 1.1599e+11 6.0857e+10 2.6998e+10 9.468e+09 2.3319e+09 4.5337e+08 4.1851e+07 4.9167e+06 4.741e+05 8.5141e+05 8.1771e+05 8.2392e+05 8.2792e+05 8.3238e+05 8.3795e+05 8.4198e+05 8.4492e+05 8.4794e+05 8.4955e+05 8.5172e+05 8.5268e+05 8.5307e+05 8.5479e+05 8.5414e+05 8.5518e+05 8.5446e+05 8.5276e+05 8.528e+05 8.5031e+05 8.4744e+05 7.5899e+05 1.1955e+06 1.5738e+07 1.474e+08 1.323e+09 5.7303e+09 1.8195e+10 4.4155e+10 8.549e+10 1.4432e+11 2.1888e+11 3.0201e+11 3.8674e+11 4.6832e+11
13.631 3.4034e+11 2.5343e+11 1.7084e+11 1.0155e+11 5.2146e+10 2.2498e+10 7.4631e+09 1.7807e+09 3.3588e+08 2.243e+07 4.5421e+06 4.8101e+05 7.291e+05 7.3956e+05 7.4611e+05 7.5419e+05 7.584e+05 7.6158e+05 7.6661e+05 7.6867e+05 7.7131e+05 7.7342e+05 7.7454e+05 7.7572e+05 7.7655e+05 7.7662e+05 7.7695e+05 7.7667e+05 7.7543e+05 7.7408e+05 7.7225e+05 7.6805e+05 7.6289e+05 7.3861e+05 1.5683e+06 5.719e+06 1.1374e+08 9.3759e+08 4.5798e+09 1.4801e+10 3.7514e+10 7.4908e+10 1.2845e+11 1.9784e+11 2.7727e+11 3.5939e+11 4.39e+11
13.844 3.1503e+11 2.3097e+11 1.5264e+11 8.882e+10 4.4665e+10 1.8627e+10 5.8477e+09 1.3846e+09 2.3223e+08 1.6278e+07 2.4275e+06 7.27e+05 6.4869e+05 6.7601e+05 6.821e+05 6.8683e+05 6.9153e+05 6.9502e+05 6.9897e+05 7.017e+05 7.0369e+05 7.0589e+05 7.0685e+05 7.0807e+05 7.0907e+05 7.0849e+05 7.0964e+05 7.0841e+05 7.0768e+05 7.0669e+05 7.0305e+05 6.9965e+05 6.9383e+05 7.208e+05 1.0381e+06 1.4473e+06 8.9139e+07 6.5279e+08 3.631e+09 1.2074e+10 3.167e+10 6.551e+10 1.1435e+11 1.7862e+11 2.5413e+11 3.3366e+11 4.1138e+11
14.057 2.9119e+11 2.1005e+11 1.3612e+11 7.7645e+10 3.8195e+10 1.5301e+10 4.5894e+09 1.081e+09 1.5e+08 1.5528e+07 5.2881e+05 7.782e+05 6.0474e+05 6.1463e+05 6.2002e+05 6.2594e+05 6.3192e+05 6.3596e+05 6.3801e+05 6.4159e+05 6.4362e+05 6.455e+05 6.4694e+05 6.4801e+05 6.486e+05 6.4923e+05 6.4961e+05 6.4904e+05 6.4866e+05 6.4722e+05 6.4396e+05 6.4104e+05 6.3723e+05 6.4524e+05 4.6585e+05 1.9431e+06 6.1816e+07 4.6644e+08 2.8222e+09 9.8962e+09 2.6607e+10 5.7098e+10 1.018e+11 1.6118e+11 2.3259e+11 3.094e+11 3.8531e+11
14.27 2.6873e+11 1.9063e+11 1.2121e+11 6.7855e+10 3.2552e+10 1.2479e+10 3.6314e+09 8.2849e+08 9.5885e+07 1.3581e+07 26037 6.1611e+05 5.6626e+05 5.6566e+05 5.7079e+05 5.7359e+05 5.7715e+05 5.8203e+05 5.8451e+05 5.8752e+05 5.8994e+05 5.9139e+05 5.934e+05 5.9435e+05 5.9472e+05 5.964e+05 5.9601e+05 5.9676e+05 5.9623e+05 5.946e+05 5.9337e+05 5.9054e+05 5.8726e+05 5.6987e+05 3.7907e+05 3.1686e+06 3.5239e+07 3.5186e+08 2.1421e+09 8.1294e+09 2.2308e+10 4.9549e+10 9.0577e+10 1.4541e+11 2.1261e+11 2.8655e+11 3.6065e+11
14.483 2.4757e+11 1.7268e+11 1.0784e+11 5.9254e+10 2.7605e+10 1.0136e+10 2.8991e+09 6.125e+08 6.74e+07 8.8739e+06 5.0771e+05 4.5389e+05 5.1355e+05 5.1487e+05 5.201e+05 5.257e+05 5.2949e+05 5.325e+05 5.3637e+05 5.3854e+05 5.4118e+05 5.431e+05 5.4478e+05 5.461e+05 5.4693e+05 5.4823e+05 5.4855e+05 5.4952e+05 5.4918e+05 5.4841e+05 5.4815e+05 5.4552e+05 5.4078e+05 5.2983e+05 5.5419e+05 2.693e+06 1.7363e+07 2.7309e+08 1.6021e+09 6.6501e+09 1.8721e+10 4.2804e+10 8.047e+10 1.3119e+11 1.9418e+11 2.6505e+11 3.3729e+11
14.696 2.2768e+11 1.5619e+11 9.5892e+10 5.1658e+10 2.3277e+10 8.235e+09 2.3189e+09 4.3658e+08 5.3955e+07 3.7898e+06 9.3547e+05 4.116e+05 4.6551e+05 4.7302e+05 4.7845e+05 4.827e+05 4.8553e+05 4.8855e+05 4.9255e+05 4.9477e+05 4.9707e+05 4.9937e+05 5.0083e+05 5.0244e+05 5.0385e+05 5.0434e+05 5.0605e+05 5.0646e+05 5.0689e+05 5.0731e+05 5.064e+05 5.0454e+05 5.0143e+05 5.0174e+05 6.0877e+05 1.1205e+06 1.0542e+07 2.0474e+08 1.2041e+09 5.3793e+09 1.5747e+10 3.6844e+10 7.1313e+10 1.1835e+11 1.7726e+11 2.4488e+11 3.1514e+11
14.909 2.0904e+11 1.4112e+11 8.5226e+10 4.4907e+10 1.9529e+10 6.7174e+09 1.8366e+09 3.0746e+08 4.4212e+07 9.6703e+05 8.1915e+05 4.3e+05 4.2722e+05 4.3337e+05 4.3679e+05 4.4129e+05 4.4653e+05 4.4934e+05 4.5189e+05 4.5495e+05 4.5709e+05 4.5944e+05 4.6104e+05 4.6276e+05 4.6408e+05 4.6501e+05 4.669e+05 4.6741e+05 4.6865e+05 4.6947e+05 4.6855e+05 4.6831e+05 4.6796e+05 4.6668e+05 4.9524e+05 1.0705e+05 1.0018e+07 1.409e+08 9.2617e+08 4.2876e+09 1.3263e+10 3.1654e+10 6.2999e+10 1.0671e+11 1.6178e+11 2.2603e+11 2.9415e+11
15.122 1.9164e+11 1.274e+11 7.5681e+10 3.8891e+10 1.6333e+10 5.5044e+09 1.426e+09 2.2341e+08 3.2497e+07 7.6948e+05 4.2758e+05 4.1756e+05 3.958e+05 3.9984e+05 4.0385e+05 4.0661e+05 4.0945e+05 4.1371e+05 4.1565e+05 4.1871e+05 4.2098e+05 4.2282e+05 4.2497e+05 4.2648e+05 4.2751e+05 4.2951e+05 4.3064e+05 4.322e+05 4.3353e+05 4.3425e+05 4.3472e+05 4.3535e+05 4.3505e+05 4.321e+05 3.8899e+05 1.8458e+05 9.4659e+06 8.8915e+07 7.2788e+08 3.3771e+09 1.1147e+10 2.7194e+10 5.547e+10 9.6106e+10 1.4764e+11 2.0849e+11 2.7428e+11
15.335 1.7548e+11 1.1496e+11 6.7101e+10 3.3538e+10 1.3654e+10 4.5146e+09 1.0836e+09 1.7207e+08 1.9851e+07 1.5958e+06 2.0359e+05 3.6677e+05 3.6377e+05 3.6689e+05 3.7034e+05 3.7367e+05 3.7739e+05 3.8014e+05 3.8293e+05 3.8531e+05 3.8783e+05 3.8971e+05 3.9179e+05 3.9338e+05 3.944e+05 3.9664e+05 3.976e+05 3.9978e+05 4.0102e+05 4.0202e+05 4.0391e+05 4.0428e+05 4.0368e+05 4.033e+05 3.751e+05 6.3461e+05 6.4112e+06 5.6002e+07 5.7015e+08 2.6529e+09 9.3091e+09 2.3388e+10 4.8704e+10 8.6395e+10 1.3472e+11 1.9223e+11 2.5551e+11
15.548 1.6055e+11 1.0367e+11 5.9356e+10 2.8813e+10 1.1434e+10 3.6827e+09 8.1421e+08 1.3694e+08 1.0186e+07 1.8261e+06 2.4604e+05 3.1927e+05 3.3318e+05 3.372e+05 3.4182e+05 3.4576e+05 3.4717e+05 3.4993e+05 3.5334e+05 3.552e+05 3.5748e+05 3.5955e+05 3.6131e+05 3.6303e+05 3.645e+05 3.6595e+05 3.6777e+05 3.6958e+05 3.7108e+05 3.7279e+05 3.7463e+05 3.7536e+05 3.7597e+05 3.7631e+05 3.895e+05 7.2078e+05 2.5913e+06 4.0622e+07 4.3146e+08 2.1016e+09 7.7009e+09 2.0132e+10 4.2689e+10 7.7485e+10 1.2288e+11 1.7719e+11 2.3785e+11
15.761 1.4678e+11 9.3409e+10 5.2349e+10 2.469e+10 9.5967e+09 2.97e+09 6.1701e+08 1.0592e+08 5.6754e+06 1.1565e+06 3.544e+05 2.9763e+05 3.0777e+05 3.1138e+05 3.1385e+05 3.1676e+05 3.2103e+05 3.2275e+05 3.2541e+05 3.2771e+05 3.297e+05 3.3195e+05 3.3345e+05 3.3528e+05 3.3682e+05 3.3791e+05 3.403e+05 3.4158e+05 3.4359e+05 3.4577e+05 3.4693e+05 3.4861e+05 3.5027e+05 3.5089e+05 3.6785e+05 4.4668e+05 5.1306e+05 3.3952e+07 3.106e+08 1.6869e+09 6.3119e+09 1.7314e+10 3.7397e+10 6.932e+10 1.1198e+11 1.6332e+11 2.2128e+11
15.974 1.3413e+11 8.4049e+10 4.6021e+10 2.1139e+10 8.0585e+09 2.363e+09 4.7961e+08 7.5641e+07 5.059e+06 3.2547e+05 3.5487e+05 2.8416e+05 2.8461e+05 2.8744e+05 2.904e+05 2.9337e+05 2.9529e+05 2.9863e+05 3.0021e+05 3.0272e+05 3.0456e+05 3.0635e+05 3.0816e+05 3.0973e+05 3.11e+05 3.1264e+05 3.1452e+05 3.1612e+05 3.1825e+05 3.2021e+05 3.2164e+05 3.2398e+05 3.2601e+05 3.28e+05 3.2544e+05 2.2141e+05 5.8238e+05 2.7406e+07 2.1642e+08 1.362e+09 5.1467e+09 1.4837e+10 3.2776e+10 6.1877e+10 1.0191e+11 1.505e+11 2.0578e+11
16.187 1.2249e+11 7.5485e+10 4.0338e+10 1.8109e+10 6.7459e+09 1.8624e+09 3.8151e+08 4.9401e+07 5.3317e+06 11635 2.6913e+05 2.6373e+05 2.6318e+05 2.6625e+05 2.6849e+05 2.6989e+05 2.7338e+05 2.7553e+05 2.7731e+05 2.7951e+05 2.8149e+05 2.8307e+05 2.8491e+05 2.8635e+05 2.8731e+05 2.8946e+05 2.9065e+05 2.9283e+05 2.9465e+05 2.9637e+05 2.9875e+05 3.0097e+05 3.0306e+05 3.0497e+05 2.9862e+05 2.3047e+05 1.3098e+06 1.8366e+07 1.5398e+08 1.0883e+09 4.2019e+09 1.2638e+10 2.8743e+10 5.5144e+10 9.2579e+10 1.3865e+11 1.9133e+11
16.4 1.1178e+11 6.7634e+10 3.5282e+10 1.5529e+10 5.6087e+09 1.4679e+09 3.0315e+08 3.1419e+07 4.4485e+06 1.9556e+05 2.0468e+05 2.392e+05 2.4204e+05 2.4462e+05 2.4802e+05 2.5157e+05 2.521e+05 2.5458e+05 2.5697e+05 2.5845e+05 2.6032e+05 2.6185e+05 2.6348e+05 2.6488e+05 2.6598e+05 2.6771e+05 2.6906e+05 2.7116e+05 2.728e+05 2.7463e+05 2.7732e+05 2.7906e+05 2.8089e+05 2.8258e+05 2.8621e+05 3.2354e+05 1.3447e+06 9.6074e+06 1.177e+08 8.48e+08 3.4527e+09 1.0691e+10 2.52e+10 4.9107e+10 8.3945e+10 1.2765e+11 1.7787e+11
16.613 1.0188e+11 6.0448e+10 3.0826e+10 1.332e+10 4.6226e+09 1.1688e+09 2.3352e+08 2.2309e+07 2.5034e+06 4.24e+05 2.0031e+05 2.1978e+05 2.2456e+05 2.2745e+05 2.296e+05 2.3111e+05 2.3434e+05 2.3526e+05 2.3765e+05 2.3918e+05 2.4079e+05 2.4255e+05 2.4376e+05 2.4524e+05 2.4651e+05 2.4756e+05 2.4948e+05 2.5093e+05 2.5271e+05 2.5485e+05 2.5681e+05 2.5877e+05 2.6086e+05 2.6354e+05 2.694e+05 3.2845e+05 6.8222e+05 4.5358e+06 9.4873e+07 6.4256e+08 2.8553e+09 8.9946e+09 2.2053e+10 4.3732e+10 7.5977e+10 1.174e+11 1.6533e+11
16.826 9.2716e+10 5.3899e+10 2.6931e+10 1.1404e+10 3.7814e+09 9.4324e+08 1.7164e+08 1.8678e+07 8.0319e+05 4.0312e+05 2.1383e+05 2.0622e+05 2.0862e+05 2.1014e+05 2.1205e+05 2.1513e+05 2.1627e+05 2.1867e+05 2.2002e+05 2.2177e+05 2.2313e+05 2.246e+05 2.2588e+05 2.2718e+05 2.2832e+05 2.2935e+05 2.312e+05 2.3241e+05 2.3433e+05 2.3635e+05 2.3779e+05 2.4021e+05 2.4293e+05 2.4571e+05 2.4727e+05 2.5614e+05 1.1081e+05 3.4855e+06 7.4399e+07 4.8078e+08 2.361e+09 7.551e+09 1.9229e+10 3.8959e+10 6.8666e+10 1.0784e+11 1.5364e+11
17.039 8.422e+10 4.797e+10 2.3537e+10 9.7226e+09 3.0841e+09 7.6552e+08 1.2194e+08 1.606e+07 2.279e+05 2.188e+05 2.0292e+05 1.9195e+05 1.9352e+05 1.9615e+05 1.9788e+05 1.9811e+05 2.0113e+05 2.0261e+05 2.0375e+05 2.0554e+05 2.0692e+05 2.0816e+05 2.095e+05 2.1063e+05 2.1143e+05 2.1295e+05 2.1412e+05 2.1565e+05 2.1733e+05 2.1896e+05 2.2073e+05 2.2307e+05 2.2549e+05 2.2746e+05 2.2885e+05 2.0569e+05 69086 3.9952e+06 5.2837e+07 3.6556e+08 1.9333e+09 6.3507e+09 1.6686e+10 3.471e+10 6.2003e+10 9.8908e+10 1.4271e+11
17.252 7.635e+10 4.2646e+10 2.0571e+10 8.2414e+09 2.5229e+09 6.1536e+08 8.7695e+07 1.2097e+07 5.2247e+05 97775 1.7503e+05 1.7732e+05 1.7908e+05 1.8068e+05 1.827e+05 1.8569e+05 1.8594e+05 1.8812e+05 1.8951e+05 1.9074e+05 1.9212e+05 1.9314e+05 1.9445e+05 1.9543e+05 1.9614e+05 1.9768e+05 1.9852e+05 2.0026e+05 2.0158e+05 2.03e+05 2.0522e+05 2.0701e+05 2.0882e+05 2.1093e+05 2.1409e+05 2.064e+05 3.0313e+05 3.6604e+06 3.349e+07 2.8817e+08 1.5566e+09 5.3632e+09 1.441e+10 3.0902e+10 5.5971e+10 9.0582e+10 1.3246e+11
17.465 6.9082e+10 3.7897e+10 1.7958e+10 6.9459e+09 2.0779e+09 4.8351e+08 6.7232e+07 7.3575e+06 8.5026e+05 1.1648e+05 1.5525e+05 1.6382e+05 1.6609e+05 1.6851e+05 1.7071e+05 1.7137e+05 1.7361e+05 1.7413e+05 1.7607e+05 1.7707e+05 1.7831e+05 1.7954e+05 1.8048e+05 1.8153e+05 1.8239e+05 1.8336e+05 1.8455e+05 1.8587e+05 1.8711e+05 1.8863e+05 1.9054e+05 1.9201e+05 1.9381e+05 1.964e+05 1.9888e+05 2.1318e+05 3.9453e+05 2.1352e+06 2.071e+07 2.3259e+08 1.2328e+09 4.5425e+09 1.2401e+10 2.7456e+10 5.0533e+10 8.2848e+10 1.2283e+11
17.678 6.2408e+10 3.3676e+10 1.5637e+10 5.8325e+09 1.7208e+09 3.706e+08 5.478e+07 3.7171e+06 7.2182e+05 1.7817e+05 1.4914e+05 1.5332e+05 1.5533e+05 1.563e+05 1.5731e+05 1.6013e+05 1.6086e+05 1.6251e+05 1.6369e+05 1.6481e+05 1.6581e+05 1.6693e+05 1.6778e+05 1.6875e+05 1.6965e+05 1.7026e+05 1.717e+05 1.7256e+05 1.7392e+05 1.7548e+05 1.7668e+05 1.7837e+05 1.8029e+05 1.8241e+05 1.8447e+05 1.9554e+05 2.6678e+05 6.3022e+05 1.5114e+07 1.8477e+08 9.7037e+08 3.8409e+09 1.0663e+10 2.4319e+10 4.5632e+10 7.5703e+10 1.1377e+11
17.891 5.6316e+10 2.9921e+10 1.3563e+10 4.8959e+09 1.4234e+09 2.8099e+08 4.4399e+07 2.2111e+06 3.073e+05 1.8345e+05 1.4436e+05 1.432e+05 1.4447e+05 1.4631e+05 1.4796e+05 1.4787e+05 1.5017e+05 1.5113e+05 1.5201e+05 1.5335e+05 1.5429e+05 1.5527e+05 1.5615e+05 1.5702e+05 1.5768e+05 1.5855e+05 1.5964e+05 1.6052e+05 1.6183e+05 1.6312e+05 1.6416e+05 1.6598e+05 1.6791e+05 1.6954e+05 1.7195e+05 1.6979e+05 1.258e+05 1.2939e+05 1.3344e+07 1.3932e+08 7.7084e+08 3.2233e+09 9.181e+09 2.146e+10 4.1199e+10 6.9139e+10 1.0525e+11
18.104 5.0789e+10 2.6566e+10 1.1713e+10 4.1208e+09 1.1661e+09 2.1619e+08 3.3355e+07 2.2361e+06 27828 1.3725e+05 1.3314e+05 1.3274e+05 1.3445e+05 1.3578e+05 1.3666e+05 1.3884e+05 1.393e+05 1.4112e+05 1.418e+05 1.4286e+05 1.4384e+05 1.4453e+05 1.4552e+05 1.462e+05 1.4668e+05 1.4784e+05 1.4842e+05 1.4962e+05 1.5062e+05 1.5163e+05 1.5303e+05 1.545e+05 1.5604e+05 1.5772e+05 1.5954e+05 1.5687e+05 1.123e+05 4.345e+05 1.1434e+07 9.9097e+07 6.2395e+08 2.6745e+09 7.9247e+09 1.8872e+10 3.7164e+10 6.3139e+10 9.7262e+10
18.317 4.5792e+10 2.3548e+10 1.0081e+10 3.481e+09 9.4115e+08 1.7189e+08 2.2578e+07 2.4184e+06 47149 1.0122e+05 1.2103e+05 1.2352e+05 1.2485e+05 1.2646e+05 1.2863e+05 1.2906e+05 1.3038e+05 1.3086e+05 1.323e+05 1.3305e+05 1.3399e+05 1.3482e+05 1.3558e+05 1.363e+05 1.3681e+05 1.3772e+05 1.3834e+05 1.3945e+05 1.4027e+05 1.4123e+05 1.4274e+05 1.4376e+05 1.4489e+05 1.4647e+05 1.4788e+05 1.5196e+05 1.6709e+05 7.2219e+05 7.9568e+06 6.9291e+07 5.1144e+08 2.1961e+09 6.8496e+09 1.6558e+10 3.3464e+10 5.7667e+10 8.9791e+10
18.53 4.1278e+10 2.0819e+10 8.6606e+09 2.9445e+09 7.4995e+08 1.3993e+08 1.4442e+07 1.9322e+06 1.9061e+05 1.0134e+05 1.1286e+05 1.1548e+05 1.1699e+05 1.181e+05 1.1862e+05 1.2073e+05 1.2144e+05 1.2253e+05 1.2354e+05 1.2424e+05 1.2503e+05 1.2584e+05 1.2645e+05 1.2715e+05 1.2781e+05 1.2827e+05 1.2924e+05 1.2995e+05 1.3081e+05 1.3187e+05 1.3291e+05 1.3389e+05 1.351e+05 1.3658e+05 1.3841e+05 1.4259e+05 1.8057e+05 5.6091e+05 4.1972e+06 5.1416e+07 4.1611e+08 1.7954e+09 5.9101e+09 1.4519e+10 3.0056e+10 5.2674e+10 8.284e+10
18.743 3.719e+10 1.8348e+10 7.4434e+09 2.4828e+09 5.9588e+08 1.128e+08 1.0097e+07 9.8775e+05 2.3519e+05 1.1238e+05 1.0725e+05 1.0849e+05 1.0955e+05 1.1045e+05 1.1194e+05 1.122e+05 1.136e+05 1.1423e+05 1.1509e+05 1.1603e+05 1.1669e+05 1.1751e+05 1.1807e+05 1.1875e+05 1.1931e+05 1.1975e+05 1.2071e+05 1.2122e+05 1.2217e+05 1.2316e+05 1.2379e+05 1.2499e+05 1.2632e+05 1.2769e+05 1.2936e+05 1.298e+05 1.4087e+05 1.9003e+05 1.9576e+06 4.1809e+07 3.2934e+08 1.4742e+09 5.0723e+09 1.2743e+10 2.6919e+10 4.81e+10 7.6404e+10
18.956 3.3471e+10 1.6122e+10 6.4085e+09 2.0775e+09 4.7832e+08 8.7141e+07 8.5281e+06 2.7508e+05 1.5061e+05 1.0802e+05 1.0059e+05 1.0093e+05 1.021e+05 1.0346e+05 1.0381e+05 1.0502e+05 1.0594e+05 1.0729e+05 1.0758e+05 1.0849e+05 1.0918e+05 1.0971e+05 1.1043e+05 1.1094e+05 1.1133e+05 1.1209e+05 1.1264e+05 1.1336e+05 1.1417e+05 1.1493e+05 1.1569e+05 1.1684e+05 1.1799e+05 1.1896e+05 1.1991e+05 1.2046e+05 1.0661e+05 11851 1.5773e+06 3.4741e+07 2.5216e+08 1.2226e+09 4.32e+09 1.1201e+10 2.4048e+10 4.3886e+10 7.0466e+10
19.169 3.0071e+10 1.4135e+10 5.5258e+09 1.722e+09 3.904e+08 6.3963e+07 7.6515e+06 1.4403e+05 58653 91779 92919 94091 95327 96245 97935 98581 99114 99731 1.0072e+05 1.0136e+05 1.0206e+05 1.0264e+05 1.0327e+05 1.0379e+05 1.0409e+05 1.049e+05 1.0524e+05 1.0611e+05 1.0671e+05 1.0735e+05 1.084e+05 1.092e+05 1.1005e+05 1.1096e+05 1.1191e+05 1.139e+05 1.0601e+05 92641 1.9187e+06 2.6702e+07 1.8998e+08 1.0219e+09 3.6526e+09 9.8519e+09 2.1447e+10 3.9983e+10 6.4995e+10
19.382 2.6955e+10 1.2384e+10 4.7627e+09 1.4176e+09 3.2169e+08 4.5957e+07 6.0663e+06 3.5661e+05 47242 80823 86793 88270 89134 90301 90879 92042 92965 93622 94422 94897 95550 96114 96621 97117 97564 98049 98602 99278 99841 1.0053e+05 1.0148e+05 1.0206e+05 1.0277e+05 1.0391e+05 1.0522e+05 1.0646e+05 1.1454e+05 2.0755e+05 1.7927e+06 1.804e+07 1.4583e+08 8.5196e+08 3.0768e+09 8.6546e+09 1.9116e+10 3.6355e+10 5.9951e+10
19.595 2.4104e+10 1.0853e+10 4.0914e+09 1.1662e+09 2.6297e+08 3.44e+07 3.8655e+06 4.7543e+05 86978 79311 81926 82999 84029 84556 85544 86404 86897 87428 88311 88910 89413 90082 90467 91004 91472 91724 92500 92874 93539 94295 94826 95572 96419 97355 98393 99030 1.0758e+05 1.9112e+05 1.0376e+06 1.1167e+07 1.169e+08 7.0024e+08 2.5953e+09 7.5752e+09 1.7048e+10 3.2985e+10 5.5284e+10
19.808 2.151e+10 9.52e+09 3.4948e+09 9.6536e+08 2.0987e+08 2.7879e+07 2.0194e+06 3.3343e+05 1.0558e+05 78322 77080 77851 78574 79552 80010 80353 81688 82500 82666 83396 83911 84357 84857 85274 85641 86067 86648 87058 87730 88365 88789 89665 90560 91263 91943 93088 91918 96009 2.9723e+05 7.5943e+06 9.6309e+07 5.642e+08 2.2007e+09 6.5957e+09 1.5216e+10 2.9868e+10 5.0945e+10
20.021 1.9169e+10 8.3541e+09 2.9671e+09 8.0596e+08 1.6303e+08 2.3455e+07 1.2063e+06 1.0137e+05 83274 72584 71832 72517 73540 74376 75254 76215 76174 76981 77604 78179 78682 79112 79624 80013 80235 80867 81154 81773 82277 82778 83429 84160 84861 85516 86278 87315 83823 48495 83523 6.548e+06 7.7803e+07 4.4822e+08 1.8755e+09 5.7125e+09 1.3588e+10 2.7009e+10 4.6894e+10
20.234 1.7074e+10 7.323e+09 2.5088e+09 6.7558e+08 1.2525e+08 1.8836e+07 1.2234e+06 555.61 55297 65506 67154 68205 68931 69674 70590 70920 72061 72390 72947 73351 73898 74276 74726 75082 75356 75881 76162 76793 77200 77666 78474 78929 79458 80143 80922 81430 83144 73213 2.7088e+05 6.0151e+06 5.9255e+07 3.5681e+08 1.5986e+09 4.9306e+09 1.2124e+10 2.4409e+10 4.3099e+10
20.447 1.5211e+10 6.4008e+09 2.1209e+09 5.6323e+08 9.7944e+07 1.3654e+07 1.3518e+06 56866 50580 61423 63502 64292 64940 65627 66058 67317 67156 67730 68564 68915 69311 69836 70134 70550 70911 71141 71679 72057 72508 73062 73632 74090 74633 75420 76113 76803 80092 1.0253e+05 4.1278e+05 4.68e+06 4.2495e+07 2.8939e+08 1.3532e+09 4.2543e+09 1.0793e+10 2.2063e+10 3.9545e+10
20.66 1.3556e+10 5.5718e+09 1.7991e+09 4.6306e+08 7.9444e+07 9.031e+06 1.1072e+06 1.3391e+05 60410 59308 59866 60536 61274 61691 62386 62257 63738 64036 64245 64804 65215 65606 65942 66291 66629 66849 67407 67660 68195 68737 69050 69679 70352 70990 71756 72695 72969 91763 2.9812e+05 2.7755e+06 3.028e+07 2.3955e+08 1.132e+09 3.6796e+09 9.573e+09 1.9953e+10 3.6228e+10
20.873 1.2079e+10 4.8301e+09 1.533e+09 3.7486e+08 6.593e+07 6.1004e+06 5.8424e+05 1.2664e+05 62669 56124 56065 56704 57286 58164 58440 59474 59179 60113 60488 60966 61305 61661 62046 62362 62571 62984 63313 63694 64154 64590 64962 65619 66248 66705 67248 67888 67338 63615 86066 1.3279e+06 2.3302e+07 1.9881e+08 9.3632e+08 3.1929e+09 8.4579e+09 1.8051e+10 3.315e+10
21.086 1.0751e+10 4.1759e+09 1.3086e+09 3.012e+08 5.3886e+07 4.9048e+06 1.7922e+05 60647 53296 51934 52534 53164 53935 54386 55351 55285 56452 56546 56895 57306 57764 58018 58410 58668 58837 59335 59493 60017 60349 60703 61294 61745 62215 62718 63148 63565 64633 53972 2664.8 8.8197e+05 1.9628e+07 1.6139e+08 7.7113e+08 2.7741e+09 7.4496e+09 1.6324e+10 3.0314e+10
21.299 9.5455e+09 3.6092e+09 1.1132e+09 2.437e+08 4.1992e+07 4.4927e+06 1.0845e+05 19236 44466 48518 49635 50356 50751 51393 51672 52862 52447 53117 53795 53991 54297 54684 54951 55264 55508 55784 56095 56496 56808 57195 57770 58085 58475 59074 59749 60377 61531 61960 64895 1.0508e+06 1.6519e+07 1.2645e+08 6.387e+08 2.4036e+09 6.5531e+09 1.4742e+10 2.7718e+10
21.512 8.4499e+09 3.1251e+09 9.3902e+08 2.0066e+08 3.1134e+07 3.8563e+06 2.3652e+05 31887 43244 46248 47042 47523 48104 48427 49010 48923 50194 50114 50435 50848 51209 51540 51770 52055 52344 52483 52937 53154 53540 53975 54308 54716 55187 55757 56378 57083 57283 65225 1.2999e+05 1.1073e+06 1.2592e+07 9.6639e+07 5.3525e+08 2.0689e+09 5.7685e+09 1.3281e+10 2.5352e+10
21.725 7.4582e+09 2.7123e+09 7.8459e+08 1.6757e+08 2.288e+07 2.7284e+06 3.0164e+05 59016 44671 43964 44195 44730 45239 45768 45987 46732 46515 47446 47675 48023 48236 48550 48824 49093 49303 49520 49892 50101 50508 50894 51115 51647 52174 52606 53033 53478 53886 56763 1.0857e+05 7.5904e+05 8.4184e+06 7.4576e+07 4.5221e+08 1.7664e+09 5.0873e+09 1.193e+10 2.3193e+10
21.938 6.5699e+09 2.3561e+09 6.5185e+08 1.3951e+08 1.7792e+07 1.5605e+06 2.0522e+05 59876 42508 41114 41484 41996 42493 43055 43636 43652 44582 44551 44775 45204 45586 45774 46089 46288 46417 46814 46962 47333 47634 47931 48300 48752 49194 49545 49973 50441 51299 48095 46463 2.8684e+05 5.3552e+06 6.0082e+07 3.8054e+08 1.4991e+09 4.4931e+09 1.0689e+10 2.1217e+10
22.151 5.7847e+09 2.0422e+09 5.4256e+08 1.1365e+08 1.4939e+07 8.879e+05 58336 39122 37801 38524 39220 39695 40183 40516 40994 41718 41444 42159 42605 42729 42952 43221 43478 43708 43852 44164 44319 44703 44935 45210 45696 45976 46300 46729 47163 47723 48234 46869 22889 67982 3.9894e+06 5.0246e+07 3.1499e+08 1.2713e+09 3.9664e+09 9.56e+09 1.9394e+10
22.364 5.0977e+09 1.761e+09 4.5538e+08 9.0012e+07 1.2727e+07 7.8536e+05 467.86 25465 34846 36606 37227 37716 38004 38448 38726 38990 39776 39531 39951 40258 40594 40860 41033 41256 41479 41627 41928 42167 42428 42746 43124 43373 43693 44182 44665 45056 45297 47872 44652 1.4207e+05 3.6774e+06 4.1652e+07 2.5547e+08 1.0831e+09 3.4902e+09 8.5472e+09 1.7702e+10
22.577 4.4979e+09 1.5091e+09 3.8551e+08 7.0257e+07 1.0135e+07 8.8358e+05 42235 29449 34157 34831 35202 35558 36054 36288 36639 36946 37029 37809 37966 38182 38310 38584 38777 39005 39207 39300 39664 39791 40114 40446 40626 41004 41400 41796 42269 42703 43216 45049 63350 2.5975e+05 3.3304e+06 3.2684e+07 2.0492e+08 9.2885e+08 3.0554e+09 7.6474e+09 1.6124e+10
22.79 3.9704e+09 1.2874e+09 3.2676e+08 5.5643e+07 7.2712e+06 8.0406e+05 91032 37092 33114 32812 33064 33503 33862 34379 34616 34890 35411 35370 35557 35967 36286 36455 36683 36850 36979 37239 37428 37649 37933 38197 38403 38810 39204 39498 39812 40327 40978 40366 53033 2.2606e+05 2.4492e+06 2.4048e+07 1.6571e+08 7.9897e+08 2.6603e+09 6.8502e+09 1.4655e+10
23.003 3.4999e+09 1.0977e+09 2.744e+08 4.5695e+07 4.9083e+06 4.9906e+05 80196 35300 30706 30798 31256 31635 32019 32329 32843 33086 33168 33814 34022 34139 34287 34464 34709 34878 34963 35258 35351 35668 35862 36077 36416 36708 37009 37293 37596 37911 38274 38021 33586 87896 1.3799e+06 1.738e+07 1.371e+08 6.842e+08 2.3085e+09 6.1389e+09 1.3297e+10
23.216 3.0752e+09 9.3945e+08 2.2683e+08 3.849e+07 3.5841e+06 1.9565e+05 32674 27513 28391 29225 29740 30085 30391 30672 30900 31412 31660 31462 31911 32144 32458 32666 32813 32984 33131 33325 33481 33742 33921 34143 34517 34692 34926 35296 35685 35996 36230 37307 29375 2873.8 7.1369e+05 1.3438e+07 1.1549e+08 5.7946e+08 2.0033e+09 5.4958e+09 1.2052e+10
23.429 2.6907e+09 8.0802e+08 1.8512e+08 3.2024e+07 3.1179e+06 90954 6811.9 23581 27181 27879 28212 28568 28832 29128 29380 29457 29845 30362 30498 30622 30699 30920 31068 31254 31430 31481 31778 31899 32128 32391 32600 32836 33108 33471 33846 34296 34747 35459 36920 26617 6.1392e+05 1.1437e+07 9.6748e+07 4.8474e+08 1.7438e+09 4.9066e+09 1.0923e+10
23.642 2.3458e+09 6.9655e+08 1.5103e+08 2.5457e+07 2.8636e+06 1.5575e+05 19361 25116 26267 26374 26626 26914 27315 27551 27778 28127 28269 28312 28511 28845 29112 29291 29435 29586 29721 29859 30084 30199 30454 30690 30816 31138 31456 31723 32034 32354 32823 32806 39356 80246 7.3754e+05 9.8609e+06 7.8695e+07 4.0294e+08 1.5235e+09 4.3637e+09 9.9054e+09
23.855 2.0422e+09 5.9845e+08 1.2496e+08 1.9291e+07 2.3358e+06 2.1851e+05 39104 26292 24754 24834 25125 25462 25707 26123 26402 26466 26853 27320 27360 27512 27599 27712 27930 28058 28131 28355 28458 28676 28860 29046 29244 29540 29822 30029 30265 30541 30794 31092 32871 81017 6.8662e+05 7.7792e+06 6.1805e+07 3.3637e+08 1.3326e+09 3.8666e+09 8.9882e+09
24.068 1.78e+09 5.0989e+08 1.0524e+08 1.4504e+07 1.5629e+06 1.73e+05 37604 23945 23084 23532 23924 24198 24484 24629 24989 25427 25329 25318 25705 25876 26159 26327 26457 26588 26670 26896 26958 27210 27346 27508 27814 27983 28186 28436 28687 29014 29315 29938 27001 37877 4.0712e+05 5.4018e+06 4.7897e+07 2.8426e+08 1.1618e+09 3.4184e+09 8.1564e+09
24.281 1.5555e+09 4.3042e+08 8.9144e+07 1.1516e+07 9.0766e+05 66497 21246 20807 21944 22469 22801 23061 23273 23545 23645 23784 24284 24511 24657 24752 24810 24961 25097 25238 25377 25443 25640 25788 25941 26131 26377 26517 26704 27006 27319 27569 27940 28242 27151 10233 1.3578e+05 3.5354e+06 3.8108e+07 2.427e+08 1.0056e+09 3.0221e+09 7.3942e+09
24.494 1.3622e+09 3.6162e+08 7.4435e+07 9.8141e+06 6.2882e+05 5278.5 12294 19808 21134 21374 21575 21855 22112 22294 22541 22756 22726 22890 23102 23309 23531 23726 23803 23942 24070 24138 24358 24431 24632 24837 24956 25175 25408 25666 25949 26234 26450 26548 28763 20599 64609 2.6429e+06 3.1791e+07 2.0689e+08 8.6339e+08 2.6765e+09 6.6889e+09
24.706 1.1921e+09 3.0476e+08 6.0512e+07 8.448e+06 6.4184e+05 22918 17102 20057 20084 20170 20396 20626 20915 21186 21334 21449 21910 22151 22129 22334 22389 22456 22641 22744 22827 22958 23100 23221 23403 23571 23675 23939 24187 24363 24570 24859 25143 25489 27027 39393 1.4287e+05 2.4301e+06 2.7083e+07 1.7369e+08 7.3779e+08 2.3757e+09 6.0338e+09
24.919 1.039e+09 2.5918e+08 4.8181e+07 6.8093e+06 6.6519e+05 63005 23473 19334 18830 19105 19388 19635 19807 20052 20361 20587 20441 20638 20900 21004 21231 21384 21490 21595 21640 21858 21889 22094 22215 22348 22554 22743 22938 23107 23290 23495 23852 24322 23677 37673 1.9261e+05 2.2421e+06 2.2372e+07 1.4283e+08 6.3126e+08 2.1102e+09 5.4282e+09
25.132 9.0014e+08 2.2215e+08 3.851e+07 4.9912e+06 5.241e+05 64516 21584 17616 17846 18249 18529 18737 18949 19061 19222 19467 19848 19853 20015 20144 20213 20286 20431 20532 20625 20727 20831 21001 21106 21239 21478 21586 21731 21953 22172 22387 22552 22769 22298 22241 1.3262e+05 1.7193e+06 1.7343e+07 1.1603e+08 5.4356e+08 1.8705e+09 4.8748e+09
25.345 7.7591e+08 1.9028e+08 3.1724e+07 3.4977e+06 2.8417e+05 29847 15327 16382 17168 17417 17629 17835 18015 18235 18350 18467 18471 18720 18924 18986 19151 19359 19389 19514 19624 19674 19847 19925 20067 20229 20380 20509 20668 20906 21153 21393 21571 21638 22441 14989 35692 1.0337e+06 1.2812e+07 9.492e+07 4.7114e+08 1.6504e+09 4.3764e+09
25.558 6.6786e+08 1.6122e+08 2.6948e+07 2.6661e+06 1.2013e+05 3209.5 12898 16023 16405 16513 16667 16890 17111 17265 17447 17582 17925 17982 17982 18235 18299 18330 18484 18569 18662 18714 18884 18943 19107 19259 19325 19530 19727 19900 20104 20314 20636 20939 21625 20278 1183.3 5.6954e+05 9.6673e+06 7.9448e+07 4.0876e+08 1.4481e+09 3.9327e+09
25.771 5.7658e+08 1.3453e+08 2.2896e+07 2.3583e+06 1.0693e+05 7917.2 14979 15586 15457 15631 15844 16017 16215 16447 16606 16729 16711 17032 17163 17196 17338 17499 17569 17662 17699 17870 17918 18053 18174 18295 18411 18605 18790 18916 19061 19262 19469 19857 19798 25221 33696 4.7245e+05 7.9827e+06 6.7774e+07 3.5213e+08 1.2655e+09 3.5389e+09
25.984 5.0033e+08 1.112e+08 1.8778e+07 2.1499e+06 1.6381e+05 25331 16287 14593 14623 14917 15152 15336 15459 15591 15823 16035 16222 16138 16292 16483 16595 16596 16754 16819 16874 17001 17046 17212 17294 17394 17581 17698 17834 17982 18137 18315 18468 18604 18638 22026 64032 5.46e+05 7.0186e+06 5.757e+07 2.9963e+08 1.1052e+09 3.1865e+09
26.197 4.3554e+08 9.2311e+07 1.4696e+07 1.743e+06 1.7167e+05 28427 14398 13611 14036 14288 14472 14641 14815 14926 14992 15135 15219 15469 15654 15602 15684 15898 15903 16013 16093 16162 16266 16368 16461 16578 16755 16831 16944 17137 17326 17491 17714 17825 18254 16352 49730 5.1984e+05 5.94e+06 4.7539e+07 2.5227e+08 9.6792e+08 2.8663e+09
26.41 3.7832e+08 7.7863e+07 1.1285e+07 1.188e+06 1.039e+05 15914 11987 13095 13482 13593 13741 13908 14066 14244 14375 14459 14662 14634 14684 14947 15066 15063 15194 15260 15356 15364 15530 15570 15698 15828 15903 16039 16180 16354 16544 16733 16897 17178 17476 15303 15530 3.3201e+05 4.5031e+06 3.7947e+07 2.1203e+08 8.5127e+08 2.571e+09
26.623 3.2619e+08 6.664e+07 8.986e+06 7.4127e+05 28780 5914.1 11600 12719 12772 12888 13031 13201 13372 13510 13649 13757 13849 14169 14219 14208 14238 14419 14450 14542 14585 14691 14772 14842 14965 15077 15138 15309 15469 15585 15726 15900 16075 16271 16314 17458 3584.6 1.3268e+05 3.0901e+06 2.9917e+07 1.7981e+08 7.503e+08 2.2973e+09
26.836 2.7875e+08 5.6979e+07 7.6405e+06 5.6129e+05 10217 8287.8 12253 12069 12067 12283 12470 12600 12730 12897 13054 13186 13263 13208 13317 13541 13719 13666 13829 13865 13902 14023 14055 14188 14264 14350 14468 14603 14737 14837 14948 15091 15302 15439 15588 17616 17392 65988 2.1801e+06 2.4204e+07 1.5448e+08 6.5974e+08 2.0456e+09
27.049 2.3704e+08 4.781e+07 6.6602e+06 5.6674e+05 38377 14999 11901 11319 11556 11776 11951 12095 12198 12274 12410 12574 12673 12863 13028 12941 12925 13131 13128 13227 13270 13368 13410 13528 13593 13677 13843 13908 14003 14142 14277 14419 14547 14783 15118 15146 29106 1.1377e+05 1.8491e+06 2.0486e+07 1.3348e+08 5.7625e+08 1.8183e+09
27.262 2.021e+08 3.9143e+07 5.5467e+06 5.5654e+05 58115 15349 10606 10812 11133 11260 11382 11525 11674 11793 11834 11908 12033 11998 12081 12289 12485 12456 12571 12616 12705 12707 12837 12890 12977 13077 13182 13259 13356 13514 13673 13811 13937 14073 14295 13383 22877 1.5301e+05 1.7515e+06 1.7669e+07 1.1439e+08 4.9931e+08 1.6173e+09
27.475 1.7378e+08 3.1685e+07 4.2547e+06 4.2514e+05 41332 10053 9782.7 10481 10611 10695 10812 10942 11076 11217 11356 11431 11562 11804 11842 11842 11764 11955 11954 12050 12097 12149 12252 12281 12393 12496 12540 12669 12792 12914 13054 13201 13376 13451 13456 13621 10493 1.132e+05 1.5098e+06 1.4786e+07 9.6193e+07 4.3048e+08 1.4418e+09
27.688 1.5056e+08 2.6025e+07 3.0993e+06 2.3871e+05 10788 6827.4 9771.8 10022 10035 10182 10319 10445 10563 10678 10784 10880 10927 10936 10980 11163 11402 11330 11478 11495 11536 11623 11671 11757 11838 11916 11977 12114 12239 12318 12418 12552 12700 12937 13052 13889 7978.3 37821 1.0603e+06 1.1661e+07 7.95e+07 3.7152e+08 1.2882e+09
27.901 1.3038e+08 2.2048e+07 2.3728e+06 1.2386e+05 248.72 8426.8 9665.3 9448 9575.5 9766.7 9913.8 10018 10112 10216 10354 10485 10569 10705 10851 10826 10726 10902 10906 10994 11007 11121 11128 11240 11293 11361 11484 11565 11658 11750 11841 11953 12078 12267 12600 12843 14001 3762.9 6.2655e+05 8.8169e+06 6.5546e+07 3.2267e+08 1.1512e+09
28.114 1.1179e+08 1.9019e+07 2.0577e+06 1.2106e+05 12321 10589 9005.4 8990.4 9236 9365.7 9488.8 9606.8 9701.4 9766.5 9821.1 9919.7 9993.9 9967.5 10051 10145 10395 10362 10464 10487 10561 10584 10662 10737 10793 10864 10986 11032 11105 11229 11350 11461 11584 11629 11808 11611 16969 24321 4.2198e+05 6.8271e+06 5.4947e+07 2.8217e+08 1.0259e+09
28.327 9.4522e+07 1.6165e+07 1.8768e+06 1.5851e+05 23372 9713.1 8324.1 8694 8858.4 8929.2 9019 9137.5 9265.7 9380.8 9449.9 9497.1 9632.6 9797.6 9866.9 9933.3 9793.8 9963 9949.3 10046 10090 10111 10212 10232 10318 10407 10465 10545 10632 10755 10881 11000 11106 11236 11202 11310 13116 50248 4.2779e+05 5.7419e+06 4.7125e+07 2.4709e+08 9.0958e+08
28.54 7.9284e+07 1.321e+07 1.58e+06 1.5026e+05 18315 7375.7 8071.1 8363.9 8397.2 8499.5 8603.2 8700.8 8800.7 8910.8 9021.8 9092.9 9139.9 9186.1 9174.9 9252.1 9503.9 9460.3 9575.4 9581.5 9634.5 9679.5 9751.3 9794.4 9878.1 9951.1 9981.8 10099 10204 10283 10385 10501 10629 10801 10939 11282 8869.2 42439 4.5442e+05 5.0893e+06 4.0717e+07 2.1493e+08 8.0237e+08
28.753 6.6814e+07 1.0439e+07 1.1529e+06 87727 6028.8 6648.8 7947.5 7924.6 7991.5 8140.4 8263.8 8358.2 8438.3 8520.8 8618.8 8715.2 8780.2 8891.2 9009.4 9102.4 8977.2 9091.7 9111.4 9191.7 9189.1 9293.4 9299.4 9384.5 9437.2 9498.6 9571.4 9667.3 9760.4 9823.4 9894.8 9998.7 10128 10233 10496 10653 9186.9 14228 3.6624e+05 4.3403e+06 3.4562e+07 1.8477e+08 7.0587e+08
28.966 5.7143e+07 8.2954e+06 7.6958e+05 29024 2010.8 7514.5 7562.4 7523.9 7699.7 7830.1 7937.4 8027.6 8106.4 8175.5 8258.7 8361.8 8412 8403.4 8473.3 8438.7 8676.8 8676.6 8758.2 8764.6 8817.2 8868.9 8901.2 8989.8 9028.7 9079.3 9189.7 9235.2 9302.1 9387.4 9471.2 9559.3 9651.6 9773.7 9859.8 9871.4 11417 538.14 2.0188e+05 3.3493e+06 2.8408e+07 1.5726e+08 6.2161e+08
29.179 4.9477e+07 6.922e+06 5.7666e+05 19189 7569.3 7819.3 7058.2 7254.8 7420.9 7491.3 7577.6 7675.3 7765.5 7834.2 7870 7920 8019.2 8106.8 8204.5 8348.5 8230.2 8331 8331.6 8421.5 8455.4 8471.6 8548.2 8580.1 8637.3 8706.1 8787.2 8830.1 8889.9 8998.4 9102.3 9193.5 9282.3 9389.1 9446.7 9572 11262 10008 88542 2.3791e+06 2.2823e+07 1.3368e+08 5.4955e+08
29.392 4.2734e+07 6.0434e+06 5.4681e+05 42531 12064 6873.3 6760.1 7008.9 7069.4 7137 7213.3 7306.4 7407.9 7509.5 7590.2 7635.6 7715.1 7794.5 7775.7 7741.9 7930.4 7960.6 8024.2 8027.9 8089.9 8103.7 8187.6 8207.8 8282.8 8349 8377.1 8460.2 8539.6 8626 8725.9 8824.2 8926.3 8993.9 9152.7 9384.8 9076.4 21686 83035 1.7499e+06 1.8501e+07 1.1468e+08 4.877e+08
29.605 3.626e+07 5.2311e+06 5.3367e+05 53697 9427.7 5966.1 6615.7 6677.8 6714.9 6829.3 6924.1 6995.9 7064.4 7143.6 7234.3 7303.3 7332.9 7399.8 7464.1 7651.6 7583.6 7608.2 7654.9 7726.2 7724.3 7795.8 7821.8 7869.8 7928.5 7986.8 8021.6 8117.6 8202.7 8256.5 8326.9 8418.5 8520.7 8647.6 8733.6 8845.8 7949.6 18650 1.2428e+05 1.5084e+06 1.5586e+07 9.9605e+07 4.3301e+08
29.818 3.0128e+07 4.2669e+06 4.3369e+05 34710 4430.8 5966.9 6359.3 6337.7 6452.1 6571.7 6671.1 6747.7 6808.3 6863.9 6938.5 7029.5 7089.2 7140 7213.8 7107.1 7249 7318.7 7363.1 7362 7397.2 7468.4 7475.4 7560.5 7593.5 7635 7712.8 7772.8 7841.1 7896.4 7955.2 8035.2 8130.5 8260 8343.6 8329.3 8549.6 7501.3 1.2513e+05 1.418e+06 1.3556e+07 8.695e+07 3.828e+08
