NaN -14.212 -13.043 -11.95 -10.927 -9.9699 -9.0746 -8.2371 -7.4537 -6.7207 -6.035 -5.3936 -4.7935 -4.2321 -3.7069 -3.2156 -2.7559 -2.326 -1.9237 -1.5474 -1.1953 -0.86601 -0.55791 -0.26968 -3.9113e-05 0.2143 0.49871 0.80273 1.1277 1.4751 1.8464 2.2433 2.6676 3.1212 3.606 4.1242 4.6782 5.2703 5.9033 6.5799 7.3031 8.0762 8.9027 9.786 10.73 11.74 12.819 13.972
0 1.9802e+16 2.977e+16 4.5137e+16 6.8669e+16 1.044e+17 1.5812e+17 2.3792e+17 3.5488e+17 5.2387e+17 7.6465e+17 1.1036e+18 1.5773e+18 2.2401e+18 3.1813e+18 4.5626e+18 6.7019e+18 1.0265e+19 1.6703e+19 2.917e+19 5.3775e+19 9.7994e+19 1.5731e+20 1.9878e+20 1.908e+20 1.5484e+20 9.8667e+19 5.4865e+19 2.9104e+19 1.5718e+19 8.9227e+18 5.3617e+18 3.3883e+18 2.2257e+18 1.5013e+18 1.029e+18 7.1098e+17 4.9251e+17 3.4086e+17 2.3526e+17 1.6183e+17 1.1098e+17 7.5962e+16 5.1973e+16 3.5629e+16 2.4546e+16 1.7062e+16 1.2024e+16
0.21299 1.8948e+16 2.8251e+16 4.2455e+16 6.398e+16 9.6298e+16 1.443e+17 2.147e+17 3.1656e+17 4.6182e+17 6.6615e+17 9.5036e+17 1.3433e+18 1.8882e+18 2.6564e+18 3.7764e+18 5.4973e+18 8.3263e+18 1.3321e+19 2.2624e+19 3.9963e+19 6.8976e+19 1.0521e+20 1.2902e+20 1.2362e+20 1.02e+20 6.7533e+19 3.9372e+19 2.1838e+19 1.2221e+19 7.1207e+18 4.3608e+18 2.7967e+18 1.8604e+18 1.2698e+18 8.8064e+17 6.1577e+17 4.3169e+17 3.0234e+17 2.1111e+17 1.4685e+17 1.0178e+17 7.0361e+16 4.8591e+16 3.36e+16 2.3336e+16 1.6343e+16 1.1598e+16
0.42597 1.7507e+16 2.5711e+16 3.8012e+16 5.6289e+16 8.3146e+16 1.2212e+17 1.7788e+17 2.565e+17 3.6569e+17 5.1527e+17 7.1813e+17 9.9216e+17 1.3645e+18 1.8805e+18 2.621e+18 3.7381e+18 5.5231e+18 8.5271e+18 1.3705e+19 2.2311e+19 3.4755e+19 4.8095e+19 5.5746e+19 5.3497e+19 4.5838e+19 3.2876e+19 2.1047e+19 1.2725e+19 7.6276e+18 4.6766e+18 2.9734e+18 1.9632e+18 1.3386e+18 9.3481e+17 6.6297e+17 4.7404e+17 3.3981e+17 2.4327e+17 1.7353e+17 1.2321e+17 8.7065e+16 6.129e+16 4.305e+16 3.0241e+16 2.1313e+16 1.5131e+16 1.0875e+16
0.63896 1.5626e+16 2.2441e+16 3.2383e+16 4.6709e+16 6.7058e+16 9.5507e+16 1.346e+17 1.8738e+17 2.5742e+17 3.4903e+17 4.6772e+17 6.2129e+17 8.2208e+17 1.0911e+18 1.4655e+18 2.0106e+18 2.8383e+18 4.1224e+18 6.0682e+18 8.7445e+18 1.1762e+19 1.4217e+19 1.5296e+19 1.4835e+19 1.3519e+19 1.097e+19 8.0913e+18 5.5757e+18 3.7186e+18 2.4734e+18 1.672e+18 1.1579e+18 8.2173e+17 5.9499e+17 4.3683e+17 3.2314e+17 2.3954e+17 1.7721e+17 1.3048e+17 9.5482e+16 6.9429e+16 5.02e+16 3.6148e+16 2.5987e+16 1.8711e+16 1.3551e+16 9.9214e+15
0.85195 1.3487e+16 1.8796e+16 2.6247e+16 3.6521e+16 5.0406e+16 6.8759e+16 9.2453e+16 1.2231e+17 1.5911e+17 2.0361e+17 2.5689e+17 3.2083e+17 3.9898e+17 4.9781e+17 6.2836e+17 8.0781e+17 1.0591e+18 1.4026e+18 1.8293e+18 2.2624e+18 2.5726e+18 2.6982e+18 2.7098e+18 2.6872e+18 2.639e+18 2.4811e+18 2.1769e+18 1.7749e+18 1.3689e+18 1.024e+18 7.5899e+17 5.6536e+17 4.261e+17 3.2526e+17 2.5079e+17 1.9446e+17 1.5089e+17 1.1669e+17 8.9658e+16 6.8328e+16 5.1619e+16 3.8678e+16 2.8791e+16 2.1343e+16 1.5811e+16 1.1756e+16 8.8191e+15
1.0649 1.1278e+16 1.5132e+16 2.0261e+16 2.691e+16 3.5274e+16 4.5445e+16 5.7365e+16 7.0807e+16 8.5406e+16 1.0077e+17 1.1667e+17 1.3325e+17 1.5123e+17 1.7206e+17 1.978e+17 2.3074e+17 2.7199e+17 3.1844e+17 3.5924e+17 3.7843e+17 3.7005e+17 3.4915e+17 3.3772e+17 3.4542e+17 3.6324e+17 3.9122e+17 4.0806e+17 3.9995e+17 3.675e+17 3.2088e+17 2.7087e+17 2.2447e+17 1.847e+17 1.5192e+17 1.252e+17 1.0326e+17 8.4972e+16 6.952e+16 5.6374e+16 4.5215e+16 3.584e+16 2.8087e+16 2.1796e+16 1.6792e+16 1.289e+16 9.9037e+15 7.6564e+15
1.2779 9.1671e+15 1.1747e+16 1.4942e+16 1.8738e+16 2.3032e+16 2.7614e+16 3.217e+16 3.633e+16 3.9746e+16 4.2193e+16 4.3653e+16 4.4332e+16 4.4615e+16 4.4957e+16 4.5744e+16 4.7115e+16 4.8732e+16 4.9593e+16 4.8339e+16 4.4484e+16 3.9482e+16 3.5709e+16 3.4628e+16 3.6512e+16 4.0134e+16 4.7373e+16 5.6509e+16 6.5306e+16 7.1737e+16 7.4829e+16 7.4533e+16 7.1427e+16 6.6461e+16 6.0606e+16 5.4559e+16 4.8677e+16 4.3065e+16 3.7719e+16 3.2629e+16 2.7822e+16 2.336e+16 1.9317e+16 1.5757e+16 1.2713e+16 1.0182e+16 8.1335e+15 6.5154e+15
1.4909 7.2832e+15 8.8512e+15 1.0605e+16 1.2434e+16 1.417e+16 1.5609e+16 1.6548e+16 1.6846e+16 1.6471e+16 1.5525e+16 1.4218e+16 1.28e+16 1.1489e+16 1.0427e+16 9.6524e+15 9.104e+15 8.6294e+15 8.0322e+15 7.2017e+15 6.2507e+15 5.4498e+15 4.993e+15 4.9101e+15 5.1677e+15 5.634e+15 6.6457e+15 8.1752e+15 1.0127e+16 1.2334e+16 1.4666e+16 1.6972e+16 1.8989e+16 2.0434e+16 2.1174e+16 2.1266e+16 2.0854e+16 2.007e+16 1.8996e+16 1.7674e+16 1.6145e+16 1.4467e+16 1.2716e+16 1.0979e+16 9.3353e+15 7.8472e+15 6.5519e+15 5.4629e+15
1.7039 5.7049e+15 6.5446e+15 7.3475e+15 8.0092e+15 8.4192e+15 8.49e+15 8.191e+15 7.569e+15 6.742e+15 5.8637e+15 5.075e+15 4.4665e+15 4.0671e+15 3.8545e+15 3.77e+15 3.7293e+15 3.6347e+15 3.4129e+15 3.0735e+15 2.7172e+15 2.4512e+15 2.3105e+15 2.2726e+15 2.3123e+15 2.4011e+15 2.6121e+15 2.9512e+15 3.3904e+15 3.8729e+15 4.3792e+15 4.9594e+15 5.6767e+15 6.5185e+15 7.3817e+15 8.1433e+15 8.7282e+15 9.1153e+15 9.3077e+15 9.3072e+15 9.1121e+15 8.7271e+15 8.1742e+15 7.4938e+15 6.7393e+15 5.9661e+15 5.2228e+15 4.545e+15
1.9169 4.4601e+15 4.8306e+15 5.0892e+15 5.1801e+15 5.0711e+15 4.7705e+15 4.3332e+15 3.8463e+15 3.4013e+15 3.064e+15 2.8602e+15 2.7803e+15 2.7924e+15 2.8542e+15 2.9155e+15 2.9207e+15 2.823e+15 2.6174e+15 2.3617e+15 2.1415e+15 2.0051e+15 1.9449e+15 1.9311e+15 1.9457e+15 1.979e+15 2.0663e+15 2.2247e+15 2.4461e+15 2.6826e+15 2.8803e+15 3.021e+15 3.1389e+15 3.2964e+15 3.5378e+15 3.8584e+15 4.2171e+15 4.5682e+15 4.8792e+15 5.1278e+15 5.294e+15 5.3586e+15 5.3087e+15 5.1444e+15 4.8807e+15 4.5447e+15 4.1691e+15 3.7856e+15
2.1299 3.5347e+15 3.6412e+15 3.6434e+15 3.5314e+15 3.3215e+15 3.0564e+15 2.7922e+15 2.5792e+15 2.4457e+15 2.3943e+15 2.4092e+15 2.467e+15 2.5422e+15 2.6065e+15 2.6274e+15 2.5739e+15 2.435e+15 2.2398e+15 2.0501e+15 1.9184e+15 1.854e+15 1.8334e+15 1.8326e+15 1.8413e+15 1.8562e+15 1.8973e+15 1.9846e+15 2.1291e+15 2.3088e+15 2.4774e+15 2.5946e+15 2.648e+15 2.6572e+15 2.6616e+15 2.6992e+15 2.7875e+15 2.9209e+15 3.0824e+15 3.2535e+15 3.4169e+15 3.5539e+15 3.6456e+15 3.6762e+15 3.6384e+15 3.5352e+15 3.3791e+15 3.1882e+15
2.3429 2.8857e+15 2.8701e+15 2.7883e+15 2.655e+15 2.4995e+15 2.3568e+15 2.2545e+15 2.205e+15 2.2046e+15 2.2407e+15 2.2981e+15 2.362e+15 2.4159e+15 2.4397e+15 2.4119e+15 2.3196e+15 2.1738e+15 2.0141e+15 1.8881e+15 1.8185e+15 1.7938e+15 1.7903e+15 1.7934e+15 1.7987e+15 1.8054e+15 1.8232e+15 1.8673e+15 1.9566e+15 2.0894e+15 2.2372e+15 2.3624e+15 2.4389e+15 2.4615e+15 2.4443e+15 2.4119e+15 2.3898e+15 2.3945e+15 2.4306e+15 2.4936e+15 2.5758e+15 2.6669e+15 2.7543e+15 2.8235e+15 2.8615e+15 2.8601e+15 2.8181e+15 2.7408e+15
2.5558 2.4564e+15 2.403e+15 2.3208e+15 2.2294e+15 2.1507e+15 2.1008e+15 2.0855e+15 2.1006e+15 2.1372e+15 2.1858e+15 2.2374e+15 2.2819e+15 2.3063e+15 2.2954e+15 2.2368e+15 2.1317e+15 2.0022e+15 1.8854e+15 1.8103e+15 1.7788e+15 1.7724e+15 1.7741e+15 1.7771e+15 1.7803e+15 1.7834e+15 1.7903e+15 1.8098e+15 1.8594e+15 1.9498e+15 2.0688e+15 2.1879e+15 2.2794e+15 2.3283e+15 2.3348e+15 2.3104e+15 2.2716e+15 2.2352e+15 2.2132e+15 2.2109e+15 2.2288e+15 2.2639e+15 2.3108e+15 2.3614e+15 2.4058e+15 2.4343e+15 2.4403e+15 2.4211e+15
2.7688 2.1887e+15 2.1386e+15 2.0842e+15 2.0397e+15 2.0151e+15 2.0137e+15 2.032e+15 2.0643e+15 2.1041e+15 2.146e+15 2.1832e+15 2.2073e+15 2.2074e+15 2.173e+15 2.1003e+15 1.9996e+15 1.8961e+15 1.8181e+15 1.778e+15 1.7664e+15 1.7663e+15 1.7683e+15 1.7703e+15 1.7721e+15 1.7736e+15 1.7761e+15 1.7834e+15 1.8076e+15 1.8637e+15 1.9521e+15 2.0554e+15 2.1489e+15 2.2138e+15 2.2427e+15 2.2391e+15 2.2128e+15 2.1755e+15 2.1385e+15 2.1097e+15 2.0939e+15 2.0923e+15 2.1041e+15 2.1263e+15 2.154e+15 2.1802e+15 2.1983e+15 2.2031e+15
2.9818 2.0313e+15 1.9985e+15 1.9728e+15 1.9609e+15 1.9648e+15 1.9824e+15 2.0096e+15 2.0423e+15 2.0767e+15 2.1084e+15 2.1316e+15 2.1386e+15 2.121e+15 2.0732e+15 1.9983e+15 1.9112e+15 1.8347e+15 1.7866e+15 1.7674e+15 1.764e+15 1.7649e+15 1.7661e+15 1.7672e+15 1.7682e+15 1.769e+15 1.77e+15 1.7722e+15 1.7821e+15 1.8134e+15 1.8743e+15 1.9573e+15 2.0439e+15 2.1151e+15 2.1591e+15 2.1737e+15 2.1637e+15 2.1374e+15 2.1034e+15 2.0695e+15 2.0412e+15 2.0216e+15 2.0122e+15 2.013e+15 2.0221e+15 2.0362e+15 2.0507e+15 2.0608e+15
3.1948 1.9438e+15 1.9288e+15 1.9234e+15 1.9291e+15 1.9447e+15 1.9674e+15 1.9943e+15 2.0229e+15 2.0502e+15 2.0722e+15 2.0833e+15 2.077e+15 2.0478e+15 1.9947e+15 1.925e+15 1.8547e+15 1.8015e+15 1.7736e+15 1.765e+15 1.7641e+15 1.7646e+15 1.7652e+15 1.7657e+15 1.7663e+15 1.7668e+15 1.7673e+15 1.7677e+15 1.7708e+15 1.7861e+15 1.8246e+15 1.8872e+15 1.9619e+15 2.0321e+15 2.0844e+15 2.1123e+15 2.1166e+15 2.1027e+15 2.0773e+15 2.047e+15 2.0171e+15 1.9913e+15 1.9719e+15 1.9601e+15 1.9558e+15 1.9581e+15 1.9644e+15 1.9716e+15
3.4078 1.8978e+15 1.8957e+15 1.9017e+15 1.9151e+15 1.934e+15 1.9564e+15 1.9804e+15 2.0041e+15 2.0246e+15 2.0379e+15 2.0391e+15 2.0233e+15 1.9877e+15 1.9347e+15 1.8739e+15 1.8199e+15 1.7845e+15 1.7688e+15 1.7647e+15 1.7643e+15 1.7644e+15 1.7647e+15 1.765e+15 1.7653e+15 1.7656e+15 1.7659e+15 1.766e+15 1.7665e+15 1.7726e+15 1.7947e+15 1.8388e+15 1.8995e+15 1.964e+15 2.019e+15 2.0556e+15 2.0713e+15 2.0685e+15 2.0524e+15 2.0286e+15 2.0017e+15 1.9757e+15 1.953e+15 1.9353e+15 1.9233e+15 1.917e+15 1.9158e+15 1.9177e+15
3.6208 1.8746e+15 1.8802e+15 1.8915e+15 1.9072e+15 1.9259e+15 1.9463e+15 1.9669e+15 1.9857e+15 2e+15 2.0059e+15 1.9995e+15 1.9773e+15 1.9391e+15 1.8896e+15 1.839e+15 1.7989e+15 1.7757e+15 1.7668e+15 1.7646e+15 1.7643e+15 1.7643e+15 1.7644e+15 1.7645e+15 1.7647e+15 1.7649e+15 1.7651e+15 1.7652e+15 1.7651e+15 1.7669e+15 1.7781e+15 1.8069e+15 1.8536e+15 1.9096e+15 1.9631e+15 2.0044e+15 2.0284e+15 2.035e+15 2.0276e+15 2.0106e+15 1.9885e+15 1.9648e+15 1.9423e+15 1.9227e+15 1.907e+15 1.8958e+15 1.8891e+15 1.8861e+15
3.8338 1.8628e+15 1.8723e+15 1.8854e+15 1.9012e+15 1.9186e+15 1.9365e+15 1.9537e+15 1.968e+15 1.9767e+15 1.9766e+15 1.9645e+15 1.9386e+15 1.9005e+15 1.8562e+15 1.8152e+15 1.786e+15 1.7709e+15 1.7656e+15 1.7643e+15 1.7641e+15 1.7642e+15 1.7642e+15 1.7643e+15 1.7644e+15 1.7645e+15 1.7646e+15 1.7648e+15 1.7647e+15 1.7648e+15 1.7697e+15 1.7871e+15 1.821e+15 1.8672e+15 1.9164e+15 1.959e+15 1.9885e+15 2.0026e+15 2.0028e+15 1.9924e+15 1.9754e+15 1.9552e+15 1.9344e+15 1.915e+15 1.8981e+15 1.8845e+15 1.8745e+15 1.8679e+15
4.0468 1.8566e+15 1.8676e+15 1.8808e+15 1.8957e+15 1.9114e+15 1.9269e+15 1.9407e+15 1.9509e+15 1.955e+15 1.95e+15 1.9338e+15 1.9062e+15 1.8698e+15 1.8314e+15 1.7988e+15 1.7777e+15 1.7679e+15 1.7648e+15 1.7641e+15 1.764e+15 1.7641e+15 1.7641e+15 1.7642e+15 1.7642e+15 1.7643e+15 1.7644e+15 1.7645e+15 1.7645e+15 1.7643e+15 1.766e+15 1.7756e+15 1.7987e+15 1.8351e+15 1.8783e+15 1.9198e+15 1.9522e+15 1.9718e+15 1.9784e+15 1.9741e+15 1.9621e+15 1.9457e+15 1.9274e+15 1.9092e+15 1.8925e+15 1.878e+15 1.8663e+15 1.8575e+15
4.2597 1.8527e+15 1.864e+15 1.8767e+15 1.8904e+15 1.9043e+15 1.9174e+15 1.9282e+15 1.9347e+15 1.9347e+15 1.926e+15 1.9072e+15 1.8791e+15 1.8456e+15 1.8128e+15 1.7873e+15 1.7722e+15 1.7659e+15 1.7642e+15 1.764e+15 1.764e+15 1.764e+15 1.764e+15 1.7641e+15 1.7641e+15 1.7641e+15 1.7642e+15 1.7643e+15 1.7644e+15 1.7643e+15 1.7647e+15 1.7694e+15 1.7843e+15 1.8116e+15 1.848e+15 1.8864e+15 1.9197e+15 1.9431e+15 1.9548e+15 1.9558e+15 1.9486e+15 1.9359e+15 1.9203e+15 1.9039e+15 1.8881e+15 1.8737e+15 1.8613e+15 1.8513e+15
4.4727 1.8499e+15 1.8608e+15 1.8727e+15 1.8851e+15 1.8973e+15 1.9081e+15 1.916e+15 1.9194e+15 1.916e+15 1.9044e+15 1.8841e+15 1.8566e+15 1.8262e+15 1.7988e+15 1.7791e+15 1.7686e+15 1.7648e+15 1.764e+15 1.764e+15 1.764e+15 1.764e+15 1.764e+15 1.764e+15 1.764e+15 1.7641e+15 1.7641e+15 1.7641e+15 1.7642e+15 1.7643e+15 1.7643e+15 1.7664e+15 1.7754e+15 1.795e+15 1.8244e+15 1.8586e+15 1.8911e+15 1.9166e+15 1.9322e+15 1.9378e+15 1.9349e+15 1.9258e+15 1.9131e+15 1.8987e+15 1.8841e+15 1.8704e+15 1.858e+15 1.8475e+15
4.6857 1.8474e+15 1.8578e+15 1.8688e+15 1.8799e+15 1.8903e+15 1.899e+15 1.9044e+15 1.9049e+15 1.8988e+15 1.8851e+15 1.864e+15 1.8378e+15 1.8108e+15 1.7882e+15 1.7734e+15 1.7663e+15 1.7642e+15 1.7639e+15 1.7639e+15 1.764e+15 1.764e+15 1.764e+15 1.764e+15 1.764e+15 1.764e+15 1.764e+15 1.7641e+15 1.7641e+15 1.7642e+15 1.7643e+15 1.7651e+15 1.7702e+15 1.7836e+15 1.8066e+15 1.836e+15 1.8665e+15 1.8927e+15 1.911e+15 1.9203e+15 1.9212e+15 1.9156e+15 1.9057e+15 1.8934e+15 1.8803e+15 1.8673e+15 1.8554e+15 1.8448e+15
4.8987 1.8451e+15 1.8548e+15 1.8649e+15 1.8747e+15 1.8835e+15 1.8901e+15 1.8932e+15 1.8912e+15 1.8829e+15 1.8678e+15 1.8466e+15 1.8222e+15 1.7987e+15 1.7804e+15 1.7695e+15 1.7651e+15 1.764e+15 1.7639e+15 1.7639e+15 1.7639e+15 1.764e+15 1.764e+15 1.764e+15 1.764e+15 1.764e+15 1.764e+15 1.764e+15 1.764e+15 1.7641e+15 1.7642e+15 1.7647e+15 1.7674e+15 1.7762e+15 1.7934e+15 1.8179e+15 1.8455e+15 1.8713e+15 1.8913e+15 1.9035e+15 1.9077e+15 1.9053e+15 1.8981e+15 1.8879e+15 1.8763e+15 1.8644e+15 1.8531e+15 1.8427e+15
5.1117 1.8428e+15 1.8519e+15 1.861e+15 1.8695e+15 1.8767e+15 1.8814e+15 1.8824e+15 1.8784e+15 1.8683e+15 1.8523e+15 1.8316e+15 1.8092e+15 1.7892e+15 1.7748e+15 1.7672e+15 1.7645e+15 1.764e+15 1.7639e+15 1.7639e+15 1.7639e+15 1.7639e+15 1.764e+15 1.764e+15 1.764e+15 1.764e+15 1.764e+15 1.764e+15 1.764e+15 1.7641e+15 1.7642e+15 1.7645e+15 1.7659e+15 1.7715e+15 1.784e+15 1.8038e+15 1.8281e+15 1.8526e+15 1.8733e+15 1.8875e+15 1.8946e+15 1.895e+15 1.8903e+15 1.8822e+15 1.8722e+15 1.8615e+15 1.8508e+15 1.8409e+15
5.3247 1.8406e+15 1.8489e+15 1.857e+15 1.8644e+15 1.87e+15 1.873e+15 1.8721e+15 1.8663e+15 1.855e+15 1.8386e+15 1.8188e+15 1.7987e+15 1.7819e+15 1.771e+15 1.7658e+15 1.7642e+15 1.764e+15 1.7639e+15 1.7639e+15 1.7639e+15 1.7639e+15 1.7639e+15 1.7639e+15 1.764e+15 1.764e+15 1.764e+15 1.764e+15 1.764e+15 1.764e+15 1.7641e+15 1.7644e+15 1.7652e+15 1.7687e+15 1.7775e+15 1.793e+15 1.8138e+15 1.8364e+15 1.857e+15 1.8726e+15 1.8819e+15 1.8848e+15 1.8825e+15 1.8764e+15 1.868e+15 1.8584e+15 1.8486e+15 1.8392e+15
5.5377 1.8383e+15 1.8459e+15 1.8531e+15 1.8592e+15 1.8635e+15 1.8649e+15 1.8624e+15 1.8551e+15 1.8429e+15 1.8265e+15 1.8079e+15 1.7903e+15 1.7766e+15 1.7685e+15 1.765e+15 1.7641e+15 1.764e+15 1.7639e+15 1.7639e+15 1.7639e+15 1.7639e+15 1.7639e+15 1.7639e+15 1.7639e+15 1.7639e+15 1.764e+15 1.764e+15 1.764e+15 1.764e+15 1.764e+15 1.7643e+15 1.7649e+15 1.767e+15 1.7731e+15 1.7849e+15 1.8022e+15 1.8226e+15 1.8424e+15 1.8588e+15 1.8698e+15 1.8749e+15 1.8747e+15 1.8705e+15 1.8636e+15 1.8552e+15 1.8463e+15 1.8375e+15
5.7506 1.836e+15 1.8429e+15 1.8491e+15 1.8542e+15 1.8571e+15 1.857e+15 1.8531e+15 1.8447e+15 1.8319e+15 1.8159e+15 1.7989e+15 1.7837e+15 1.7728e+15 1.7669e+15 1.7646e+15 1.764e+15 1.7639e+15 1.7639e+15 1.7639e+15 1.7639e+15 1.7639e+15 1.7639e+15 1.7639e+15 1.7639e+15 1.7639e+15 1.7639e+15 1.7639e+15 1.764e+15 1.764e+15 1.764e+15 1.7641e+15 1.7646e+15 1.766e+15 1.7702e+15 1.779e+15 1.7931e+15 1.811e+15 1.8296e+15 1.8461e+15 1.8583e+15 1.8652e+15 1.867e+15 1.8646e+15 1.8592e+15 1.852e+15 1.8439e+15 1.8357e+15
5.9636 1.8337e+15 1.8398e+15 1.8452e+15 1.8491e+15 1.8508e+15 1.8495e+15 1.8443e+15 1.8351e+15 1.8221e+15 1.8068e+15 1.7915e+15 1.7787e+15 1.7701e+15 1.7658e+15 1.7643e+15 1.764e+15 1.7639e+15 1.7639e+15 1.7639e+15 1.7639e+15 1.7639e+15 1.7639e+15 1.7639e+15 1.7639e+15 1.7639e+15 1.7639e+15 1.7639e+15 1.7639e+15 1.7639e+15 1.764e+15 1.7641e+15 1.7644e+15 1.7654e+15 1.7683e+15 1.7748e+15 1.786e+15 1.8013e+15 1.8185e+15 1.8347e+15 1.8476e+15 1.8558e+15 1.8593e+15 1.8586e+15 1.8547e+15 1.8487e+15 1.8415e+15 1.834e+15
6.1766 1.8313e+15 1.8368e+15 1.8413e+15 1.8442e+15 1.8447e+15 1.8422e+15 1.8361e+15 1.8263e+15 1.8134e+15 1.7991e+15 1.7856e+15 1.7749e+15 1.7683e+15 1.7652e+15 1.7642e+15 1.7639e+15 1.7639e+15 1.7639e+15 1.7639e+15 1.7639e+15 1.7639e+15 1.7639e+15 1.7639e+15 1.7639e+15 1.7639e+15 1.7639e+15 1.7639e+15 1.7639e+15 1.7639e+15 1.7639e+15 1.764e+15 1.7643e+15 1.765e+15 1.767e+15 1.7718e+15 1.7806e+15 1.7935e+15 1.8089e+15 1.8244e+15 1.8376e+15 1.8469e+15 1.8519e+15 1.8527e+15 1.8501e+15 1.8453e+15 1.839e+15 1.8321e+15
6.3896 1.829e+15 1.8337e+15 1.8374e+15 1.8393e+15 1.8388e+15 1.8353e+15 1.8285e+15 1.8183e+15 1.8059e+15 1.7927e+15 1.7809e+15 1.7721e+15 1.767e+15 1.7647e+15 1.764e+15 1.7639e+15 1.7639e+15 1.7639e+15 1.7639e+15 1.7639e+15 1.7639e+15 1.7639e+15 1.7639e+15 1.7639e+15 1.7639e+15 1.7639e+15 1.7639e+15 1.7639e+15 1.7639e+15 1.7639e+15 1.764e+15 1.7641e+15 1.7647e+15 1.7662e+15 1.7697e+15 1.7765e+15 1.7872e+15 1.8008e+15 1.8153e+15 1.8285e+15 1.8385e+15 1.8446e+15 1.8468e+15 1.8456e+15 1.8418e+15 1.8365e+15 1.8303e+15
6.6026 1.8266e+15 1.8307e+15 1.8335e+15 1.8346e+15 1.8332e+15 1.8288e+15 1.8214e+15 1.8112e+15 1.7993e+15 1.7873e+15 1.7771e+15 1.77e+15 1.766e+15 1.7644e+15 1.764e+15 1.7639e+15 1.7639e+15 1.7639e+15 1.7639e+15 1.7639e+15 1.7639e+15 1.7639e+15 1.7639e+15 1.7639e+15 1.7639e+15 1.7639e+15 1.7639e+15 1.7639e+15 1.7639e+15 1.7639e+15 1.7639e+15 1.764e+15 1.7645e+15 1.7656e+15 1.7682e+15 1.7735e+15 1.7821e+15 1.7939e+15 1.8073e+15 1.8201e+15 1.8306e+15 1.8377e+15 1.841e+15 1.841e+15 1.8383e+15 1.8339e+15 1.8283e+15
6.8156 1.8242e+15 1.8276e+15 1.8297e+15 1.8299e+15 1.8277e+15 1.8228e+15 1.815e+15 1.8049e+15 1.7937e+15 1.7829e+15 1.7742e+15 1.7683e+15 1.7653e+15 1.7642e+15 1.764e+15 1.7639e+15 1.7639e+15 1.7639e+15 1.7639e+15 1.7639e+15 1.7639e+15 1.7639e+15 1.7639e+15 1.7639e+15 1.7639e+15 1.7639e+15 1.7639e+15 1.7639e+15 1.7639e+15 1.7639e+15 1.7639e+15 1.764e+15 1.7643e+15 1.7652e+15 1.7672e+15 1.7712e+15 1.7782e+15 1.7883e+15 1.8004e+15 1.8126e+15 1.8233e+15 1.831e+15 1.8354e+15 1.8365e+15 1.8348e+15 1.8312e+15 1.8264e+15
7.0286 1.8218e+15 1.8246e+15 1.826e+15 1.8255e+15 1.8226e+15 1.8171e+15 1.8091e+15 1.7993e+15 1.7889e+15 1.7793e+15 1.7718e+15 1.7671e+15 1.7648e+15 1.7641e+15 1.7639e+15 1.7639e+15 1.7639e+15 1.7639e+15 1.7639e+15 1.7639e+15 1.7639e+15 1.7639e+15 1.7639e+15 1.7639e+15 1.7639e+15 1.7639e+15 1.7639e+15 1.7639e+15 1.7639e+15 1.7639e+15 1.7639e+15 1.7639e+15 1.7641e+15 1.7648e+15 1.7664e+15 1.7695e+15 1.7751e+15 1.7836e+15 1.7944e+15 1.8059e+15 1.8165e+15 1.8247e+15 1.8299e+15 1.832e+15 1.8313e+15 1.8285e+15 1.8244e+15
7.2416 1.8195e+15 1.8217e+15 1.8224e+15 1.8212e+15 1.8177e+15 1.8119e+15 1.8039e+15 1.7945e+15 1.7848e+15 1.7763e+15 1.7699e+15 1.7661e+15 1.7645e+15 1.764e+15 1.7639e+15 1.7639e+15 1.7639e+15 1.7639e+15 1.7639e+15 1.7639e+15 1.7639e+15 1.7639e+15 1.7639e+15 1.7639e+15 1.7639e+15 1.7639e+15 1.7639e+15 1.7639e+15 1.7639e+15 1.7639e+15 1.7639e+15 1.7639e+15 1.764e+15 1.7646e+15 1.7658e+15 1.7683e+15 1.7728e+15 1.7799e+15 1.7893e+15 1.7999e+15 1.8103e+15 1.8188e+15 1.8247e+15 1.8276e+15 1.8278e+15 1.8258e+15 1.8224e+15
7.4545 1.8171e+15 1.8187e+15 1.8189e+15 1.8171e+15 1.8132e+15 1.8071e+15 1.7991e+15 1.7902e+15 1.7813e+15 1.7738e+15 1.7684e+15 1.7654e+15 1.7643e+15 1.764e+15 1.7639e+15 1.7639e+15 1.7639e+15 1.7639e+15 1.7639e+15 1.7639e+15 1.7639e+15 1.7639e+15 1.7639e+15 1.7639e+15 1.7639e+15 1.7639e+15 1.7639e+15 1.7639e+15 1.7639e+15 1.7639e+15 1.7639e+15 1.7639e+15 1.764e+15 1.7643e+15 1.7654e+15 1.7674e+15 1.771e+15 1.7768e+15 1.785e+15 1.7947e+15 1.8046e+15 1.8132e+15 1.8196e+15 1.8233e+15 1.8243e+15 1.8231e+15 1.8203e+15
7.6675 1.8148e+15 1.8159e+15 1.8155e+15 1.8132e+15 1.8089e+15 1.8027e+15 1.7949e+15 1.7864e+15 1.7784e+15 1.7717e+15 1.7673e+15 1.7649e+15 1.7641e+15 1.764e+15 1.7639e+15 1.7639e+15 1.7639e+15 1.7639e+15 1.7639e+15 1.7639e+15 1.7639e+15 1.7639e+15 1.7639e+15 1.7639e+15 1.7639e+15 1.7639e+15 1.7639e+15 1.7639e+15 1.7639e+15 1.7639e+15 1.7639e+15 1.7639e+15 1.764e+15 1.7642e+15 1.765e+15 1.7666e+15 1.7696e+15 1.7744e+15 1.7814e+15 1.7901e+15 1.7995e+15 1.808e+15 1.8148e+15 1.8191e+15 1.8208e+15 1.8204e+15 1.8182e+15
7.8805 1.8125e+15 1.8131e+15 1.8122e+15 1.8095e+15 1.805e+15 1.7987e+15 1.7911e+15 1.7831e+15 1.7758e+15 1.77e+15 1.7663e+15 1.7646e+15 1.7641e+15 1.764e+15 1.7639e+15 1.7639e+15 1.7639e+15 1.7639e+15 1.7639e+15 1.7639e+15 1.7639e+15 1.7639e+15 1.7639e+15 1.7639e+15 1.7639e+15 1.7639e+15 1.7639e+15 1.7639e+15 1.7639e+15 1.7639e+15 1.7639e+15 1.7639e+15 1.7639e+15 1.7641e+15 1.7647e+15 1.766e+15 1.7685e+15 1.7725e+15 1.7784e+15 1.7862e+15 1.7949e+15 1.8033e+15 1.8102e+15 1.815e+15 1.8174e+15 1.8176e+15 1.8161e+15
8.0935 1.8102e+15 1.8104e+15 1.8091e+15 1.8061e+15 1.8013e+15 1.795e+15 1.7877e+15 1.7803e+15 1.7736e+15 1.7686e+15 1.7657e+15 1.7644e+15 1.764e+15 1.7639e+15 1.7639e+15 1.7639e+15 1.7639e+15 1.7639e+15 1.7639e+15 1.7639e+15 1.7639e+15 1.7639e+15 1.7639e+15 1.7639e+15 1.7639e+15 1.7639e+15 1.7639e+15 1.7639e+15 1.7639e+15 1.7639e+15 1.7639e+15 1.7639e+15 1.7639e+15 1.764e+15 1.7644e+15 1.7656e+15 1.7676e+15 1.7709e+15 1.776e+15 1.7828e+15 1.7908e+15 1.7989e+15 1.8059e+15 1.8111e+15 1.8141e+15 1.8149e+15 1.814e+15
8.3065 1.808e+15 1.8078e+15 1.8061e+15 1.8028e+15 1.7979e+15 1.7917e+15 1.7847e+15 1.7777e+15 1.7718e+15 1.7675e+15 1.7652e+15 1.7643e+15 1.764e+15 1.7639e+15 1.7639e+15 1.7639e+15 1.7639e+15 1.7639e+15 1.7639e+15 1.7639e+15 1.7639e+15 1.7639e+15 1.7639e+15 1.7639e+15 1.7639e+15 1.7639e+15 1.7639e+15 1.7639e+15 1.7639e+15 1.7639e+15 1.7639e+15 1.7639e+15 1.7639e+15 1.764e+15 1.7643e+15 1.7651e+15 1.7669e+15 1.7697e+15 1.774e+15 1.78e+15 1.7872e+15 1.7949e+15 1.8019e+15 1.8074e+15 1.8108e+15 1.8122e+15 1.8118e+15
8.5195 1.8059e+15 1.8053e+15 1.8033e+15 1.7998e+15 1.7948e+15 1.7886e+15 1.7819e+15 1.7755e+15 1.7702e+15 1.7667e+15 1.7649e+15 1.7642e+15 1.764e+15 1.7639e+15 1.7639e+15 1.7639e+15 1.7639e+15 1.7639e+15 1.7639e+15 1.7639e+15 1.7639e+15 1.7639e+15 1.7639e+15 1.7639e+15 1.7639e+15 1.7639e+15 1.7639e+15 1.7639e+15 1.7639e+15 1.7639e+15 1.7639e+15 1.7639e+15 1.7639e+15 1.764e+15 1.7641e+15 1.7648e+15 1.7663e+15 1.7687e+15 1.7724e+15 1.7776e+15 1.7841e+15 1.7913e+15 1.7981e+15 1.8038e+15 1.8077e+15 1.8096e+15 1.8097e+15
8.7325 1.8038e+15 1.8029e+15 1.8007e+15 1.7969e+15 1.7919e+15 1.7858e+15 1.7795e+15 1.7736e+15 1.7689e+15 1.766e+15 1.7646e+15 1.7641e+15 1.764e+15 1.7639e+15 1.7639e+15 1.7639e+15 1.7639e+15 1.7639e+15 1.7639e+15 1.7639e+15 1.7639e+15 1.7639e+15 1.7639e+15 1.7639e+15 1.7639e+15 1.7639e+15 1.7639e+15 1.7639e+15 1.7639e+15 1.7639e+15 1.7639e+15 1.7639e+15 1.7639e+15 1.764e+15 1.7641e+15 1.7646e+15 1.7658e+15 1.7679e+15 1.771e+15 1.7755e+15 1.7813e+15 1.788e+15 1.7947e+15 1.8004e+15 1.8046e+15 1.807e+15 1.8076e+15
8.9455 1.8018e+15 1.8006e+15 1.7981e+15 1.7943e+15 1.7892e+15 1.7833e+15 1.7773e+15 1.7719e+15 1.7679e+15 1.7655e+15 1.7644e+15 1.764e+15 1.7639e+15 1.7639e+15 1.7639e+15 1.7639e+15 1.7639e+15 1.7639e+15 1.7639e+15 1.7639e+15 1.7639e+15 1.7639e+15 1.7639e+15 1.7639e+15 1.7639e+15 1.7639e+15 1.7639e+15 1.7639e+15 1.7639e+15 1.7639e+15 1.7639e+15 1.7639e+15 1.7639e+15 1.764e+15 1.764e+15 1.7644e+15 1.7653e+15 1.7672e+15 1.7699e+15 1.7738e+15 1.779e+15 1.7851e+15 1.7915e+15 1.7972e+15 1.8017e+15 1.8044e+15 1.8055e+15
9.1584 1.7999e+15 1.7985e+15 1.7957e+15 1.7917e+15 1.7867e+15 1.781e+15 1.7753e+15 1.7705e+15 1.7671e+15 1.7652e+15 1.7643e+15 1.764e+15 1.7639e+15 1.7639e+15 1.7639e+15 1.7639e+15 1.7639e+15 1.7639e+15 1.7639e+15 1.7639e+15 1.7639e+15 1.7639e+15 1.7639e+15 1.7639e+15 1.7639e+15 1.7639e+15 1.7639e+15 1.7639e+15 1.7639e+15 1.7639e+15 1.7639e+15 1.7639e+15 1.7639e+15 1.7639e+15 1.764e+15 1.7642e+15 1.765e+15 1.7666e+15 1.769e+15 1.7724e+15 1.777e+15 1.7825e+15 1.7886e+15 1.7942e+15 1.7988e+15 1.8019e+15 1.8034e+15
9.3714 1.798e+15 1.7964e+15 1.7935e+15 1.7894e+15 1.7844e+15 1.7789e+15 1.7736e+15 1.7693e+15 1.7664e+15 1.7649e+15 1.7642e+15 1.764e+15 1.7639e+15 1.7639e+15 1.7639e+15 1.7639e+15 1.7639e+15 1.7639e+15 1.7639e+15 1.7639e+15 1.7639e+15 1.7639e+15 1.7639e+15 1.7639e+15 1.7639e+15 1.7639e+15 1.7639e+15 1.7639e+15 1.7639e+15 1.7639e+15 1.7639e+15 1.7639e+15 1.7639e+15 1.7639e+15 1.764e+15 1.7641e+15 1.7647e+15 1.766e+15 1.7682e+15 1.7712e+15 1.7752e+15 1.7803e+15 1.7859e+15 1.7914e+15 1.7961e+15 1.7995e+15 1.8013e+15
9.5844 1.7962e+15 1.7944e+15 1.7913e+15 1.7872e+15 1.7822e+15 1.777e+15 1.7721e+15 1.7684e+15 1.7659e+15 1.7646e+15 1.7641e+15 1.764e+15 1.7639e+15 1.7639e+15 1.7639e+15 1.7639e+15 1.7639e+15 1.7639e+15 1.7639e+15 1.7639e+15 1.7639e+15 1.7639e+15 1.7639e+15 1.7639e+15 1.7639e+15 1.7639e+15 1.7639e+15 1.7639e+15 1.7639e+15 1.7639e+15 1.7639e+15 1.7639e+15 1.7639e+15 1.7639e+15 1.764e+15 1.7641e+15 1.7645e+15 1.7656e+15 1.7675e+15 1.7702e+15 1.7738e+15 1.7783e+15 1.7835e+15 1.7889e+15 1.7936e+15 1.7972e+15 1.7993e+15
9.7974 1.7945e+15 1.7924e+15 1.7893e+15 1.7851e+15 1.7802e+15 1.7753e+15 1.7709e+15 1.7676e+15 1.7655e+15 1.7645e+15 1.764e+15 1.7639e+15 1.7639e+15 1.7639e+15 1.7639e+15 1.7639e+15 1.7639e+15 1.7639e+15 1.7639e+15 1.7639e+15 1.7639e+15 1.7639e+15 1.7639e+15 1.7639e+15 1.7639e+15 1.7639e+15 1.7639e+15 1.7639e+15 1.7639e+15 1.7639e+15 1.7639e+15 1.7639e+15 1.7639e+15 1.7639e+15 1.764e+15 1.764e+15 1.7644e+15 1.7652e+15 1.7669e+15 1.7693e+15 1.7725e+15 1.7766e+15 1.7814e+15 1.7865e+15 1.7912e+15 1.7949e+15 1.7973e+15
10.01 1.7928e+15 1.7906e+15 1.7873e+15 1.7831e+15 1.7784e+15 1.7738e+15 1.7698e+15 1.7669e+15 1.7652e+15 1.7643e+15 1.764e+15 1.7639e+15 1.7639e+15 1.7639e+15 1.7639e+15 1.7639e+15 1.7639e+15 1.7639e+15 1.7639e+15 1.7639e+15 1.7639e+15 1.7639e+15 1.7639e+15 1.7639e+15 1.7639e+15 1.7639e+15 1.7639e+15 1.7639e+15 1.7639e+15 1.7639e+15 1.7639e+15 1.7639e+15 1.7639e+15 1.7639e+15 1.7639e+15 1.764e+15 1.7643e+15 1.7649e+15 1.7663e+15 1.7685e+15 1.7714e+15 1.7751e+15 1.7795e+15 1.7843e+15 1.7889e+15 1.7927e+15 1.7954e+15
10.223 1.7912e+15 1.7889e+15 1.7855e+15 1.7813e+15 1.7768e+15 1.7724e+15 1.7689e+15 1.7664e+15 1.7649e+15 1.7642e+15 1.764e+15 1.7639e+15 1.7639e+15 1.7639e+15 1.7639e+15 1.7639e+15 1.7639e+15 1.7639e+15 1.7639e+15 1.7639e+15 1.7639e+15 1.7639e+15 1.7639e+15 1.7639e+15 1.7639e+15 1.7639e+15 1.7639e+15 1.7639e+15 1.7639e+15 1.7639e+15 1.7639e+15 1.7639e+15 1.7639e+15 1.7639e+15 1.7639e+15 1.764e+15 1.7642e+15 1.7647e+15 1.7659e+15 1.7678e+15 1.7704e+15 1.7738e+15 1.7778e+15 1.7823e+15 1.7868e+15 1.7907e+15 1.7935e+15
10.436 1.7897e+15 1.7872e+15 1.7837e+15 1.7796e+15 1.7753e+15 1.7713e+15 1.7681e+15 1.7659e+15 1.7647e+15 1.7641e+15 1.764e+15 1.7639e+15 1.7639e+15 1.7639e+15 1.7639e+15 1.7639e+15 1.7639e+15 1.7639e+15 1.7639e+15 1.7639e+15 1.7639e+15 1.7639e+15 1.7639e+15 1.7639e+15 1.7639e+15 1.7639e+15 1.7639e+15 1.7639e+15 1.7639e+15 1.7639e+15 1.7639e+15 1.7639e+15 1.7639e+15 1.7639e+15 1.7639e+15 1.764e+15 1.7641e+15 1.7645e+15 1.7655e+15 1.7672e+15 1.7696e+15 1.7726e+15 1.7763e+15 1.7805e+15 1.7848e+15 1.7887e+15 1.7917e+15
10.649 1.7882e+15 1.7856e+15 1.7821e+15 1.7781e+15 1.774e+15 1.7703e+15 1.7674e+15 1.7655e+15 1.7645e+15 1.7641e+15 1.764e+15 1.7639e+15 1.7639e+15 1.7639e+15 1.7639e+15 1.7639e+15 1.7639e+15 1.7639e+15 1.7639e+15 1.7639e+15 1.7639e+15 1.7639e+15 1.7639e+15 1.7639e+15 1.7639e+15 1.7639e+15 1.7639e+15 1.7639e+15 1.7639e+15 1.7639e+15 1.7639e+15 1.7639e+15 1.7639e+15 1.7639e+15 1.7639e+15 1.764e+15 1.7641e+15 1.7644e+15 1.7652e+15 1.7667e+15 1.7688e+15 1.7716e+15 1.775e+15 1.7789e+15 1.783e+15 1.7868e+15 1.7899e+15
10.862 1.7868e+15 1.784e+15 1.7806e+15 1.7767e+15 1.7728e+15 1.7694e+15 1.7669e+15 1.7652e+15 1.7644e+15 1.764e+15 1.764e+15 1.7639e+15 1.7639e+15 1.7639e+15 1.7639e+15 1.7639e+15 1.7639e+15 1.7639e+15 1.7639e+15 1.7639e+15 1.7639e+15 1.7639e+15 1.7639e+15 1.7639e+15 1.7639e+15 1.7639e+15 1.7639e+15 1.7639e+15 1.7639e+15 1.7639e+15 1.7639e+15 1.7639e+15 1.7639e+15 1.7639e+15 1.7639e+15 1.7639e+15 1.764e+15 1.7643e+15 1.7649e+15 1.7662e+15 1.7682e+15 1.7707e+15 1.7739e+15 1.7775e+15 1.7814e+15 1.7851e+15 1.7882e+15
11.075 1.7854e+15 1.7826e+15 1.7791e+15 1.7753e+15 1.7717e+15 1.7686e+15 1.7664e+15 1.7649e+15 1.7642e+15 1.764e+15 1.7639e+15 1.7639e+15 1.7639e+15 1.7639e+15 1.7639e+15 1.7639e+15 1.7639e+15 1.7639e+15 1.7639e+15 1.7639e+15 1.7639e+15 1.7639e+15 1.7639e+15 1.7639e+15 1.7639e+15 1.7639e+15 1.7639e+15 1.7639e+15 1.7639e+15 1.7639e+15 1.7639e+15 1.7639e+15 1.7639e+15 1.7639e+15 1.7639e+15 1.7639e+15 1.764e+15 1.7642e+15 1.7647e+15 1.7658e+15 1.7676e+15 1.7699e+15 1.7728e+15 1.7762e+15 1.7798e+15 1.7835e+15 1.7866e+15
11.288 1.784e+15 1.7812e+15 1.7778e+15 1.7742e+15 1.7708e+15 1.768e+15 1.766e+15 1.7647e+15 1.7642e+15 1.764e+15 1.7639e+15 1.7639e+15 1.7639e+15 1.7639e+15 1.7639e+15 1.7639e+15 1.7639e+15 1.7639e+15 1.7639e+15 1.7639e+15 1.7639e+15 1.7639e+15 1.7639e+15 1.7639e+15 1.7639e+15 1.7639e+15 1.7639e+15 1.7639e+15 1.7639e+15 1.7639e+15 1.7639e+15 1.7639e+15 1.7639e+15 1.7639e+15 1.7639e+15 1.7639e+15 1.764e+15 1.7642e+15 1.7646e+15 1.7655e+15 1.767e+15 1.7692e+15 1.7719e+15 1.775e+15 1.7784e+15 1.7819e+15 1.7851e+15
11.501 1.7828e+15 1.7799e+15 1.7765e+15 1.7731e+15 1.7699e+15 1.7674e+15 1.7656e+15 1.7646e+15 1.7641e+15 1.764e+15 1.7639e+15 1.7639e+15 1.7639e+15 1.7639e+15 1.7639e+15 1.7639e+15 1.7639e+15 1.7639e+15 1.7639e+15 1.7639e+15 1.7639e+15 1.7639e+15 1.7639e+15 1.7639e+15 1.7639e+15 1.7639e+15 1.7639e+15 1.7639e+15 1.7639e+15 1.7639e+15 1.7639e+15 1.7639e+15 1.7639e+15 1.7639e+15 1.7639e+15 1.7639e+15 1.764e+15 1.7641e+15 1.7645e+15 1.7652e+15 1.7666e+15 1.7685e+15 1.771e+15 1.7739e+15 1.7772e+15 1.7805e+15 1.7837e+15
11.714 1.7815e+15 1.7786e+15 1.7754e+15 1.7721e+15 1.7692e+15 1.7669e+15 1.7653e+15 1.7644e+15 1.7641e+15 1.764e+15 1.7639e+15 1.7639e+15 1.7639e+15 1.7639e+15 1.7639e+15 1.7639e+15 1.7639e+15 1.7639e+15 1.7639e+15 1.7639e+15 1.7639e+15 1.7639e+15 1.7639e+15 1.7639e+15 1.7639e+15 1.7639e+15 1.7639e+15 1.7639e+15 1.7639e+15 1.7639e+15 1.7639e+15 1.7639e+15 1.7639e+15 1.7639e+15 1.7639e+15 1.7639e+15 1.764e+15 1.7641e+15 1.7644e+15 1.765e+15 1.7662e+15 1.7679e+15 1.7703e+15 1.773e+15 1.776e+15 1.7792e+15 1.7823e+15
11.927 1.7804e+15 1.7775e+15 1.7743e+15 1.7713e+15 1.7685e+15 1.7664e+15 1.765e+15 1.7643e+15 1.764e+15 1.764e+15 1.7639e+15 1.7639e+15 1.7639e+15 1.7639e+15 1.7639e+15 1.7639e+15 1.7639e+15 1.7639e+15 1.7639e+15 1.7639e+15 1.7639e+15 1.7639e+15 1.7639e+15 1.7639e+15 1.7639e+15 1.7639e+15 1.7639e+15 1.7639e+15 1.7639e+15 1.7639e+15 1.7639e+15 1.7639e+15 1.7639e+15 1.7639e+15 1.7639e+15 1.7639e+15 1.764e+15 1.764e+15 1.7643e+15 1.7648e+15 1.7658e+15 1.7674e+15 1.7696e+15 1.7721e+15 1.775e+15 1.778e+15 1.781e+15
12.14 1.7792e+15 1.7764e+15 1.7734e+15 1.7705e+15 1.7679e+15 1.766e+15 1.7648e+15 1.7642e+15 1.764e+15 1.7639e+15 1.7639e+15 1.7639e+15 1.7639e+15 1.7639e+15 1.7639e+15 1.7639e+15 1.7639e+15 1.7639e+15 1.7639e+15 1.7639e+15 1.7639e+15 1.7639e+15 1.7639e+15 1.7639e+15 1.7639e+15 1.7639e+15 1.7639e+15 1.7639e+15 1.7639e+15 1.7639e+15 1.7639e+15 1.7639e+15 1.7639e+15 1.7639e+15 1.7639e+15 1.7639e+15 1.7639e+15 1.764e+15 1.7642e+15 1.7647e+15 1.7655e+15 1.767e+15 1.7689e+15 1.7713e+15 1.774e+15 1.7769e+15 1.7798e+15
12.353 1.7782e+15 1.7754e+15 1.7725e+15 1.7697e+15 1.7674e+15 1.7657e+15 1.7647e+15 1.7642e+15 1.764e+15 1.7639e+15 1.7639e+15 1.7639e+15 1.7639e+15 1.7639e+15 1.7639e+15 1.7639e+15 1.7639e+15 1.7639e+15 1.7639e+15 1.7639e+15 1.7639e+15 1.7639e+15 1.7639e+15 1.7639e+15 1.7639e+15 1.7639e+15 1.7639e+15 1.7639e+15 1.7639e+15 1.7639e+15 1.7639e+15 1.7639e+15 1.7639e+15 1.7639e+15 1.7639e+15 1.7639e+15 1.7639e+15 1.764e+15 1.7642e+15 1.7645e+15 1.7653e+15 1.7665e+15 1.7684e+15 1.7706e+15 1.7732e+15 1.7759e+15 1.7787e+15
12.566 1.7772e+15 1.7745e+15 1.7717e+15 1.7691e+15 1.7669e+15 1.7654e+15 1.7645e+15 1.7641e+15 1.764e+15 1.7639e+15 1.7639e+15 1.7639e+15 1.7639e+15 1.7639e+15 1.7639e+15 1.7639e+15 1.7639e+15 1.7639e+15 1.7639e+15 1.7639e+15 1.7639e+15 1.7639e+15 1.7639e+15 1.7639e+15 1.7639e+15 1.7639e+15 1.7639e+15 1.7639e+15 1.7639e+15 1.7639e+15 1.7639e+15 1.7639e+15 1.7639e+15 1.7639e+15 1.7639e+15 1.7639e+15 1.7639e+15 1.764e+15 1.7641e+15 1.7644e+15 1.7651e+15 1.7662e+15 1.7678e+15 1.7699e+15 1.7724e+15 1.775e+15 1.7776e+15
12.779 1.7763e+15 1.7736e+15 1.7709e+15 1.7685e+15 1.7665e+15 1.7652e+15 1.7644e+15 1.7641e+15 1.764e+15 1.7639e+15 1.7639e+15 1.7639e+15 1.7639e+15 1.7639e+15 1.7639e+15 1.7639e+15 1.7639e+15 1.7639e+15 1.7639e+15 1.7639e+15 1.7639e+15 1.7639e+15 1.7639e+15 1.7639e+15 1.7639e+15 1.7639e+15 1.7639e+15 1.7639e+15 1.7639e+15 1.7639e+15 1.7639e+15 1.7639e+15 1.7639e+15 1.7639e+15 1.7639e+15 1.7639e+15 1.7639e+15 1.764e+15 1.7641e+15 1.7643e+15 1.7649e+15 1.7659e+15 1.7674e+15 1.7693e+15 1.7716e+15 1.7741e+15 1.7767e+15
12.992 1.7754e+15 1.7728e+15 1.7703e+15 1.768e+15 1.7662e+15 1.765e+15 1.7643e+15 1.764e+15 1.764e+15 1.7639e+15 1.7639e+15 1.7639e+15 1.7639e+15 1.7639e+15 1.7639e+15 1.7639e+15 1.7639e+15 1.7639e+15 1.7639e+15 1.7639e+15 1.7639e+15 1.7639e+15 1.7639e+15 1.7639e+15 1.7639e+15 1.7639e+15 1.7639e+15 1.7639e+15 1.7639e+15 1.7639e+15 1.7639e+15 1.7639e+15 1.7639e+15 1.7639e+15 1.7639e+15 1.7639e+15 1.7639e+15 1.764e+15 1.764e+15 1.7643e+15 1.7648e+15 1.7656e+15 1.767e+15 1.7688e+15 1.7709e+15 1.7733e+15 1.7758e+15
13.205 1.7746e+15 1.7721e+15 1.7696e+15 1.7675e+15 1.7658e+15 1.7648e+15 1.7643e+15 1.764e+15 1.7639e+15 1.7639e+15 1.7639e+15 1.7639e+15 1.7639e+15 1.7639e+15 1.7639e+15 1.7639e+15 1.7639e+15 1.7639e+15 1.7639e+15 1.7639e+15 1.7639e+15 1.7639e+15 1.7639e+15 1.7639e+15 1.7639e+15 1.7639e+15 1.7639e+15 1.7639e+15 1.7639e+15 1.7639e+15 1.7639e+15 1.7639e+15 1.7639e+15 1.7639e+15 1.7639e+15 1.7639e+15 1.7639e+15 1.764e+15 1.764e+15 1.7642e+15 1.7646e+15 1.7654e+15 1.7666e+15 1.7683e+15 1.7703e+15 1.7726e+15 1.7749e+15
13.418 1.7738e+15 1.7714e+15 1.769e+15 1.767e+15 1.7656e+15 1.7647e+15 1.7642e+15 1.764e+15 1.7639e+15 1.7639e+15 1.7639e+15 1.7639e+15 1.7639e+15 1.7639e+15 1.7639e+15 1.7639e+15 1.7639e+15 1.7639e+15 1.7639e+15 1.7639e+15 1.7639e+15 1.7639e+15 1.7639e+15 1.7639e+15 1.7639e+15 1.7639e+15 1.7639e+15 1.7639e+15 1.7639e+15 1.7639e+15 1.7639e+15 1.7639e+15 1.7639e+15 1.7639e+15 1.7639e+15 1.7639e+15 1.7639e+15 1.7639e+15 1.764e+15 1.7641e+15 1.7645e+15 1.7652e+15 1.7663e+15 1.7678e+15 1.7697e+15 1.7719e+15 1.7742e+15
13.631 1.7731e+15 1.7707e+15 1.7685e+15 1.7667e+15 1.7653e+15 1.7645e+15 1.7641e+15 1.764e+15 1.7639e+15 1.7639e+15 1.7639e+15 1.7639e+15 1.7639e+15 1.7639e+15 1.7639e+15 1.7639e+15 1.7639e+15 1.7639e+15 1.7639e+15 1.7639e+15 1.7639e+15 1.7639e+15 1.7639e+15 1.7639e+15 1.7639e+15 1.7639e+15 1.7639e+15 1.7639e+15 1.7639e+15 1.7639e+15 1.7639e+15 1.7639e+15 1.7639e+15 1.7639e+15 1.7639e+15 1.7639e+15 1.7639e+15 1.7639e+15 1.764e+15 1.7641e+15 1.7644e+15 1.765e+15 1.766e+15 1.7674e+15 1.7692e+15 1.7712e+15 1.7734e+15
13.844 1.7724e+15 1.7701e+15 1.768e+15 1.7663e+15 1.7651e+15 1.7644e+15 1.7641e+15 1.764e+15 1.7639e+15 1.7639e+15 1.7639e+15 1.7639e+15 1.7639e+15 1.7639e+15 1.7639e+15 1.7639e+15 1.7639e+15 1.7639e+15 1.7639e+15 1.7639e+15 1.7639e+15 1.7639e+15 1.7639e+15 1.7639e+15 1.7639e+15 1.7639e+15 1.7639e+15 1.7639e+15 1.7639e+15 1.7639e+15 1.7639e+15 1.7639e+15 1.7639e+15 1.7639e+15 1.7639e+15 1.7639e+15 1.7639e+15 1.7639e+15 1.764e+15 1.7641e+15 1.7643e+15 1.7649e+15 1.7657e+15 1.767e+15 1.7687e+15 1.7706e+15 1.7728e+15
14.057 1.7717e+15 1.7696e+15 1.7676e+15 1.766e+15 1.765e+15 1.7643e+15 1.7641e+15 1.764e+15 1.7639e+15 1.7639e+15 1.7639e+15 1.7639e+15 1.7639e+15 1.7639e+15 1.7639e+15 1.7639e+15 1.7639e+15 1.7639e+15 1.7639e+15 1.7639e+15 1.7639e+15 1.7639e+15 1.7639e+15 1.7639e+15 1.7639e+15 1.7639e+15 1.7639e+15 1.7639e+15 1.7639e+15 1.7639e+15 1.7639e+15 1.7639e+15 1.7639e+15 1.7639e+15 1.7639e+15 1.7639e+15 1.7639e+15 1.7639e+15 1.764e+15 1.764e+15 1.7643e+15 1.7647e+15 1.7655e+15 1.7667e+15 1.7682e+15 1.7701e+15 1.7721e+15
14.27 1.7711e+15 1.769e+15 1.7672e+15 1.7657e+15 1.7648e+15 1.7643e+15 1.764e+15 1.764e+15 1.7639e+15 1.7639e+15 1.7639e+15 1.7639e+15 1.7639e+15 1.7639e+15 1.7639e+15 1.7639e+15 1.7639e+15 1.7639e+15 1.7639e+15 1.7639e+15 1.7639e+15 1.7639e+15 1.7639e+15 1.7639e+15 1.7639e+15 1.7639e+15 1.7639e+15 1.7639e+15 1.7639e+15 1.7639e+15 1.7639e+15 1.7639e+15 1.7639e+15 1.7639e+15 1.7639e+15 1.7639e+15 1.7639e+15 1.7639e+15 1.764e+15 1.764e+15 1.7642e+15 1.7646e+15 1.7653e+15 1.7664e+15 1.7678e+15 1.7696e+15 1.7715e+15
14.483 1.7706e+15 1.7686e+15 1.7668e+15 1.7655e+15 1.7647e+15 1.7642e+15 1.764e+15 1.7639e+15 1.7639e+15 1.7639e+15 1.7639e+15 1.7639e+15 1.7639e+15 1.7639e+15 1.7639e+15 1.7639e+15 1.7639e+15 1.7639e+15 1.7639e+15 1.7639e+15 1.7639e+15 1.7639e+15 1.7639e+15 1.7639e+15 1.7639e+15 1.7639e+15 1.7639e+15 1.7639e+15 1.7639e+15 1.7639e+15 1.7639e+15 1.7639e+15 1.7639e+15 1.7639e+15 1.7639e+15 1.7639e+15 1.7639e+15 1.7639e+15 1.7639e+15 1.764e+15 1.7642e+15 1.7645e+15 1.7652e+15 1.7661e+15 1.7674e+15 1.7691e+15 1.771e+15
14.696 1.77e+15 1.7681e+15 1.7665e+15 1.7653e+15 1.7646e+15 1.7642e+15 1.764e+15 1.7639e+15 1.7639e+15 1.7639e+15 1.7639e+15 1.7639e+15 1.7639e+15 1.7639e+15 1.7639e+15 1.7639e+15 1.7639e+15 1.7639e+15 1.7639e+15 1.7639e+15 1.7639e+15 1.7639e+15 1.7639e+15 1.7639e+15 1.7639e+15 1.7639e+15 1.7639e+15 1.7639e+15 1.7639e+15 1.7639e+15 1.7639e+15 1.7639e+15 1.7639e+15 1.7639e+15 1.7639e+15 1.7639e+15 1.7639e+15 1.7639e+15 1.7639e+15 1.764e+15 1.7641e+15 1.7644e+15 1.765e+15 1.7659e+15 1.7671e+15 1.7686e+15 1.7704e+15
14.909 1.7695e+15 1.7677e+15 1.7662e+15 1.7651e+15 1.7645e+15 1.7641e+15 1.764e+15 1.7639e+15 1.7639e+15 1.7639e+15 1.7639e+15 1.7639e+15 1.7639e+15 1.7639e+15 1.7639e+15 1.7639e+15 1.7639e+15 1.7639e+15 1.7639e+15 1.7639e+15 1.7639e+15 1.7639e+15 1.7639e+15 1.7639e+15 1.7639e+15 1.7639e+15 1.7639e+15 1.7639e+15 1.7639e+15 1.7639e+15 1.7639e+15 1.7639e+15 1.7639e+15 1.7639e+15 1.7639e+15 1.7639e+15 1.7639e+15 1.7639e+15 1.7639e+15 1.764e+15 1.7641e+15 1.7644e+15 1.7649e+15 1.7657e+15 1.7668e+15 1.7682e+15 1.7699e+15
15.122 1.7691e+15 1.7673e+15 1.766e+15 1.765e+15 1.7644e+15 1.7641e+15 1.764e+15 1.7639e+15 1.7639e+15 1.7639e+15 1.7639e+15 1.7639e+15 1.7639e+15 1.7639e+15 1.7639e+15 1.7639e+15 1.7639e+15 1.7639e+15 1.7639e+15 1.7639e+15 1.7639e+15 1.7639e+15 1.7639e+15 1.7639e+15 1.7639e+15 1.7639e+15 1.7639e+15 1.7639e+15 1.7639e+15 1.7639e+15 1.7639e+15 1.7639e+15 1.7639e+15 1.7639e+15 1.7639e+15 1.7639e+15 1.7639e+15 1.7639e+15 1.7639e+15 1.764e+15 1.7641e+15 1.7643e+15 1.7647e+15 1.7655e+15 1.7665e+15 1.7679e+15 1.7695e+15
15.335 1.7686e+15 1.767e+15 1.7657e+15 1.7648e+15 1.7643e+15 1.7641e+15 1.764e+15 1.7639e+15 1.7639e+15 1.7639e+15 1.7639e+15 1.7639e+15 1.7639e+15 1.7639e+15 1.7639e+15 1.7639e+15 1.7639e+15 1.7639e+15 1.7639e+15 1.7639e+15 1.7639e+15 1.7639e+15 1.7639e+15 1.7639e+15 1.7639e+15 1.7639e+15 1.7639e+15 1.7639e+15 1.7639e+15 1.7639e+15 1.7639e+15 1.7639e+15 1.7639e+15 1.7639e+15 1.7639e+15 1.7639e+15 1.7639e+15 1.7639e+15 1.7639e+15 1.764e+15 1.764e+15 1.7642e+15 1.7646e+15 1.7653e+15 1.7663e+15 1.7675e+15 1.769e+15
15.548 1.7682e+15 1.7667e+15 1.7655e+15 1.7647e+15 1.7642e+15 1.764e+15 1.764e+15 1.7639e+15 1.7639e+15 1.7639e+15 1.7639e+15 1.7639e+15 1.7639e+15 1.7639e+15 1.7639e+15 1.7639e+15 1.7639e+15 1.7639e+15 1.7639e+15 1.7639e+15 1.7639e+15 1.7639e+15 1.7639e+15 1.7639e+15 1.7639e+15 1.7639e+15 1.7639e+15 1.7639e+15 1.7639e+15 1.7639e+15 1.7639e+15 1.7639e+15 1.7639e+15 1.7639e+15 1.7639e+15 1.7639e+15 1.7639e+15 1.7639e+15 1.7639e+15 1.764e+15 1.764e+15 1.7642e+15 1.7645e+15 1.7651e+15 1.766e+15 1.7672e+15 1.7686e+15
15.761 1.7679e+15 1.7664e+15 1.7653e+15 1.7646e+15 1.7642e+15 1.764e+15 1.7639e+15 1.7639e+15 1.7639e+15 1.7639e+15 1.7639e+15 1.7639e+15 1.7639e+15 1.7639e+15 1.7639e+15 1.7639e+15 1.7639e+15 1.7639e+15 1.7639e+15 1.7639e+15 1.7639e+15 1.7639e+15 1.7639e+15 1.7639e+15 1.7639e+15 1.7639e+15 1.7639e+15 1.7639e+15 1.7639e+15 1.7639e+15 1.7639e+15 1.7639e+15 1.7639e+15 1.7639e+15 1.7639e+15 1.7639e+15 1.7639e+15 1.7639e+15 1.7639e+15 1.764e+15 1.764e+15 1.7642e+15 1.7645e+15 1.765e+15 1.7658e+15 1.7669e+15 1.7683e+15
15.974 1.7675e+15 1.7662e+15 1.7652e+15 1.7645e+15 1.7641e+15 1.764e+15 1.7639e+15 1.7639e+15 1.7639e+15 1.7639e+15 1.7639e+15 1.7639e+15 1.7639e+15 1.7639e+15 1.7639e+15 1.7639e+15 1.7639e+15 1.7639e+15 1.7639e+15 1.7639e+15 1.7639e+15 1.7639e+15 1.7639e+15 1.7639e+15 1.7639e+15 1.7639e+15 1.7639e+15 1.7639e+15 1.7639e+15 1.7639e+15 1.7639e+15 1.7639e+15 1.7639e+15 1.7639e+15 1.7639e+15 1.7639e+15 1.7639e+15 1.7639e+15 1.7639e+15 1.7639e+15 1.764e+15 1.7641e+15 1.7644e+15 1.7649e+15 1.7656e+15 1.7667e+15 1.7679e+15
16.187 1.7672e+15 1.766e+15 1.765e+15 1.7644e+15 1.7641e+15 1.764e+15 1.7639e+15 1.7639e+15 1.7639e+15 1.7639e+15 1.7639e+15 1.7639e+15 1.7639e+15 1.7639e+15 1.7639e+15 1.7639e+15 1.7639e+15 1.7639e+15 1.7639e+15 1.7639e+15 1.7639e+15 1.7639e+15 1.7639e+15 1.7639e+15 1.7639e+15 1.7639e+15 1.7639e+15 1.7639e+15 1.7639e+15 1.7639e+15 1.7639e+15 1.7639e+15 1.7639e+15 1.7639e+15 1.7639e+15 1.7639e+15 1.7639e+15 1.7639e+15 1.7639e+15 1.7639e+15 1.764e+15 1.7641e+15 1.7643e+15 1.7648e+15 1.7655e+15 1.7664e+15 1.7676e+15
16.4 1.7669e+15 1.7657e+15 1.7649e+15 1.7643e+15 1.7641e+15 1.764e+15 1.7639e+15 1.7639e+15 1.7639e+15 1.7639e+15 1.7639e+15 1.7639e+15 1.7639e+15 1.7639e+15 1.7639e+15 1.7639e+15 1.7639e+15 1.7639e+15 1.7639e+15 1.7639e+15 1.7639e+15 1.7639e+15 1.7639e+15 1.7639e+15 1.7639e+15 1.7639e+15 1.7639e+15 1.7639e+15 1.7639e+15 1.7639e+15 1.7639e+15 1.7639e+15 1.7639e+15 1.7639e+15 1.7639e+15 1.7639e+15 1.7639e+15 1.7639e+15 1.7639e+15 1.7639e+15 1.764e+15 1.7641e+15 1.7643e+15 1.7647e+15 1.7653e+15 1.7662e+15 1.7673e+15
16.613 1.7667e+15 1.7656e+15 1.7648e+15 1.7643e+15 1.7641e+15 1.764e+15 1.7639e+15 1.7639e+15 1.7639e+15 1.7639e+15 1.7639e+15 1.7639e+15 1.7639e+15 1.7639e+15 1.7639e+15 1.7639e+15 1.7639e+15 1.7639e+15 1.7639e+15 1.7639e+15 1.7639e+15 1.7639e+15 1.7639e+15 1.7639e+15 1.7639e+15 1.7639e+15 1.7639e+15 1.7639e+15 1.7639e+15 1.7639e+15 1.7639e+15 1.7639e+15 1.7639e+15 1.7639e+15 1.7639e+15 1.7639e+15 1.7639e+15 1.7639e+15 1.7639e+15 1.7639e+15 1.764e+15 1.764e+15 1.7642e+15 1.7646e+15 1.7651e+15 1.766e+15 1.7671e+15
16.826 1.7664e+15 1.7654e+15 1.7647e+15 1.7642e+15 1.764e+15 1.764e+15 1.7639e+15 1.7639e+15 1.7639e+15 1.7639e+15 1.7639e+15 1.7639e+15 1.7639e+15 1.7639e+15 1.7639e+15 1.7639e+15 1.7639e+15 1.7639e+15 1.7639e+15 1.7639e+15 1.7639e+15 1.7639e+15 1.7639e+15 1.7639e+15 1.7639e+15 1.7639e+15 1.7639e+15 1.7639e+15 1.7639e+15 1.7639e+15 1.7639e+15 1.7639e+15 1.7639e+15 1.7639e+15 1.7639e+15 1.7639e+15 1.7639e+15 1.7639e+15 1.7639e+15 1.7639e+15 1.764e+15 1.764e+15 1.7642e+15 1.7645e+15 1.765e+15 1.7658e+15 1.7668e+15
17.039 1.7662e+15 1.7652e+15 1.7646e+15 1.7642e+15 1.764e+15 1.764e+15 1.7639e+15 1.7639e+15 1.7639e+15 1.7639e+15 1.7639e+15 1.7639e+15 1.7639e+15 1.7639e+15 1.7639e+15 1.7639e+15 1.7639e+15 1.7639e+15 1.7639e+15 1.7639e+15 1.7639e+15 1.7639e+15 1.7639e+15 1.7639e+15 1.7639e+15 1.7639e+15 1.7639e+15 1.7639e+15 1.7639e+15 1.7639e+15 1.7639e+15 1.7639e+15 1.7639e+15 1.7639e+15 1.7639e+15 1.7639e+15 1.7639e+15 1.7639e+15 1.7639e+15 1.7639e+15 1.764e+15 1.764e+15 1.7641e+15 1.7644e+15 1.7649e+15 1.7656e+15 1.7666e+15
17.252 1.766e+15 1.7651e+15 1.7645e+15 1.7642e+15 1.764e+15 1.7639e+15 1.7639e+15 1.7639e+15 1.7639e+15 1.7639e+15 1.7639e+15 1.7639e+15 1.7639e+15 1.7639e+15 1.7639e+15 1.7639e+15 1.7639e+15 1.7639e+15 1.7639e+15 1.7639e+15 1.7639e+15 1.7639e+15 1.7639e+15 1.7639e+15 1.7639e+15 1.7639e+15 1.7639e+15 1.7639e+15 1.7639e+15 1.7639e+15 1.7639e+15 1.7639e+15 1.7639e+15 1.7639e+15 1.7639e+15 1.7639e+15 1.7639e+15 1.7639e+15 1.7639e+15 1.7639e+15 1.7639e+15 1.764e+15 1.7641e+15 1.7644e+15 1.7648e+15 1.7655e+15 1.7664e+15
17.465 1.7658e+15 1.7649e+15 1.7644e+15 1.7641e+15 1.764e+15 1.7639e+15 1.7639e+15 1.7639e+15 1.7639e+15 1.7639e+15 1.7639e+15 1.7639e+15 1.7639e+15 1.7639e+15 1.7639e+15 1.7639e+15 1.7639e+15 1.7639e+15 1.7639e+15 1.7639e+15 1.7639e+15 1.7639e+15 1.7639e+15 1.7639e+15 1.7639e+15 1.7639e+15 1.7639e+15 1.7639e+15 1.7639e+15 1.7639e+15 1.7639e+15 1.7639e+15 1.7639e+15 1.7639e+15 1.7639e+15 1.7639e+15 1.7639e+15 1.7639e+15 1.7639e+15 1.7639e+15 1.7639e+15 1.764e+15 1.7641e+15 1.7643e+15 1.7647e+15 1.7653e+15 1.7662e+15
17.678 1.7656e+15 1.7648e+15 1.7644e+15 1.7641e+15 1.764e+15 1.7639e+15 1.7639e+15 1.7639e+15 1.7639e+15 1.7639e+15 1.7639e+15 1.7639e+15 1.7639e+15 1.7639e+15 1.7639e+15 1.7639e+15 1.7639e+15 1.7639e+15 1.7639e+15 1.7639e+15 1.7639e+15 1.7639e+15 1.7639e+15 1.7639e+15 1.7639e+15 1.7639e+15 1.7639e+15 1.7639e+15 1.7639e+15 1.7639e+15 1.7639e+15 1.7639e+15 1.7639e+15 1.7639e+15 1.7639e+15 1.7639e+15 1.7639e+15 1.7639e+15 1.7639e+15 1.7639e+15 1.7639e+15 1.764e+15 1.7641e+15 1.7643e+15 1.7646e+15 1.7652e+15 1.766e+15
17.891 1.7654e+15 1.7647e+15 1.7643e+15 1.7641e+15 1.764e+15 1.7639e+15 1.7639e+15 1.7639e+15 1.7639e+15 1.7639e+15 1.7639e+15 1.7639e+15 1.7639e+15 1.7639e+15 1.7639e+15 1.7639e+15 1.7639e+15 1.7639e+15 1.7639e+15 1.7639e+15 1.7639e+15 1.7639e+15 1.7639e+15 1.7639e+15 1.7639e+15 1.7639e+15 1.7639e+15 1.7639e+15 1.7639e+15 1.7639e+15 1.7639e+15 1.7639e+15 1.7639e+15 1.7639e+15 1.7639e+15 1.7639e+15 1.7639e+15 1.7639e+15 1.7639e+15 1.7639e+15 1.7639e+15 1.764e+15 1.764e+15 1.7642e+15 1.7645e+15 1.7651e+15 1.7658e+15
18.104 1.7653e+15 1.7646e+15 1.7642e+15 1.764e+15 1.764e+15 1.7639e+15 1.7639e+15 1.7639e+15 1.7639e+15 1.7639e+15 1.7639e+15 1.7639e+15 1.7639e+15 1.7639e+15 1.7639e+15 1.7639e+15 1.7639e+15 1.7639e+15 1.7639e+15 1.7639e+15 1.7639e+15 1.7639e+15 1.7639e+15 1.7639e+15 1.7639e+15 1.7639e+15 1.7639e+15 1.7639e+15 1.7639e+15 1.7639e+15 1.7639e+15 1.7639e+15 1.7639e+15 1.7639e+15 1.7639e+15 1.7639e+15 1.7639e+15 1.7639e+15 1.7639e+15 1.7639e+15 1.7639e+15 1.764e+15 1.764e+15 1.7642e+15 1.7645e+15 1.765e+15 1.7656e+15
18.317 1.7652e+15 1.7646e+15 1.7642e+15 1.764e+15 1.764e+15 1.7639e+15 1.7639e+15 1.7639e+15 1.7639e+15 1.7639e+15 1.7639e+15 1.7639e+15 1.7639e+15 1.7639e+15 1.7639e+15 1.7639e+15 1.7639e+15 1.7639e+15 1.7639e+15 1.7639e+15 1.7639e+15 1.7639e+15 1.7639e+15 1.7639e+15 1.7639e+15 1.7639e+15 1.7639e+15 1.7639e+15 1.7639e+15 1.7639e+15 1.7639e+15 1.7639e+15 1.7639e+15 1.7639e+15 1.7639e+15 1.7639e+15 1.7639e+15 1.7639e+15 1.7639e+15 1.7639e+15 1.7639e+15 1.764e+15 1.764e+15 1.7642e+15 1.7644e+15 1.7649e+15 1.7655e+15
18.53 1.765e+15 1.7645e+15 1.7642e+15 1.764e+15 1.764e+15 1.7639e+15 1.7639e+15 1.7639e+15 1.7639e+15 1.7639e+15 1.7639e+15 1.7639e+15 1.7639e+15 1.7639e+15 1.7639e+15 1.7639e+15 1.7639e+15 1.7639e+15 1.7639e+15 1.7639e+15 1.7639e+15 1.7639e+15 1.7639e+15 1.7639e+15 1.7639e+15 1.7639e+15 1.7639e+15 1.7639e+15 1.7639e+15 1.7639e+15 1.7639e+15 1.7639e+15 1.7639e+15 1.7639e+15 1.7639e+15 1.7639e+15 1.7639e+15 1.7639e+15 1.7639e+15 1.7639e+15 1.7639e+15 1.764e+15 1.764e+15 1.7641e+15 1.7644e+15 1.7648e+15 1.7654e+15
18.743 1.7649e+15 1.7644e+15 1.7641e+15 1.764e+15 1.7639e+15 1.7639e+15 1.7639e+15 1.7639e+15 1.7639e+15 1.7639e+15 1.7639e+15 1.7639e+15 1.7639e+15 1.7639e+15 1.7639e+15 1.7639e+15 1.7639e+15 1.7639e+15 1.7639e+15 1.7639e+15 1.7639e+15 1.7639e+15 1.7639e+15 1.7639e+15 1.7639e+15 1.7639e+15 1.7639e+15 1.7639e+15 1.7639e+15 1.7639e+15 1.7639e+15 1.7639e+15 1.7639e+15 1.7639e+15 1.7639e+15 1.7639e+15 1.7639e+15 1.7639e+15 1.7639e+15 1.7639e+15 1.7639e+15 1.7639e+15 1.764e+15 1.7641e+15 1.7643e+15 1.7647e+15 1.7652e+15
18.956 1.7648e+15 1.7644e+15 1.7641e+15 1.764e+15 1.7639e+15 1.7639e+15 1.7639e+15 1.7639e+15 1.7639e+15 1.7639e+15 1.7639e+15 1.7639e+15 1.7639e+15 1.7639e+15 1.7639e+15 1.7639e+15 1.7639e+15 1.7639e+15 1.7639e+15 1.7639e+15 1.7639e+15 1.7639e+15 1.7639e+15 1.7639e+15 1.7639e+15 1.7639e+15 1.7639e+15 1.7639e+15 1.7639e+15 1.7639e+15 1.7639e+15 1.7639e+15 1.7639e+15 1.7639e+15 1.7639e+15 1.7639e+15 1.7639e+15 1.7639e+15 1.7639e+15 1.7639e+15 1.7639e+15 1.7639e+15 1.764e+15 1.7641e+15 1.7643e+15 1.7646e+15 1.7651e+15
19.169 1.7647e+15 1.7643e+15 1.7641e+15 1.764e+15 1.7639e+15 1.7639e+15 1.7639e+15 1.7639e+15 1.7639e+15 1.7639e+15 1.7639e+15 1.7639e+15 1.7639e+15 1.7639e+15 1.7639e+15 1.7639e+15 1.7639e+15 1.7639e+15 1.7639e+15 1.7639e+15 1.7639e+15 1.7639e+15 1.7639e+15 1.7639e+15 1.7639e+15 1.7639e+15 1.7639e+15 1.7639e+15 1.7639e+15 1.7639e+15 1.7639e+15 1.7639e+15 1.7639e+15 1.7639e+15 1.7639e+15 1.7639e+15 1.7639e+15 1.7639e+15 1.7639e+15 1.7639e+15 1.7639e+15 1.7639e+15 1.764e+15 1.7641e+15 1.7642e+15 1.7645e+15 1.765e+15
19.382 1.7647e+15 1.7643e+15 1.7641e+15 1.764e+15 1.7639e+15 1.7639e+15 1.7639e+15 1.7639e+15 1.7639e+15 1.7639e+15 1.7639e+15 1.7639e+15 1.7639e+15 1.7639e+15 1.7639e+15 1.7639e+15 1.7639e+15 1.7639e+15 1.7639e+15 1.7639e+15 1.7639e+15 1.7639e+15 1.7639e+15 1.7639e+15 1.7639e+15 1.7639e+15 1.7639e+15 1.7639e+15 1.7639e+15 1.7639e+15 1.7639e+15 1.7639e+15 1.7639e+15 1.7639e+15 1.7639e+15 1.7639e+15 1.7639e+15 1.7639e+15 1.7639e+15 1.7639e+15 1.7639e+15 1.7639e+15 1.764e+15 1.764e+15 1.7642e+15 1.7645e+15 1.7649e+15
19.595 1.7646e+15 1.7642e+15 1.764e+15 1.764e+15 1.7639e+15 1.7639e+15 1.7639e+15 1.7639e+15 1.7639e+15 1.7639e+15 1.7639e+15 1.7639e+15 1.7639e+15 1.7639e+15 1.7639e+15 1.7639e+15 1.7639e+15 1.7639e+15 1.7639e+15 1.7639e+15 1.7639e+15 1.7639e+15 1.7639e+15 1.7639e+15 1.7639e+15 1.7639e+15 1.7639e+15 1.7639e+15 1.7639e+15 1.7639e+15 1.7639e+15 1.7639e+15 1.7639e+15 1.7639e+15 1.7639e+15 1.7639e+15 1.7639e+15 1.7639e+15 1.7639e+15 1.7639e+15 1.7639e+15 1.7639e+15 1.764e+15 1.764e+15 1.7642e+15 1.7644e+15 1.7648e+15
19.808 1.7645e+15 1.7642e+15 1.764e+15 1.764e+15 1.7639e+15 1.7639e+15 1.7639e+15 1.7639e+15 1.7639e+15 1.7639e+15 1.7639e+15 1.7639e+15 1.7639e+15 1.7639e+15 1.7639e+15 1.7639e+15 1.7639e+15 1.7639e+15 1.7639e+15 1.7639e+15 1.7639e+15 1.7639e+15 1.7639e+15 1.7639e+15 1.7639e+15 1.7639e+15 1.7639e+15 1.7639e+15 1.7639e+15 1.7639e+15 1.7639e+15 1.7639e+15 1.7639e+15 1.7639e+15 1.7639e+15 1.7639e+15 1.7639e+15 1.7639e+15 1.7639e+15 1.7639e+15 1.7639e+15 1.7639e+15 1.764e+15 1.764e+15 1.7641e+15 1.7644e+15 1.7648e+15
20.021 1.7644e+15 1.7642e+15 1.764e+15 1.764e+15 1.7639e+15 1.7639e+15 1.7639e+15 1.7639e+15 1.7639e+15 1.7639e+15 1.7639e+15 1.7639e+15 1.7639e+15 1.7639e+15 1.7639e+15 1.7639e+15 1.7639e+15 1.7639e+15 1.7639e+15 1.7639e+15 1.7639e+15 1.7639e+15 1.7639e+15 1.7639e+15 1.7639e+15 1.7639e+15 1.7639e+15 1.7639e+15 1.7639e+15 1.7639e+15 1.7639e+15 1.7639e+15 1.7639e+15 1.7639e+15 1.7639e+15 1.7639e+15 1.7639e+15 1.7639e+15 1.7639e+15 1.7639e+15 1.7639e+15 1.7639e+15 1.764e+15 1.764e+15 1.7641e+15 1.7643e+15 1.7647e+15
20.234 1.7644e+15 1.7641e+15 1.764e+15 1.764e+15 1.7639e+15 1.7639e+15 1.7639e+15 1.7639e+15 1.7639e+15 1.7639e+15 1.7639e+15 1.7639e+15 1.7639e+15 1.7639e+15 1.7639e+15 1.7639e+15 1.7639e+15 1.7639e+15 1.7639e+15 1.7639e+15 1.7639e+15 1.7639e+15 1.7639e+15 1.7639e+15 1.7639e+15 1.7639e+15 1.7639e+15 1.7639e+15 1.7639e+15 1.7639e+15 1.7639e+15 1.7639e+15 1.7639e+15 1.7639e+15 1.7639e+15 1.7639e+15 1.7639e+15 1.7639e+15 1.7639e+15 1.7639e+15 1.7639e+15 1.7639e+15 1.764e+15 1.764e+15 1.7641e+15 1.7643e+15 1.7646e+15
20.447 1.7643e+15 1.7641e+15 1.764e+15 1.7639e+15 1.7639e+15 1.7639e+15 1.7639e+15 1.7639e+15 1.7639e+15 1.7639e+15 1.7639e+15 1.7639e+15 1.7639e+15 1.7639e+15 1.7639e+15 1.7639e+15 1.7639e+15 1.7639e+15 1.7639e+15 1.7639e+15 1.7639e+15 1.7639e+15 1.7639e+15 1.7639e+15 1.7639e+15 1.7639e+15 1.7639e+15 1.7639e+15 1.7639e+15 1.7639e+15 1.7639e+15 1.7639e+15 1.7639e+15 1.7639e+15 1.7639e+15 1.7639e+15 1.7639e+15 1.7639e+15 1.7639e+15 1.7639e+15 1.7639e+15 1.7639e+15 1.7639e+15 1.764e+15 1.7641e+15 1.7642e+15 1.7646e+15
20.66 1.7643e+15 1.7641e+15 1.764e+15 1.7639e+15 1.7639e+15 1.7639e+15 1.7639e+15 1.7639e+15 1.7639e+15 1.7639e+15 1.7639e+15 1.7639e+15 1.7639e+15 1.7639e+15 1.7639e+15 1.7639e+15 1.7639e+15 1.7639e+15 1.7639e+15 1.7639e+15 1.7639e+15 1.7639e+15 1.7639e+15 1.7639e+15 1.7639e+15 1.7639e+15 1.7639e+15 1.7639e+15 1.7639e+15 1.7639e+15 1.7639e+15 1.7639e+15 1.7639e+15 1.7639e+15 1.7639e+15 1.7639e+15 1.7639e+15 1.7639e+15 1.7639e+15 1.7639e+15 1.7639e+15 1.7639e+15 1.7639e+15 1.764e+15 1.7641e+15 1.7642e+15 1.7645e+15
20.873 1.7643e+15 1.7641e+15 1.764e+15 1.7639e+15 1.7639e+15 1.7639e+15 1.7639e+15 1.7639e+15 1.7639e+15 1.7639e+15 1.7639e+15 1.7639e+15 1.7639e+15 1.7639e+15 1.7639e+15 1.7639e+15 1.7639e+15 1.7639e+15 1.7639e+15 1.7639e+15 1.7639e+15 1.7639e+15 1.7639e+15 1.7639e+15 1.7639e+15 1.7639e+15 1.7639e+15 1.7639e+15 1.7639e+15 1.7639e+15 1.7639e+15 1.7639e+15 1.7639e+15 1.7639e+15 1.7639e+15 1.7639e+15 1.7639e+15 1.7639e+15 1.7639e+15 1.7639e+15 1.7639e+15 1.7639e+15 1.7639e+15 1.764e+15 1.764e+15 1.7642e+15 1.7644e+15
21.086 1.7642e+15 1.764e+15 1.764e+15 1.7639e+15 1.7639e+15 1.7639e+15 1.7639e+15 1.7639e+15 1.7639e+15 1.7639e+15 1.7639e+15 1.7639e+15 1.7639e+15 1.7639e+15 1.7639e+15 1.7639e+15 1.7639e+15 1.7639e+15 1.7639e+15 1.7639e+15 1.7639e+15 1.7639e+15 1.7639e+15 1.7639e+15 1.7639e+15 1.7639e+15 1.7639e+15 1.7639e+15 1.7639e+15 1.7639e+15 1.7639e+15 1.7639e+15 1.7639e+15 1.7639e+15 1.7639e+15 1.7639e+15 1.7639e+15 1.7639e+15 1.7639e+15 1.7639e+15 1.7639e+15 1.7639e+15 1.7639e+15 1.764e+15 1.764e+15 1.7642e+15 1.7644e+15
21.299 1.7642e+15 1.764e+15 1.764e+15 1.7639e+15 1.7639e+15 1.7639e+15 1.7639e+15 1.7639e+15 1.7639e+15 1.7639e+15 1.7639e+15 1.7639e+15 1.7639e+15 1.7639e+15 1.7639e+15 1.7639e+15 1.7639e+15 1.7639e+15 1.7639e+15 1.7639e+15 1.7639e+15 1.7639e+15 1.7639e+15 1.7639e+15 1.7639e+15 1.7639e+15 1.7639e+15 1.7639e+15 1.7639e+15 1.7639e+15 1.7639e+15 1.7639e+15 1.7639e+15 1.7639e+15 1.7639e+15 1.7639e+15 1.7639e+15 1.7639e+15 1.7639e+15 1.7639e+15 1.7639e+15 1.7639e+15 1.7639e+15 1.764e+15 1.764e+15 1.7641e+15 1.7644e+15
21.512 1.7642e+15 1.764e+15 1.764e+15 1.7639e+15 1.7639e+15 1.7639e+15 1.7639e+15 1.7639e+15 1.7639e+15 1.7639e+15 1.7639e+15 1.7639e+15 1.7639e+15 1.7639e+15 1.7639e+15 1.7639e+15 1.7639e+15 1.7639e+15 1.7639e+15 1.7639e+15 1.7639e+15 1.7639e+15 1.7639e+15 1.7639e+15 1.7639e+15 1.7639e+15 1.7639e+15 1.7639e+15 1.7639e+15 1.7639e+15 1.7639e+15 1.7639e+15 1.7639e+15 1.7639e+15 1.7639e+15 1.7639e+15 1.7639e+15 1.7639e+15 1.7639e+15 1.7639e+15 1.7639e+15 1.7639e+15 1.7639e+15 1.764e+15 1.764e+15 1.7641e+15 1.7643e+15
21.725 1.7641e+15 1.764e+15 1.764e+15 1.7639e+15 1.7639e+15 1.7639e+15 1.7639e+15 1.7639e+15 1.7639e+15 1.7639e+15 1.7639e+15 1.7639e+15 1.7639e+15 1.7639e+15 1.7639e+15 1.7639e+15 1.7639e+15 1.7639e+15 1.7639e+15 1.7639e+15 1.7639e+15 1.7639e+15 1.7639e+15 1.7639e+15 1.7639e+15 1.7639e+15 1.7639e+15 1.7639e+15 1.7639e+15 1.7639e+15 1.7639e+15 1.7639e+15 1.7639e+15 1.7639e+15 1.7639e+15 1.7639e+15 1.7639e+15 1.7639e+15 1.7639e+15 1.7639e+15 1.7639e+15 1.7639e+15 1.7639e+15 1.764e+15 1.764e+15 1.7641e+15 1.7643e+15
21.938 1.7641e+15 1.764e+15 1.764e+15 1.7639e+15 1.7639e+15 1.7639e+15 1.7639e+15 1.7639e+15 1.7639e+15 1.7639e+15 1.7639e+15 1.7639e+15 1.7639e+15 1.7639e+15 1.7639e+15 1.7639e+15 1.7639e+15 1.7639e+15 1.7639e+15 1.7639e+15 1.7639e+15 1.7639e+15 1.7639e+15 1.7639e+15 1.7639e+15 1.7639e+15 1.7639e+15 1.7639e+15 1.7639e+15 1.7639e+15 1.7639e+15 1.7639e+15 1.7639e+15 1.7639e+15 1.7639e+15 1.7639e+15 1.7639e+15 1.7639e+15 1.7639e+15 1.7639e+15 1.7639e+15 1.7639e+15 1.7639e+15 1.7639e+15 1.764e+15 1.7641e+15 1.7642e+15
22.151 1.7641e+15 1.764e+15 1.7639e+15 1.7639e+15 1.7639e+15 1.7639e+15 1.7639e+15 1.7639e+15 1.7639e+15 1.7639e+15 1.7639e+15 1.7639e+15 1.7639e+15 1.7639e+15 1.7639e+15 1.7639e+15 1.7639e+15 1.7639e+15 1.7639e+15 1.7639e+15 1.7639e+15 1.7639e+15 1.7639e+15 1.7639e+15 1.7639e+15 1.7639e+15 1.7639e+15 1.7639e+15 1.7639e+15 1.7639e+15 1.7639e+15 1.7639e+15 1.7639e+15 1.7639e+15 1.7639e+15 1.7639e+15 1.7639e+15 1.7639e+15 1.7639e+15 1.7639e+15 1.7639e+15 1.7639e+15 1.7639e+15 1.7639e+15 1.764e+15 1.7641e+15 1.7642e+15
22.364 1.7641e+15 1.764e+15 1.7639e+15 1.7639e+15 1.7639e+15 1.7639e+15 1.7639e+15 1.7639e+15 1.7639e+15 1.7639e+15 1.7639e+15 1.7639e+15 1.7639e+15 1.7639e+15 1.7639e+15 1.7639e+15 1.7639e+15 1.7639e+15 1.7639e+15 1.7639e+15 1.7639e+15 1.7639e+15 1.7639e+15 1.7639e+15 1.7639e+15 1.7639e+15 1.7639e+15 1.7639e+15 1.7639e+15 1.7639e+15 1.7639e+15 1.7639e+15 1.7639e+15 1.7639e+15 1.7639e+15 1.7639e+15 1.7639e+15 1.7639e+15 1.7639e+15 1.7639e+15 1.7639e+15 1.7639e+15 1.7639e+15 1.7639e+15 1.764e+15 1.764e+15 1.7642e+15
22.577 1.7641e+15 1.764e+15 1.7639e+15 1.7639e+15 1.7639e+15 1.7639e+15 1.7639e+15 1.7639e+15 1.7639e+15 1.7639e+15 1.7639e+15 1.7639e+15 1.7639e+15 1.7639e+15 1.7639e+15 1.7639e+15 1.7639e+15 1.7639e+15 1.7639e+15 1.7639e+15 1.7639e+15 1.7639e+15 1.7639e+15 1.7639e+15 1.7639e+15 1.7639e+15 1.7639e+15 1.7639e+15 1.7639e+15 1.7639e+15 1.7639e+15 1.7639e+15 1.7639e+15 1.7639e+15 1.7639e+15 1.7639e+15 1.7639e+15 1.7639e+15 1.7639e+15 1.7639e+15 1.7639e+15 1.7639e+15 1.7639e+15 1.7639e+15 1.764e+15 1.764e+15 1.7642e+15
22.79 1.764e+15 1.764e+15 1.7639e+15 1.7639e+15 1.7639e+15 1.7639e+15 1.7639e+15 1.7639e+15 1.7639e+15 1.7639e+15 1.7639e+15 1.7639e+15 1.7639e+15 1.7639e+15 1.7639e+15 1.7639e+15 1.7639e+15 1.7639e+15 1.7639e+15 1.7639e+15 1.7639e+15 1.7639e+15 1.7639e+15 1.7639e+15 1.7639e+15 1.7639e+15 1.7639e+15 1.7639e+15 1.7639e+15 1.7639e+15 1.7639e+15 1.7639e+15 1.7639e+15 1.7639e+15 1.7639e+15 1.7639e+15 1.7639e+15 1.7639e+15 1.7639e+15 1.7639e+15 1.7639e+15 1.7639e+15 1.7639e+15 1.7639e+15 1.764e+15 1.764e+15 1.7641e+15
23.003 1.764e+15 1.764e+15 1.7639e+15 1.7639e+15 1.7639e+15 1.7639e+15 1.7639e+15 1.7639e+15 1.7639e+15 1.7639e+15 1.7639e+15 1.7639e+15 1.7639e+15 1.7639e+15 1.7639e+15 1.7639e+15 1.7639e+15 1.7639e+15 1.7639e+15 1.7639e+15 1.7639e+15 1.7639e+15 1.7639e+15 1.7639e+15 1.7639e+15 1.7639e+15 1.7639e+15 1.7639e+15 1.7639e+15 1.7639e+15 1.7639e+15 1.7639e+15 1.7639e+15 1.7639e+15 1.7639e+15 1.7639e+15 1.7639e+15 1.7639e+15 1.7639e+15 1.7639e+15 1.7639e+15 1.7639e+15 1.7639e+15 1.7639e+15 1.764e+15 1.764e+15 1.7641e+15
23.216 1.764e+15 1.764e+15 1.7639e+15 1.7639e+15 1.7639e+15 1.7639e+15 1.7639e+15 1.7639e+15 1.7639e+15 1.7639e+15 1.7639e+15 1.7639e+15 1.7639e+15 1.7639e+15 1.7639e+15 1.7639e+15 1.7639e+15 1.7639e+15 1.7639e+15 1.7639e+15 1.7639e+15 1.7639e+15 1.7639e+15 1.7639e+15 1.7639e+15 1.7639e+15 1.7639e+15 1.7639e+15 1.7639e+15 1.7639e+15 1.7639e+15 1.7639e+15 1.7639e+15 1.7639e+15 1.7639e+15 1.7639e+15 1.7639e+15 1.7639e+15 1.7639e+15 1.7639e+15 1.7639e+15 1.7639e+15 1.7639e+15 1.7639e+15 1.764e+15 1.764e+15 1.7641e+15
23.429 1.764e+15 1.764e+15 1.7639e+15 1.7639e+15 1.7639e+15 1.7639e+15 1.7639e+15 1.7639e+15 1.7639e+15 1.7639e+15 1.7639e+15 1.7639e+15 1.7639e+15 1.7639e+15 1.7639e+15 1.7639e+15 1.7639e+15 1.7639e+15 1.7639e+15 1.7639e+15 1.7639e+15 1.7639e+15 1.7639e+15 1.7639e+15 1.7639e+15 1.7639e+15 1.7639e+15 1.7639e+15 1.7639e+15 1.7639e+15 1.7639e+15 1.7639e+15 1.7639e+15 1.7639e+15 1.7639e+15 1.7639e+15 1.7639e+15 1.7639e+15 1.7639e+15 1.7639e+15 1.7639e+15 1.7639e+15 1.7639e+15 1.7639e+15 1.764e+15 1.764e+15 1.7641e+15
23.642 1.764e+15 1.764e+15 1.7639e+15 1.7639e+15 1.7639e+15 1.7639e+15 1.7639e+15 1.7639e+15 1.7639e+15 1.7639e+15 1.7639e+15 1.7639e+15 1.7639e+15 1.7639e+15 1.7639e+15 1.7639e+15 1.7639e+15 1.7639e+15 1.7639e+15 1.7639e+15 1.7639e+15 1.7639e+15 1.7639e+15 1.7639e+15 1.7639e+15 1.7639e+15 1.7639e+15 1.7639e+15 1.7639e+15 1.7639e+15 1.7639e+15 1.7639e+15 1.7639e+15 1.7639e+15 1.7639e+15 1.7639e+15 1.7639e+15 1.7639e+15 1.7639e+15 1.7639e+15 1.7639e+15 1.7639e+15 1.7639e+15 1.7639e+15 1.7639e+15 1.764e+15 1.7641e+15
23.855 1.764e+15 1.7639e+15 1.7639e+15 1.7639e+15 1.7639e+15 1.7639e+15 1.7639e+15 1.7639e+15 1.7639e+15 1.7639e+15 1.7639e+15 1.7639e+15 1.7639e+15 1.7639e+15 1.7639e+15 1.7639e+15 1.7639e+15 1.7639e+15 1.7639e+15 1.7639e+15 1.7639e+15 1.7639e+15 1.7639e+15 1.7639e+15 1.7639e+15 1.7639e+15 1.7639e+15 1.7639e+15 1.7639e+15 1.7639e+15 1.7639e+15 1.7639e+15 1.7639e+15 1.7639e+15 1.7639e+15 1.7639e+15 1.7639e+15 1.7639e+15 1.7639e+15 1.7639e+15 1.7639e+15 1.7639e+15 1.7639e+15 1.7639e+15 1.7639e+15 1.764e+15 1.7641e+15
24.068 1.764e+15 1.7639e+15 1.7639e+15 1.7639e+15 1.7639e+15 1.7639e+15 1.7639e+15 1.7639e+15 1.7639e+15 1.7639e+15 1.7639e+15 1.7639e+15 1.7639e+15 1.7639e+15 1.7639e+15 1.7639e+15 1.7639e+15 1.7639e+15 1.7639e+15 1.7639e+15 1.7639e+15 1.7639e+15 1.7639e+15 1.7639e+15 1.7639e+15 1.7639e+15 1.7639e+15 1.7639e+15 1.7639e+15 1.7639e+15 1.7639e+15 1.7639e+15 1.7639e+15 1.7639e+15 1.7639e+15 1.7639e+15 1.7639e+15 1.7639e+15 1.7639e+15 1.7639e+15 1.7639e+15 1.7639e+15 1.7639e+15 1.7639e+15 1.7639e+15 1.764e+15 1.764e+15
24.281 1.764e+15 1.7639e+15 1.7639e+15 1.7639e+15 1.7639e+15 1.7639e+15 1.7639e+15 1.7639e+15 1.7639e+15 1.7639e+15 1.7639e+15 1.7639e+15 1.7639e+15 1.7639e+15 1.7639e+15 1.7639e+15 1.7639e+15 1.7639e+15 1.7639e+15 1.7639e+15 1.7639e+15 1.7639e+15 1.7639e+15 1.7639e+15 1.7639e+15 1.7639e+15 1.7639e+15 1.7639e+15 1.7639e+15 1.7639e+15 1.7639e+15 1.7639e+15 1.7639e+15 1.7639e+15 1.7639e+15 1.7639e+15 1.7639e+15 1.7639e+15 1.7639e+15 1.7639e+15 1.7639e+15 1.7639e+15 1.7639e+15 1.7639e+15 1.7639e+15 1.764e+15 1.764e+15
24.494 1.764e+15 1.7639e+15 1.7639e+15 1.7639e+15 1.7639e+15 1.7639e+15 1.7639e+15 1.7639e+15 1.7639e+15 1.7639e+15 1.7639e+15 1.7639e+15 1.7639e+15 1.7639e+15 1.7639e+15 1.7639e+15 1.7639e+15 1.7639e+15 1.7639e+15 1.7639e+15 1.7639e+15 1.7639e+15 1.7639e+15 1.7639e+15 1.7639e+15 1.7639e+15 1.7639e+15 1.7639e+15 1.7639e+15 1.7639e+15 1.7639e+15 1.7639e+15 1.7639e+15 1.7639e+15 1.7639e+15 1.7639e+15 1.7639e+15 1.7639e+15 1.7639e+15 1.7639e+15 1.7639e+15 1.7639e+15 1.7639e+15 1.7639e+15 1.7639e+15 1.764e+15 1.764e+15
24.706 1.764e+15 1.7639e+15 1.7639e+15 1.7639e+15 1.7639e+15 1.7639e+15 1.7639e+15 1.7639e+15 1.7639e+15 1.7639e+15 1.7639e+15 1.7639e+15 1.7639e+15 1.7639e+15 1.7639e+15 1.7639e+15 1.7639e+15 1.7639e+15 1.7639e+15 1.7639e+15 1.7639e+15 1.7639e+15 1.7639e+15 1.7639e+15 1.7639e+15 1.7639e+15 1.7639e+15 1.7639e+15 1.7639e+15 1.7639e+15 1.7639e+15 1.7639e+15 1.7639e+15 1.7639e+15 1.7639e+15 1.7639e+15 1.7639e+15 1.7639e+15 1.7639e+15 1.7639e+15 1.7639e+15 1.7639e+15 1.7639e+15 1.7639e+15 1.7639e+15 1.764e+15 1.764e+15
24.919 1.764e+15 1.7639e+15 1.7639e+15 1.7639e+15 1.7639e+15 1.7639e+15 1.7639e+15 1.7639e+15 1.7639e+15 1.7639e+15 1.7639e+15 1.7639e+15 1.7639e+15 1.7639e+15 1.7639e+15 1.7639e+15 1.7639e+15 1.7639e+15 1.7639e+15 1.7639e+15 1.7639e+15 1.7639e+15 1.7639e+15 1.7639e+15 1.7639e+15 1.7639e+15 1.7639e+15 1.7639e+15 1.7639e+15 1.7639e+15 1.7639e+15 1.7639e+15 1.7639e+15 1.7639e+15 1.7639e+15 1.7639e+15 1.7639e+15 1.7639e+15 1.7639e+15 1.7639e+15 1.7639e+15 1.7639e+15 1.7639e+15 1.7639e+15 1.7639e+15 1.764e+15 1.764e+15
25.132 1.764e+15 1.7639e+15 1.7639e+15 1.7639e+15 1.7639e+15 1.7639e+15 1.7639e+15 1.7639e+15 1.7639e+15 1.7639e+15 1.7639e+15 1.7639e+15 1.7639e+15 1.7639e+15 1.7639e+15 1.7639e+15 1.7639e+15 1.7639e+15 1.7639e+15 1.7639e+15 1.7639e+15 1.7639e+15 1.7639e+15 1.7639e+15 1.7639e+15 1.7639e+15 1.7639e+15 1.7639e+15 1.7639e+15 1.7639e+15 1.7639e+15 1.7639e+15 1.7639e+15 1.7639e+15 1.7639e+15 1.7639e+15 1.7639e+15 1.7639e+15 1.7639e+15 1.7639e+15 1.7639e+15 1.7639e+15 1.7639e+15 1.7639e+15 1.7639e+15 1.764e+15 1.764e+15
25.345 1.764e+15 1.7639e+15 1.7639e+15 1.7639e+15 1.7639e+15 1.7639e+15 1.7639e+15 1.7639e+15 1.7639e+15 1.7639e+15 1.7639e+15 1.7639e+15 1.7639e+15 1.7639e+15 1.7639e+15 1.7639e+15 1.7639e+15 1.7639e+15 1.7639e+15 1.7639e+15 1.7639e+15 1.7639e+15 1.7639e+15 1.7639e+15 1.7639e+15 1.7639e+15 1.7639e+15 1.7639e+15 1.7639e+15 1.7639e+15 1.7639e+15 1.7639e+15 1.7639e+15 1.7639e+15 1.7639e+15 1.7639e+15 1.7639e+15 1.7639e+15 1.7639e+15 1.7639e+15 1.7639e+15 1.7639e+15 1.7639e+15 1.7639e+15 1.7639e+15 1.764e+15 1.764e+15
25.558 1.764e+15 1.7639e+15 1.7639e+15 1.7639e+15 1.7639e+15 1.7639e+15 1.7639e+15 1.7639e+15 1.7639e+15 1.7639e+15 1.7639e+15 1.7639e+15 1.7639e+15 1.7639e+15 1.7639e+15 1.7639e+15 1.7639e+15 1.7639e+15 1.7639e+15 1.7639e+15 1.7639e+15 1.7639e+15 1.7639e+15 1.7639e+15 1.7639e+15 1.7639e+15 1.7639e+15 1.7639e+15 1.7639e+15 1.7639e+15 1.7639e+15 1.7639e+15 1.7639e+15 1.7639e+15 1.7639e+15 1.7639e+15 1.7639e+15 1.7639e+15 1.7639e+15 1.7639e+15 1.7639e+15 1.7639e+15 1.7639e+15 1.7639e+15 1.7639e+15 1.7639e+15 1.764e+15
25.771 1.7639e+15 1.7639e+15 1.7639e+15 1.7639e+15 1.7639e+15 1.7639e+15 1.7639e+15 1.7639e+15 1.7639e+15 1.7639e+15 1.7639e+15 1.7639e+15 1.7639e+15 1.7639e+15 1.7639e+15 1.7639e+15 1.7639e+15 1.7639e+15 1.7639e+15 1.7639e+15 1.7639e+15 1.7639e+15 1.7639e+15 1.7639e+15 1.7639e+15 1.7639e+15 1.7639e+15 1.7639e+15 1.7639e+15 1.7639e+15 1.7639e+15 1.7639e+15 1.7639e+15 1.7639e+15 1.7639e+15 1.7639e+15 1.7639e+15 1.7639e+15 1.7639e+15 1.7639e+15 1.7639e+15 1.7639e+15 1.7639e+15 1.7639e+15 1.7639e+15 1.7639e+15 1.764e+15
25.984 1.7639e+15 1.7639e+15 1.7639e+15 1.7639e+15 1.7639e+15 1.7639e+15 1.7639e+15 1.7639e+15 1.7639e+15 1.7639e+15 1.7639e+15 1.7639e+15 1.7639e+15 1.7639e+15 1.7639e+15 1.7639e+15 1.7639e+15 1.7639e+15 1.7639e+15 1.7639e+15 1.7639e+15 1.7639e+15 1.7639e+15 1.7639e+15 1.7639e+15 1.7639e+15 1.7639e+15 1.7639e+15 1.7639e+15 1.7639e+15 1.7639e+15 1.7639e+15 1.7639e+15 1.7639e+15 1.7639e+15 1.7639e+15 1.7639e+15 1.7639e+15 1.7639e+15 1.7639e+15 1.7639e+15 1.7639e+15 1.7639e+15 1.7639e+15 1.7639e+15 1.7639e+15 1.764e+15
26.197 1.7639e+15 1.7639e+15 1.7639e+15 1.7639e+15 1.7639e+15 1.7639e+15 1.7639e+15 1.7639e+15 1.7639e+15 1.7639e+15 1.7639e+15 1.7639e+15 1.7639e+15 1.7639e+15 1.7639e+15 1.7639e+15 1.7639e+15 1.7639e+15 1.7639e+15 1.7639e+15 1.7639e+15 1.7639e+15 1.7639e+15 1.7639e+15 1.7639e+15 1.7639e+15 1.7639e+15 1.7639e+15 1.7639e+15 1.7639e+15 1.7639e+15 1.7639e+15 1.7639e+15 1.7639e+15 1.7639e+15 1.7639e+15 1.7639e+15 1.7639e+15 1.7639e+15 1.7639e+15 1.7639e+15 1.7639e+15 1.7639e+15 1.7639e+15 1.7639e+15 1.7639e+15 1.764e+15
26.41 1.7639e+15 1.7639e+15 1.7639e+15 1.7639e+15 1.7639e+15 1.7639e+15 1.7639e+15 1.7639e+15 1.7639e+15 1.7639e+15 1.7639e+15 1.7639e+15 1.7639e+15 1.7639e+15 1.7639e+15 1.7639e+15 1.7639e+15 1.7639e+15 1.7639e+15 1.7639e+15 1.7639e+15 1.7639e+15 1.7639e+15 1.7639e+15 1.7639e+15 1.7639e+15 1.7639e+15 1.7639e+15 1.7639e+15 1.7639e+15 1.7639e+15 1.7639e+15 1.7639e+15 1.7639e+15 1.7639e+15 1.7639e+15 1.7639e+15 1.7639e+15 1.7639e+15 1.7639e+15 1.7639e+15 1.7639e+15 1.7639e+15 1.7639e+15 1.7639e+15 1.7639e+15 1.764e+15
26.623 1.7639e+15 1.7639e+15 1.7639e+15 1.7639e+15 1.7639e+15 1.7639e+15 1.7639e+15 1.7639e+15 1.7639e+15 1.7639e+15 1.7639e+15 1.7639e+15 1.7639e+15 1.7639e+15 1.7639e+15 1.7639e+15 1.7639e+15 1.7639e+15 1.7639e+15 1.7639e+15 1.7639e+15 1.7639e+15 1.7639e+15 1.7639e+15 1.7639e+15 1.7639e+15 1.7639e+15 1.7639e+15 1.7639e+15 1.7639e+15 1.7639e+15 1.7639e+15 1.7639e+15 1.7639e+15 1.7639e+15 1.7639e+15 1.7639e+15 1.7639e+15 1.7639e+15 1.7639e+15 1.7639e+15 1.7639e+15 1.7639e+15 1.7639e+15 1.7639e+15 1.7639e+15 1.764e+15
26.836 1.7639e+15 1.7639e+15 1.7639e+15 1.7639e+15 1.7639e+15 1.7639e+15 1.7639e+15 1.7639e+15 1.7639e+15 1.7639e+15 1.7639e+15 1.7639e+15 1.7639e+15 1.7639e+15 1.7639e+15 1.7639e+15 1.7639e+15 1.7639e+15 1.7639e+15 1.7639e+15 1.7639e+15 1.7639e+15 1.7639e+15 1.7639e+15 1.7639e+15 1.7639e+15 1.7639e+15 1.7639e+15 1.7639e+15 1.7639e+15 1.7639e+15 1.7639e+15 1.7639e+15 1.7639e+15 1.7639e+15 1.7639e+15 1.7639e+15 1.7639e+15 1.7639e+15 1.7639e+15 1.7639e+15 1.7639e+15 1.7639e+15 1.7639e+15 1.7639e+15 1.7639e+15 1.764e+15
27.049 1.7639e+15 1.7639e+15 1.7639e+15 1.7639e+15 1.7639e+15 1.7639e+15 1.7639e+15 1.7639e+15 1.7639e+15 1.7639e+15 1.7639e+15 1.7639e+15 1.7639e+15 1.7639e+15 1.7639e+15 1.7639e+15 1.7639e+15 1.7639e+15 1.7639e+15 1.7639e+15 1.7639e+15 1.7639e+15 1.7639e+15 1.7639e+15 1.7639e+15 1.7639e+15 1.7639e+15 1.7639e+15 1.7639e+15 1.7639e+15 1.7639e+15 1.7639e+15 1.7639e+15 1.7639e+15 1.7639e+15 1.7639e+15 1.7639e+15 1.7639e+15 1.7639e+15 1.7639e+15 1.7639e+15 1.7639e+15 1.7639e+15 1.7639e+15 1.7639e+15 1.7639e+15 1.764e+15
27.262 1.7639e+15 1.7639e+15 1.7639e+15 1.7639e+15 1.7639e+15 1.7639e+15 1.7639e+15 1.7639e+15 1.7639e+15 1.7639e+15 1.7639e+15 1.7639e+15 1.7639e+15 1.7639e+15 1.7639e+15 1.7639e+15 1.7639e+15 1.7639e+15 1.7639e+15 1.7639e+15 1.7639e+15 1.7639e+15 1.7639e+15 1.7639e+15 1.7639e+15 1.7639e+15 1.7639e+15 1.7639e+15 1.7639e+15 1.7639e+15 1.7639e+15 1.7639e+15 1.7639e+15 1.7639e+15 1.7639e+15 1.7639e+15 1.7639e+15 1.7639e+15 1.7639e+15 1.7639e+15 1.7639e+15 1.7639e+15 1.7639e+15 1.7639e+15 1.7639e+15 1.7639e+15 1.764e+15
27.475 1.7639e+15 1.7639e+15 1.7639e+15 1.7639e+15 1.7639e+15 1.7639e+15 1.7639e+15 1.7639e+15 1.7639e+15 1.7639e+15 1.7639e+15 1.7639e+15 1.7639e+15 1.7639e+15 1.7639e+15 1.7639e+15 1.7639e+15 1.7639e+15 1.7639e+15 1.7639e+15 1.7639e+15 1.7639e+15 1.7639e+15 1.7639e+15 1.7639e+15 1.7639e+15 1.7639e+15 1.7639e+15 1.7639e+15 1.7639e+15 1.7639e+15 1.7639e+15 1.7639e+15 1.7639e+15 1.7639e+15 1.7639e+15 1.7639e+15 1.7639e+15 1.7639e+15 1.7639e+15 1.7639e+15 1.7639e+15 1.7639e+15 1.7639e+15 1.7639e+15 1.7639e+15 1.7639e+15
27.688 1.7639e+15 1.7639e+15 1.7639e+15 1.7639e+15 1.7639e+15 1.7639e+15 1.7639e+15 1.7639e+15 1.7639e+15 1.7639e+15 1.7639e+15 1.7639e+15 1.7639e+15 1.7639e+15 1.7639e+15 1.7639e+15 1.7639e+15 1.7639e+15 1.7639e+15 1.7639e+15 1.7639e+15 1.7639e+15 1.7639e+15 1.7639e+15 1.7639e+15 1.7639e+15 1.7639e+15 1.7639e+15 1.7639e+15 1.7639e+15 1.7639e+15 1.7639e+15 1.7639e+15 1.7639e+15 1.7639e+15 1.7639e+15 1.7639e+15 1.7639e+15 1.7639e+15 1.7639e+15 1.7639e+15 1.7639e+15 1.7639e+15 1.7639e+15 1.7639e+15 1.7639e+15 1.7639e+15
27.901 1.7639e+15 1.7639e+15 1.7639e+15 1.7639e+15 1.7639e+15 1.7639e+15 1.7639e+15 1.7639e+15 1.7639e+15 1.7639e+15 1.7639e+15 1.7639e+15 1.7639e+15 1.7639e+15 1.7639e+15 1.7639e+15 1.7639e+15 1.7639e+15 1.7639e+15 1.7639e+15 1.7639e+15 1.7639e+15 1.7639e+15 1.7639e+15 1.7639e+15 1.7639e+15 1.7639e+15 1.7639e+15 1.7639e+15 1.7639e+15 1.7639e+15 1.7639e+15 1.7639e+15 1.7639e+15 1.7639e+15 1.7639e+15 1.7639e+15 1.7639e+15 1.7639e+15 1.7639e+15 1.7639e+15 1.7639e+15 1.7639e+15 1.7639e+15 1.7639e+15 1.7639e+15 1.7639e+15
28.114 1.7639e+15 1.7639e+15 1.7639e+15 1.7639e+15 1.7639e+15 1.7639e+15 1.7639e+15 1.7639e+15 1.7639e+15 1.7639e+15 1.7639e+15 1.7639e+15 1.7639e+15 1.7639e+15 1.7639e+15 1.7639e+15 1.7639e+15 1.7639e+15 1.7639e+15 1.7639e+15 1.7639e+15 1.7639e+15 1.7639e+15 1.7639e+15 1.7639e+15 1.7639e+15 1.7639e+15 1.7639e+15 1.7639e+15 1.7639e+15 1.7639e+15 1.7639e+15 1.7639e+15 1.7639e+15 1.7639e+15 1.7639e+15 1.7639e+15 1.7639e+15 1.7639e+15 1.7639e+15 1.7639e+15 1.7639e+15 1.7639e+15 1.7639e+15 1.7639e+15 1.7639e+15 1.7639e+15
28.327 1.7639e+15 1.7639e+15 1.7639e+15 1.7639e+15 1.7639e+15 1.7639e+15 1.7639e+15 1.7639e+15 1.7639e+15 1.7639e+15 1.7639e+15 1.7639e+15 1.7639e+15 1.7639e+15 1.7639e+15 1.7639e+15 1.7639e+15 1.7639e+15 1.7639e+15 1.7639e+15 1.7639e+15 1.7639e+15 1.7639e+15 1.7639e+15 1.7639e+15 1.7639e+15 1.7639e+15 1.7639e+15 1.7639e+15 1.7639e+15 1.7639e+15 1.7639e+15 1.7639e+15 1.7639e+15 1.7639e+15 1.7639e+15 1.7639e+15 1.7639e+15 1.7639e+15 1.7639e+15 1.7639e+15 1.7639e+15 1.7639e+15 1.7639e+15 1.7639e+15 1.7639e+15 1.7639e+15
28.54 1.7639e+15 1.7639e+15 1.7639e+15 1.7639e+15 1.7639e+15 1.7639e+15 1.7639e+15 1.7639e+15 1.7639e+15 1.7639e+15 1.7639e+15 1.7639e+15 1.7639e+15 1.7639e+15 1.7639e+15 1.7639e+15 1.7639e+15 1.7639e+15 1.7639e+15 1.7639e+15 1.7639e+15 1.7639e+15 1.7639e+15 1.7639e+15 1.7639e+15 1.7639e+15 1.7639e+15 1.7639e+15 1.7639e+15 1.7639e+15 1.7639e+15 1.7639e+15 1.7639e+15 1.7639e+15 1.7639e+15 1.7639e+15 1.7639e+15 1.7639e+15 1.7639e+15 1.7639e+15 1.7639e+15 1.7639e+15 1.7639e+15 1.7639e+15 1.7639e+15 1.7639e+15 1.7639e+15
28.753 1.7639e+15 1.7639e+15 1.7639e+15 1.7639e+15 1.7639e+15 1.7639e+15 1.7639e+15 1.7639e+15 1.7639e+15 1.7639e+15 1.7639e+15 1.7639e+15 1.7639e+15 1.7639e+15 1.7639e+15 1.7639e+15 1.7639e+15 1.7639e+15 1.7639e+15 1.7639e+15 1.7639e+15 1.7639e+15 1.7639e+15 1.7639e+15 1.7639e+15 1.7639e+15 1.7639e+15 1.7639e+15 1.7639e+15 1.7639e+15 1.7639e+15 1.7639e+15 1.7639e+15 1.7639e+15 1.7639e+15 1.7639e+15 1.7639e+15 1.7639e+15 1.7639e+15 1.7639e+15 1.7639e+15 1.7639e+15 1.7639e+15 1.7639e+15 1.7639e+15 1.7639e+15 1.7639e+15
28.966 1.7639e+15 1.7639e+15 1.7639e+15 1.7639e+15 1.7639e+15 1.7639e+15 1.7639e+15 1.7639e+15 1.7639e+15 1.7639e+15 1.7639e+15 1.7639e+15 1.7639e+15 1.7639e+15 1.7639e+15 1.7639e+15 1.7639e+15 1.7639e+15 1.7639e+15 1.7639e+15 1.7639e+15 1.7639e+15 1.7639e+15 1.7639e+15 1.7639e+15 1.7639e+15 1.7639e+15 1.7639e+15 1.7639e+15 1.7639e+15 1.7639e+15 1.7639e+15 1.7639e+15 1.7639e+15 1.7639e+15 1.7639e+15 1.7639e+15 1.7639e+15 1.7639e+15 1.7639e+15 1.7639e+15 1.7639e+15 1.7639e+15 1.7639e+15 1.7639e+15 1.7639e+15 1.7639e+15
29.179 1.7639e+15 1.7639e+15 1.7639e+15 1.7639e+15 1.7639e+15 1.7639e+15 1.7639e+15 1.7639e+15 1.7639e+15 1.7639e+15 1.7639e+15 1.7639e+15 1.7639e+15 1.7639e+15 1.7639e+15 1.7639e+15 1.7639e+15 1.7639e+15 1.7639e+15 1.7639e+15 1.7639e+15 1.7639e+15 1.7639e+15 1.7639e+15 1.7639e+15 1.7639e+15 1.7639e+15 1.7639e+15 1.7639e+15 1.7639e+15 1.7639e+15 1.7639e+15 1.7639e+15 1.7639e+15 1.7639e+15 1.7639e+15 1.7639e+15 1.7639e+15 1.7639e+15 1.7639e+15 1.7639e+15 1.7639e+15 1.7639e+15 1.7639e+15 1.7639e+15 1.7639e+15 1.7639e+15
29.392 1.7639e+15 1.7639e+15 1.7639e+15 1.7639e+15 1.7639e+15 1.7639e+15 1.7639e+15 1.7639e+15 1.7639e+15 1.7639e+15 1.7639e+15 1.7639e+15 1.7639e+15 1.7639e+15 1.7639e+15 1.7639e+15 1.7639e+15 1.7639e+15 1.7639e+15 1.7639e+15 1.7639e+15 1.7639e+15 1.7639e+15 1.7639e+15 1.7639e+15 1.7639e+15 1.7639e+15 1.7639e+15 1.7639e+15 1.7639e+15 1.7639e+15 1.7639e+15 1.7639e+15 1.7639e+15 1.7639e+15 1.7639e+15 1.7639e+15 1.7639e+15 1.7639e+15 1.7639e+15 1.7639e+15 1.7639e+15 1.7639e+15 1.7639e+15 1.7639e+15 1.7639e+15 1.7639e+15
29.605 1.7639e+15 1.7639e+15 1.7639e+15 1.7639e+15 1.7639e+15 1.7639e+15 1.7639e+15 1.7639e+15 1.7639e+15 1.7639e+15 1.7639e+15 1.7639e+15 1.7639e+15 1.7639e+15 1.7639e+15 1.7639e+15 1.7639e+15 1.7639e+15 1.7639e+15 1.7639e+15 1.7639e+15 1.7639e+15 1.7639e+15 1.7639e+15 1.7639e+15 1.7639e+15 1.7639e+15 1.7639e+15 1.7639e+15 1.7639e+15 1.7639e+15 1.7639e+15 1.7639e+15 1.7639e+15 1.7639e+15 1.7639e+15 1.7639e+15 1.7639e+15 1.7639e+15 1.7639e+15 1.7639e+15 1.7639e+15 1.7639e+15 1.7639e+15 1.7639e+15 1.7639e+15 1.7639e+15
29.818 1.7639e+15 1.7639e+15 1.7639e+15 1.7639e+15 1.7639e+15 1.7639e+15 1.7639e+15 1.7639e+15 1.7639e+15 1.7639e+15 1.7639e+15 1.7639e+15 1.7639e+15 1.7639e+15 1.7639e+15 1.7639e+15 1.7639e+15 1.7639e+15 1.7639e+15 1.7639e+15 1.7639e+15 1.7639e+15 1.7639e+15 1.7639e+15 1.7639e+15 1.7639e+15 1.7639e+15 1.7639e+15 1.7639e+15 1.7639e+15 1.7639e+15 1.7639e+15 1.7639e+15 1.7639e+15 1.7639e+15 1.7639e+15 1.7639e+15 1.7639e+15 1.7639e+15 1.7639e+15 1.7639e+15 1.7639e+15 1.7639e+15 1.7639e+15 1.7639e+15 1.7639e+15 1.7639e+15
