NaN -14.212 -13.043 -11.95 -10.927 -9.9699 -9.0746 -8.2371 -7.4537 -6.7207 -6.035 -5.3936 -4.7935 -4.2321 -3.7069 -3.2156 -2.7559 -2.326 -1.9237 -1.5474 -1.1953 -0.86601 -0.55791 -0.26968 -3.9113e-05 0.2143 0.49871 0.80273 1.1277 1.4751 1.8464 2.2433 2.6676 3.1212 3.606 4.1242 4.6782 5.2703 5.9033 6.5799 7.3031 8.0762 8.9027 9.786 10.73 11.74 12.819 13.972
0 1.5958e+16 2.3357e+16 3.4977e+16 5.3174e+16 8.1555e+16 1.256e+17 1.9358e+17 2.979e+17 4.5725e+17 7.002e+17 1.0716e+18 1.6458e+18 2.5534e+18 4.0437e+18 6.6301e+18 1.145e+19 2.1167e+19 4.2021e+19 8.6752e+19 1.6965e+20 2.7359e+20 3.3195e+20 3.0945e+20 2.399e+20 1.7664e+20 1.0621e+20 5.7654e+19 2.9976e+19 1.5754e+19 8.6398e+18 4.9972e+18 3.0389e+18 1.9247e+18 1.2559e+18 8.359e+17 5.6309e+17 3.8175e+17 2.5956e+17 1.7666e+17 1.203e+17 8.2029e+16 5.6104e+16 3.8599e+16 2.6817e+16 1.8911e+16 1.3619e+16 1.0084e+16
0.21299 1.5349e+16 2.226e+16 3.3013e+16 4.9682e+16 7.54e+16 1.1486e+17 1.7507e+17 2.6641e+17 4.0443e+17 6.1277e+17 9.2872e+17 1.4142e+18 2.1794e+18 3.4356e+18 5.6199e+18 9.7025e+18 1.7948e+19 3.5645e+19 7.3581e+19 1.4419e+20 2.3382e+20 2.8364e+20 2.5988e+20 1.9548e+20 1.4057e+20 8.3051e+19 4.5117e+19 2.3754e+19 1.268e+19 7.052e+18 4.1267e+18 2.535e+18 1.6212e+18 1.0683e+18 7.1847e+17 4.8932e+17 3.3554e+17 2.3078e+17 1.5888e+17 1.0942e+17 7.5421e+16 5.2122e+16 3.6215e+16 2.5398e+16 1.8071e+16 1.3123e+16 9.7916e+15
0.42597 1.4321e+16 2.0425e+16 2.9757e+16 4.3949e+16 6.5402e+16 9.7612e+16 1.4565e+17 2.1687e+17 3.221e+17 4.7763e+17 7.092e+17 1.0599e+18 1.6071e+18 2.5006e+18 4.0504e+18 6.9408e+18 1.2745e+19 2.5054e+19 5.0997e+19 9.8738e+19 1.5961e+20 1.9283e+20 1.7252e+20 1.2481e+20 8.7298e+19 5.085e+19 2.8003e+19 1.5203e+19 8.3962e+18 4.8126e+18 2.8873e+18 1.8119e+18 1.1818e+18 7.9413e+17 5.4494e+17 3.7895e+17 2.6545e+17 1.8654e+17 1.3118e+17 9.222e+16 6.4841e+16 4.5668e+16 3.2308e+16 2.3048e+16 1.6665e+16 1.2286e+16 9.2949e+15
0.63896 1.298e+16 1.8063e+16 2.5629e+16 3.6802e+16 5.3153e+16 7.686e+16 1.1093e+17 1.5953e+17 2.2857e+17 3.2684e+17 4.6813e+17 6.7574e+17 9.9193e+17 1.4984e+18 2.3625e+18 3.9423e+18 7.0213e+18 1.3251e+19 2.5546e+19 4.6592e+19 7.1961e+19 8.4956e+19 7.5004e+19 5.3793e+19 3.7722e+19 2.2513e+19 1.3017e+19 7.5212e+18 4.4209e+18 2.6755e+18 1.679e+18 1.0941e+18 7.3803e+17 5.121e+17 3.628e+17 2.6056e+17 1.8854e+17 1.3684e+17 9.9331e+16 7.201e+16 5.2144e+16 3.7768e+16 2.7437e+16 2.007e+16 1.4856e+16 1.1194e+16 8.6392e+15
0.85195 1.1453e+16 1.5428e+16 2.1127e+16 2.9193e+16 4.0451e+16 5.5943e+16 7.697e+16 1.0519e+17 1.4281e+17 1.9305e+17 2.6101e+17 3.5552e+17 4.9275e+17 7.0347e+17 1.0479e+18 1.6449e+18 2.7228e+18 4.6686e+18 7.9343e+18 1.2492e+19 1.6947e+19 1.8811e+19 1.6959e+19 1.3082e+19 9.8864e+18 6.5461e+18 4.2189e+18 2.7173e+18 1.7686e+18 1.1702e+18 7.9132e+17 5.4875e+17 3.9051e+17 2.8447e+17 2.111e+17 1.5866e+17 1.2009e+17 9.1095e+16 6.903e+16 5.2162e+16 3.9296e+16 2.955e+16 2.224e+16 1.6816e+16 1.2839e+16 9.9535e+15 7.8814e+15
1.0649 9.8759e+15 1.2778e+16 1.6731e+16 2.2005e+16 2.8887e+16 3.7657e+16 4.8574e+16 6.1888e+16 7.7906e+16 9.7148e+16 1.2065e+17 1.5045e+17 1.9044e+17 2.4765e+17 3.3437e+17 4.706e+17 6.8355e+17 9.9316e+17 1.3704e+18 1.7038e+18 1.8801e+18 1.9035e+18 1.8247e+18 1.6537e+18 1.4576e+18 1.1704e+18 8.9906e+17 6.7913e+17 5.1188e+17 3.8671e+17 2.9343e+17 2.243e+17 1.7329e+17 1.3558e+17 1.0733e+17 8.5736e+16 6.8807e+16 5.5243e+16 4.422e+16 3.5216e+16 2.7888e+16 2.1983e+16 1.7293e+16 1.3626e+16 1.0806e+16 8.6726e+15 7.0819e+15
1.2779 8.3685e+15 1.0329e+16 1.2822e+16 1.5887e+16 1.9515e+16 2.3634e+16 2.8103e+16 3.274e+16 3.7376e+16 4.1937e+16 4.6529e+16 5.152e+16 5.7586e+16 6.5724e+16 7.7162e+16 9.2919e+16 1.1245e+17 1.3128e+17 1.4064e+17 1.351e+17 1.2195e+17 1.1451e+17 1.1833e+17 1.2841e+17 1.3522e+17 1.3676e+17 1.2974e+17 1.1835e+17 1.0638e+17 9.507e+16 8.4351e+16 7.4094e+16 6.4488e+16 5.5819e+16 4.8231e+16 4.1669e+16 3.5965e+16 3.0935e+16 2.6446e+16 2.2423e+16 1.8844e+16 1.5707e+16 1.3017e+16 1.0763e+16 8.9202e+15 7.4481e+15 6.2972e+15
1.4909 7.023e+15 8.2334e+15 9.633e+15 1.1163e+16 1.2721e+16 1.4173e+16 1.5373e+16 1.6201e+16 1.661e+16 1.6642e+16 1.6436e+16 1.6191e+16 1.612e+16 1.6395e+16 1.7085e+16 1.8043e+16 1.8755e+16 1.8399e+16 1.6508e+16 1.3788e+16 1.1616e+16 1.0838e+16 1.1574e+16 1.348e+16 1.5451e+16 1.7822e+16 1.934e+16 1.9976e+16 2.0252e+16 2.0589e+16 2.1038e+16 2.1375e+16 2.1354e+16 2.0893e+16 2.0069e+16 1.9013e+16 1.7824e+16 1.655e+16 1.5206e+16 1.3809e+16 1.2384e+16 1.0975e+16 9.6287e+15 8.3909e+15 7.2935e+15 6.3535e+15 5.573e+15
1.7039 5.8955e+15 6.5634e+15 7.2364e+15 7.8443e+15 8.3072e+15 8.5547e+15 8.5503e+15 8.3109e+15 7.9098e+15 7.4588e+15 7.0773e+15 6.8612e+15 6.8652e+15 7.0902e+15 7.4623e+15 7.7979e+15 7.8092e+15 7.2706e+15 6.2967e+15 5.3198e+15 4.6929e+15 4.5056e+15 4.7296e+15 5.3052e+15 5.9562e+15 6.8459e+15 7.4931e+15 7.725e+15 7.6689e+15 7.5585e+15 7.5738e+15 7.7875e+15 8.1538e+15 8.5541e+15 8.8783e+15 9.0733e+15 9.1345e+15 9.0733e+15 8.8966e+15 8.606e+15 8.2064e+15 7.7136e+15 7.1551e+15 6.566e+15 5.982e+15 5.4334e+15 4.9414e+15
1.9169 5.006e+15 5.3221e+15 5.5743e+15 5.7216e+15 5.736e+15 5.6169e+15 5.3978e+15 5.1404e+15 4.9167e+15 4.788e+15 4.7898e+15 4.9287e+15 5.1834e+15 5.4988e+15 5.7713e+15 5.8469e+15 5.5881e+15 5.0121e+15 4.3387e+15 3.8148e+15 3.5354e+15 3.4719e+15 3.5858e+15 3.8733e+15 4.2343e+15 4.8187e+15 5.373e+15 5.6904e+15 5.7246e+15 5.5726e+15 5.355e+15 5.1671e+15 5.073e+15 5.0936e+15 5.2044e+15 5.3582e+15 5.5133e+15 5.6443e+15 5.7359e+15 5.7753e+15 5.7503e+15 5.6534e+15 5.4857e+15 5.2585e+15 4.9905e+15 4.7036e+15 4.4186e+15
2.1299 4.3445e+15 4.4603e+15 4.5097e+15 4.4836e+15 4.391e+15 4.261e+15 4.135e+15 4.0544e+15 4.0473e+15 4.1236e+15 4.2765e+15 4.4863e+15 4.7178e+15 4.9121e+15 4.9826e+15 4.8423e+15 4.4742e+15 3.9858e+15 3.5493e+15 3.2719e+15 3.1527e+15 3.1394e+15 3.2e+15 3.3453e+15 3.5472e+15 3.9285e+15 4.3824e+15 4.7549e+15 4.936e+15 4.9317e+15 4.808e+15 4.6289e+15 4.4447e+15 4.2949e+15 4.204e+15 4.1759e+15 4.1974e+15 4.2496e+15 4.3156e+15 4.3812e+15 4.4326e+15 4.4562e+15 4.4416e+15 4.3839e+15 4.2859e+15 4.1563e+15 4.0073e+15
2.3429 3.8803e+15 3.9011e+15 3.8793e+15 3.8244e+15 3.7571e+15 3.7038e+15 3.6877e+15 3.7217e+15 3.807e+15 3.9359e+15 4.0947e+15 4.262e+15 4.4034e+15 4.4678e+15 4.3977e+15 4.1654e+15 3.815e+15 3.4571e+15 3.1945e+15 3.059e+15 3.0172e+15 3.0219e+15 3.0528e+15 3.1212e+15 3.2264e+15 3.4577e+15 3.7897e+15 4.1334e+15 4.3782e+15 4.4793e+15 4.4605e+15 4.3649e+15 4.2294e+15 4.0824e+15 3.9474e+15 3.842e+15 3.7739e+15 3.7417e+15 3.7384e+15 3.7556e+15 3.7842e+15 3.8141e+15 3.8347e+15 3.8368e+15 3.8146e+15 3.7675e+15 3.6991e+15
2.5558 3.5729e+15 3.5618e+15 3.5336e+15 3.5024e+15 3.4849e+15 3.4946e+15 3.5378e+15 3.6136e+15 3.716e+15 3.836e+15 3.9605e+15 4.0686e+15 4.1287e+15 4.1022e+15 3.961e+15 3.7161e+15 3.4305e+15 3.1886e+15 3.0417e+15 2.9836e+15 2.9744e+15 2.9818e+15 2.9967e+15 3.0263e+15 3.0764e+15 3.2062e+15 3.43e+15 3.71e+15 3.9605e+15 4.1163e+15 4.169e+15 4.1429e+15 4.0661e+15 3.9611e+15 3.846e+15 3.7356e+15 3.6414e+15 3.5698e+15 3.5222e+15 3.4966e+15 3.489e+15 3.4942e+15 3.5056e+15 3.5156e+15 3.5172e+15 3.5056e+15 3.479e+15
2.7688 3.3807e+15 3.3688e+15 3.3572e+15 3.3565e+15 3.3751e+15 3.4166e+15 3.4799e+15 3.5607e+15 3.6531e+15 3.749e+15 3.8351e+15 3.8914e+15 3.8916e+15 3.8114e+15 3.6463e+15 3.4267e+15 3.2125e+15 3.0589e+15 2.9833e+15 2.9626e+15 2.9633e+15 2.9685e+15 2.9752e+15 2.987e+15 3.0085e+15 3.0751e+15 3.215e+15 3.425e+15 3.6505e+15 3.8259e+15 3.9219e+15 3.9454e+15 3.9158e+15 3.8513e+15 3.7671e+15 3.6754e+15 3.5862e+15 3.5071e+15 3.4427e+15 3.3946e+15 3.3626e+15 3.3447e+15 3.338e+15 3.338e+15 3.3396e+15 3.3378e+15 3.3287e+15
2.9818 3.2669e+15 3.2655e+15 3.2723e+15 3.2929e+15 3.3296e+15 3.3815e+15 3.4458e+15 3.5186e+15 3.5946e+15 3.6654e+15 3.7177e+15 3.7336e+15 3.6938e+15 3.5877e+15 3.4259e+15 3.2452e+15 3.0934e+15 3.0013e+15 2.9654e+15 2.9593e+15 2.9611e+15 2.9637e+15 2.9666e+15 2.9711e+15 2.9793e+15 3.0099e+15 3.0904e+15 3.2372e+15 3.4239e+15 3.5965e+15 3.715e+15 3.7718e+15 3.7776e+15 3.7464e+15 3.6907e+15 3.6211e+15 3.5465e+15 3.4738e+15 3.4083e+15 3.353e+15 3.3095e+15 3.2777e+15 3.2568e+15 3.2448e+15 3.2388e+15 3.2353e+15 3.2306e+15
3.1948 3.203e+15 3.2128e+15 3.2325e+15 3.2639e+15 3.3064e+15 3.3583e+15 3.4168e+15 3.4784e+15 3.5377e+15 3.5859e+15 3.6105e+15 3.5969e+15 3.5333e+15 3.4197e+15 3.275e+15 3.1342e+15 3.031e+15 2.9781e+15 2.9617e+15 2.9598e+15 2.9606e+15 2.9617e+15 2.9629e+15 2.9646e+15 2.9674e+15 2.9797e+15 3.0218e+15 3.1171e+15 3.2616e+15 3.4176e+15 3.5437e+15 3.6213e+15 3.6528e+15 3.6477e+15 3.616e+15 3.5669e+15 3.5081e+15 3.4462e+15 3.3864e+15 3.332e+15 3.2853e+15 3.2474e+15 3.2184e+15 3.1976e+15 3.184e+15 3.1753e+15 3.169e+15
3.4078 3.1684e+15 3.1863e+15 3.2128e+15 3.2478e+15 3.2901e+15 3.3379e+15 3.3887e+15 3.439e+15 3.4829e+15 3.5118e+15 3.5147e+15 3.481e+15 3.4057e+15 3.2957e+15 3.1732e+15 3.0672e+15 2.9991e+15 2.9691e+15 2.9611e+15 2.9601e+15 2.9602e+15 2.9607e+15 2.9612e+15 2.9619e+15 2.9627e+15 2.9669e+15 2.9865e+15 3.0435e+15 3.1485e+15 3.2807e+15 3.4035e+15 3.4922e+15 3.5414e+15 3.5562e+15 3.5443e+15 3.513e+15 3.4691e+15 3.4187e+15 3.3667e+15 3.3168e+15 3.2714e+15 3.2322e+15 3.1997e+15 3.1741e+15 3.1549e+15 3.1413e+15 3.1317e+15
3.6208 3.1498e+15 3.1722e+15 3.2011e+15 3.236e+15 3.2755e+15 3.318e+15 3.3611e+15 3.4007e+15 3.431e+15 3.444e+15 3.4306e+15 3.3843e+15 3.3053e+15 3.205e+15 3.1047e+15 3.0268e+15 2.9823e+15 2.965e+15 2.9606e+15 2.9599e+15 2.9599e+15 2.9601e+15 2.9604e+15 2.9607e+15 2.9609e+15 2.962e+15 2.9699e+15 3.0011e+15 3.0724e+15 3.1781e+15 3.2905e+15 3.3827e+15 3.4432e+15 3.4727e+15 3.4765e+15 3.4603e+15 3.4298e+15 3.3903e+15 3.3467e+15 3.3025e+15 3.2605e+15 3.2225e+15 3.1894e+15 3.1617e+15 3.1395e+15 3.1225e+15 3.1097e+15
3.8338 3.1394e+15 3.1635e+15 3.1924e+15 3.2254e+15 3.2612e+15 3.2983e+15 3.3339e+15 3.3639e+15 3.3825e+15 3.3826e+15 3.3576e+15 3.3043e+15 3.2269e+15 3.1386e+15 3.0583e+15 3.0018e+15 2.9727e+15 2.9624e+15 2.96e+15 2.9596e+15 2.9596e+15 2.9597e+15 2.9599e+15 2.9601e+15 2.9602e+15 2.9604e+15 2.9629e+15 2.9783e+15 3.0234e+15 3.1033e+15 3.2009e+15 3.2908e+15 3.3575e+15 3.3974e+15 3.4133e+15 3.4096e+15 3.3908e+15 3.3615e+15 3.3259e+15 3.2879e+15 3.25e+15 3.2145e+15 3.1824e+15 3.1545e+15 3.131e+15 3.1119e+15 3.0969e+15
4.0468 3.1327e+15 3.1569e+15 3.1846e+15 3.215e+15 3.2471e+15 3.2789e+15 3.3075e+15 3.3289e+15 3.3375e+15 3.3275e+15 3.2946e+15 3.2384e+15 3.1656e+15 3.0896e+15 3.0262e+15 2.9855e+15 2.9666e+15 2.9607e+15 2.9596e+15 2.9594e+15 2.9595e+15 2.9595e+15 2.9596e+15 2.9597e+15 2.9598e+15 2.9598e+15 2.9605e+15 2.9671e+15 2.9935e+15 3.0507e+15 3.1313e+15 3.2148e+15 3.2834e+15 3.3301e+15 3.3551e+15 3.3615e+15 3.3527e+15 3.3325e+15 3.3047e+15 3.2726e+15 3.2393e+15 3.2067e+15 3.1765e+15 3.1493e+15 3.1256e+15 3.1057e+15 3.0893e+15
4.2597 3.1276e+15 3.151e+15 3.177e+15 3.2048e+15 3.233e+15 3.2598e+15 3.282e+15 3.2957e+15 3.296e+15 3.2784e+15 3.2403e+15 3.184e+15 3.1173e+15 3.0531e+15 3.0037e+15 2.9748e+15 2.9629e+15 2.9598e+15 2.9593e+15 2.9594e+15 2.9594e+15 2.9594e+15 2.9595e+15 2.9595e+15 2.9596e+15 2.9596e+15 2.9597e+15 2.9622e+15 2.9765e+15 3.015e+15 3.0786e+15 3.1527e+15 3.22e+15 3.2705e+15 3.3021e+15 3.3165e+15 3.316e+15 3.3038e+15 3.2831e+15 3.2568e+15 3.228e+15 3.1988e+15 3.1707e+15 3.1448e+15 3.1217e+15 3.1016e+15 3.0846e+15
4.4727 3.1232e+15 3.1454e+15 3.1694e+15 3.1945e+15 3.219e+15 3.241e+15 3.2574e+15 3.2644e+15 3.2579e+15 3.2345e+15 3.1936e+15 3.1389e+15 3.0791e+15 3.0256e+15 2.9878e+15 2.9678e+15 2.9608e+15 2.9594e+15 2.9593e+15 2.9593e+15 2.9593e+15 2.9594e+15 2.9594e+15 2.9594e+15 2.9595e+15 2.9595e+15 2.9595e+15 2.9604e+15 2.9674e+15 2.9919e+15 3.0397e+15 3.103e+15 3.1664e+15 3.2182e+15 3.2543e+15 3.2747e+15 3.2811e+15 3.2758e+15 3.2614e+15 3.2407e+15 3.2163e+15 3.1904e+15 3.1647e+15 3.1405e+15 3.1183e+15 3.0985e+15 3.0815e+15
4.6857 3.1189e+15 3.1398e+15 3.1619e+15 3.1842e+15 3.2052e+15 3.2228e+15 3.2339e+15 3.2351e+15 3.223e+15 3.1955e+15 3.1534e+15 3.1016e+15 3.0489e+15 3.0052e+15 2.9768e+15 2.9636e+15 2.9598e+15 2.9593e+15 2.9593e+15 2.9593e+15 2.9593e+15 2.9593e+15 2.9593e+15 2.9594e+15 2.9594e+15 2.9594e+15 2.9595e+15 2.9597e+15 2.963e+15 2.9777e+15 3.012e+15 3.064e+15 3.1216e+15 3.1728e+15 3.2114e+15 3.2362e+15 3.2481e+15 3.2487e+15 3.24e+15 3.2244e+15 3.2042e+15 3.1817e+15 3.1585e+15 3.136e+15 3.115e+15 3.0959e+15 3.079e+15
4.8987 3.1147e+15 3.1341e+15 3.1542e+15 3.1739e+15 3.1915e+15 3.2049e+15 3.2113e+15 3.2075e+15 3.191e+15 3.1607e+15 3.1188e+15 3.0708e+15 3.0252e+15 2.9902e+15 2.9696e+15 2.9614e+15 2.9594e+15 2.9593e+15 2.9593e+15 2.9593e+15 2.9593e+15 2.9593e+15 2.9593e+15 2.9593e+15 2.9593e+15 2.9594e+15 2.9594e+15 2.9595e+15 2.961e+15 2.9694e+15 2.993e+15 3.0341e+15 3.0847e+15 3.1336e+15 3.1733e+15 3.2012e+15 3.2173e+15 3.2228e+15 3.2191e+15 3.2081e+15 3.1919e+15 3.1727e+15 3.152e+15 3.1314e+15 3.1116e+15 3.0934e+15 3.077e+15
5.1117 3.1105e+15 3.1284e+15 3.1465e+15 3.1636e+15 3.1781e+15 3.1876e+15 3.1897e+15 3.1817e+15 3.1618e+15 3.1299e+15 3.0891e+15 3.0455e+15 3.0069e+15 2.9796e+15 2.9652e+15 2.9603e+15 2.9593e+15 2.9593e+15 2.9593e+15 2.9593e+15 2.9593e+15 2.9593e+15 2.9593e+15 2.9593e+15 2.9593e+15 2.9593e+15 2.9594e+15 2.9595e+15 2.9602e+15 2.9648e+15 2.9803e+15 3.0117e+15 3.0548e+15 3.1001e+15 3.1396e+15 3.1694e+15 3.1887e+15 3.1982e+15 3.1987e+15 3.1919e+15 3.1795e+15 3.1634e+15 3.1453e+15 3.1265e+15 3.1081e+15 3.0908e+15 3.075e+15
5.3247 3.1062e+15 3.1227e+15 3.1388e+15 3.1534e+15 3.1648e+15 3.1709e+15 3.1692e+15 3.1576e+15 3.1352e+15 3.1027e+15 3.064e+15 3.0251e+15 2.9931e+15 2.9724e+15 2.9627e+15 2.9598e+15 2.9593e+15 2.9593e+15 2.9593e+15 2.9593e+15 2.9593e+15 2.9593e+15 2.9593e+15 2.9593e+15 2.9593e+15 2.9593e+15 2.9593e+15 2.9594e+15 2.9598e+15 2.9623e+15 2.9722e+15 2.9953e+15 3.031e+15 3.0719e+15 3.1101e+15 3.1408e+15 3.1624e+15 3.175e+15 3.1792e+15 3.1761e+15 3.1671e+15 3.154e+15 3.1383e+15 3.1214e+15 3.1045e+15 3.0882e+15 3.073e+15
5.5377 3.1018e+15 3.1168e+15 3.1311e+15 3.1433e+15 3.1518e+15 3.1546e+15 3.1497e+15 3.1353e+15 3.1111e+15 3.0789e+15 3.0429e+15 3.009e+15 2.9831e+15 2.9678e+15 2.9613e+15 2.9596e+15 2.9593e+15 2.9593e+15 2.9593e+15 2.9593e+15 2.9593e+15 2.9593e+15 2.9593e+15 2.9593e+15 2.9593e+15 2.9593e+15 2.9593e+15 2.9593e+15 2.9596e+15 2.961e+15 2.9672e+15 2.9837e+15 3.0123e+15 3.0484e+15 3.0845e+15 3.1153e+15 3.1384e+15 3.1533e+15 3.1605e+15 3.1606e+15 3.1548e+15 3.1445e+15 3.1312e+15 3.1162e+15 3.1007e+15 3.0854e+15 3.071e+15
5.7506 3.0974e+15 3.1109e+15 3.1233e+15 3.1333e+15 3.1391e+15 3.139e+15 3.1312e+15 3.1146e+15 3.0896e+15 3.0584e+15 3.0255e+15 2.9966e+15 2.976e+15 2.9648e+15 2.9605e+15 2.9594e+15 2.9593e+15 2.9593e+15 2.9593e+15 2.9593e+15 2.9593e+15 2.9593e+15 2.9593e+15 2.9593e+15 2.9593e+15 2.9593e+15 2.9593e+15 2.9593e+15 2.9595e+15 2.9603e+15 2.9642e+15 2.9757e+15 2.998e+15 3.029e+15 3.0624e+15 3.0925e+15 3.1165e+15 3.1332e+15 3.1428e+15 3.1457e+15 3.1427e+15 3.135e+15 3.124e+15 3.1108e+15 3.0967e+15 3.0826e+15 3.069e+15
5.9636 3.0929e+15 3.105e+15 3.1156e+15 3.1233e+15 3.1267e+15 3.124e+15 3.1139e+15 3.0957e+15 3.0704e+15 3.0408e+15 3.0114e+15 2.9871e+15 2.971e+15 2.9629e+15 2.96e+15 2.9593e+15 2.9593e+15 2.9593e+15 2.9593e+15 2.9593e+15 2.9593e+15 2.9593e+15 2.9593e+15 2.9593e+15 2.9593e+15 2.9593e+15 2.9593e+15 2.9593e+15 2.9594e+15 2.9599e+15 2.9624e+15 2.9703e+15 2.9873e+15 3.0133e+15 3.0435e+15 3.0724e+15 3.0966e+15 3.1147e+15 3.1261e+15 3.1313e+15 3.1308e+15 3.1256e+15 3.1167e+15 3.1053e+15 3.0927e+15 3.0796e+15 3.0668e+15
6.1766 3.0884e+15 3.0991e+15 3.1079e+15 3.1136e+15 3.1147e+15 3.1098e+15 3.0977e+15 3.0785e+15 3.0536e+15 3.026e+15 3.0001e+15 2.98e+15 2.9675e+15 2.9616e+15 2.9597e+15 2.9593e+15 2.9593e+15 2.9593e+15 2.9593e+15 2.9593e+15 2.9593e+15 2.9593e+15 2.9593e+15 2.9593e+15 2.9593e+15 2.9593e+15 2.9593e+15 2.9593e+15 2.9593e+15 2.9596e+15 2.9612e+15 2.9667e+15 2.9794e+15 3.0007e+15 3.0275e+15 3.0548e+15 3.0788e+15 3.0976e+15 3.1105e+15 3.1177e+15 3.1193e+15 3.1162e+15 3.1093e+15 3.0997e+15 3.0885e+15 3.0766e+15 3.0646e+15
6.3896 3.0838e+15 3.0931e+15 3.1002e+15 3.104e+15 3.1031e+15 3.0962e+15 3.0828e+15 3.0631e+15 3.039e+15 3.0137e+15 2.9912e+15 2.9747e+15 2.965e+15 2.9607e+15 2.9594e+15 2.9593e+15 2.9593e+15 2.9593e+15 2.9593e+15 2.9593e+15 2.9593e+15 2.9593e+15 2.9593e+15 2.9593e+15 2.9593e+15 2.9593e+15 2.9593e+15 2.9593e+15 2.9593e+15 2.9595e+15 2.9605e+15 2.9643e+15 2.9737e+15 2.9909e+15 3.0141e+15 3.0394e+15 3.0627e+15 3.0819e+15 3.096e+15 3.1047e+15 3.1082e+15 3.1071e+15 3.102e+15 3.0941e+15 3.0843e+15 3.0734e+15 3.0623e+15
6.6026 3.0792e+15 3.0871e+15 3.0927e+15 3.0947e+15 3.092e+15 3.0835e+15 3.0691e+15 3.0493e+15 3.0264e+15 3.0036e+15 2.9842e+15 2.9706e+15 2.9631e+15 2.9601e+15 2.9593e+15 2.9593e+15 2.9593e+15 2.9593e+15 2.9593e+15 2.9593e+15 2.9593e+15 2.9593e+15 2.9593e+15 2.9593e+15 2.9593e+15 2.9593e+15 2.9593e+15 2.9593e+15 2.9593e+15 2.9593e+15 2.96e+15 2.9627e+15 2.9696e+15 2.9832e+15 3.0031e+15 3.0261e+15 3.0484e+15 3.0676e+15 3.0824e+15 3.0924e+15 3.0975e+15 3.0981e+15 3.0948e+15 3.0885e+15 3.08e+15 3.0702e+15 3.0599e+15
6.8156 3.0746e+15 3.0812e+15 3.0853e+15 3.0857e+15 3.0814e+15 3.0717e+15 3.0566e+15 3.0372e+15 3.0157e+15 2.9952e+15 2.9786e+15 2.9676e+15 2.9618e+15 2.9597e+15 2.9593e+15 2.9593e+15 2.9593e+15 2.9593e+15 2.9593e+15 2.9593e+15 2.9593e+15 2.9593e+15 2.9593e+15 2.9593e+15 2.9593e+15 2.9593e+15 2.9593e+15 2.9593e+15 2.9593e+15 2.9593e+15 2.9597e+15 2.9615e+15 2.9667e+15 2.9774e+15 2.9941e+15 3.0146e+15 3.0357e+15 3.0547e+15 3.0699e+15 3.0808e+15 3.0872e+15 3.0894e+15 3.0877e+15 3.0828e+15 3.0756e+15 3.0669e+15 3.0574e+15
7.0286 3.0699e+15 3.0754e+15 3.078e+15 3.077e+15 3.0714e+15 3.0607e+15 3.0453e+15 3.0265e+15 3.0066e+15 2.9883e+15 2.9742e+15 2.9652e+15 2.9609e+15 2.9595e+15 2.9593e+15 2.9593e+15 2.9593e+15 2.9593e+15 2.9593e+15 2.9593e+15 2.9593e+15 2.9593e+15 2.9593e+15 2.9593e+15 2.9593e+15 2.9593e+15 2.9593e+15 2.9593e+15 2.9593e+15 2.9593e+15 2.9595e+15 2.9608e+15 2.9646e+15 2.973e+15 2.9868e+15 3.0049e+15 3.0246e+15 3.0429e+15 3.0583e+15 3.07e+15 3.0775e+15 3.081e+15 3.0807e+15 3.0772e+15 3.0712e+15 3.0636e+15 3.0549e+15
7.2416 3.0653e+15 3.0696e+15 3.071e+15 3.0687e+15 3.0619e+15 3.0506e+15 3.0352e+15 3.0172e+15 2.9988e+15 2.9826e+15 2.9706e+15 2.9634e+15 2.9602e+15 2.9594e+15 2.9593e+15 2.9593e+15 2.9593e+15 2.9593e+15 2.9593e+15 2.9593e+15 2.9593e+15 2.9593e+15 2.9593e+15 2.9593e+15 2.9593e+15 2.9593e+15 2.9593e+15 2.9593e+15 2.9593e+15 2.9593e+15 2.9594e+15 2.9602e+15 2.9631e+15 2.9696e+15 2.981e+15 2.9968e+15 3.0148e+15 3.0324e+15 3.0477e+15 3.0598e+15 3.0682e+15 3.0728e+15 3.0738e+15 3.0716e+15 3.0668e+15 3.0602e+15 3.0524e+15
7.4545 3.0608e+15 3.0639e+15 3.0642e+15 3.0607e+15 3.0531e+15 3.0413e+15 3.0261e+15 3.009e+15 2.9922e+15 2.9779e+15 2.9677e+15 2.9621e+15 2.9599e+15 2.9593e+15 2.9593e+15 2.9593e+15 2.9593e+15 2.9593e+15 2.9593e+15 2.9593e+15 2.9593e+15 2.9593e+15 2.9593e+15 2.9593e+15 2.9593e+15 2.9593e+15 2.9593e+15 2.9593e+15 2.9593e+15 2.9593e+15 2.9593e+15 2.9598e+15 2.9619e+15 2.9671e+15 2.9764e+15 2.99e+15 3.0063e+15 3.0229e+15 3.038e+15 3.0504e+15 3.0595e+15 3.065e+15 3.0671e+15 3.0661e+15 3.0624e+15 3.0568e+15 3.0498e+15
7.6675 3.0562e+15 3.0584e+15 3.0576e+15 3.0532e+15 3.0449e+15 3.0329e+15 3.018e+15 3.0019e+15 2.9865e+15 2.974e+15 2.9655e+15 2.9611e+15 2.9596e+15 2.9593e+15 2.9593e+15 2.9593e+15 2.9593e+15 2.9593e+15 2.9593e+15 2.9593e+15 2.9593e+15 2.9593e+15 2.9593e+15 2.9593e+15 2.9593e+15 2.9593e+15 2.9593e+15 2.9593e+15 2.9593e+15 2.9593e+15 2.9593e+15 2.9595e+15 2.961e+15 2.9651e+15 2.9728e+15 2.9844e+15 2.999e+15 3.0145e+15 3.0291e+15 3.0416e+15 3.0512e+15 3.0575e+15 3.0606e+15 3.0607e+15 3.058e+15 3.0533e+15 3.0472e+15
7.8805 3.0518e+15 3.053e+15 3.0513e+15 3.0461e+15 3.0373e+15 3.0252e+15 3.0108e+15 2.9956e+15 2.9817e+15 2.9707e+15 2.9638e+15 2.9605e+15 2.9595e+15 2.9593e+15 2.9593e+15 2.9593e+15 2.9593e+15 2.9593e+15 2.9593e+15 2.9593e+15 2.9593e+15 2.9593e+15 2.9593e+15 2.9593e+15 2.9593e+15 2.9593e+15 2.9593e+15 2.9593e+15 2.9593e+15 2.9593e+15 2.9593e+15 2.9594e+15 2.9604e+15 2.9636e+15 2.9699e+15 2.9798e+15 2.9927e+15 3.0071e+15 3.0211e+15 3.0335e+15 3.0434e+15 3.0504e+15 3.0544e+15 3.0554e+15 3.0537e+15 3.0499e+15 3.0445e+15
8.0935 3.0475e+15 3.0478e+15 3.0453e+15 3.0395e+15 3.0303e+15 3.0182e+15 3.0043e+15 2.9901e+15 2.9775e+15 2.9681e+15 2.9625e+15 2.9601e+15 2.9594e+15 2.9593e+15 2.9593e+15 2.9593e+15 2.9593e+15 2.9593e+15 2.9593e+15 2.9593e+15 2.9593e+15 2.9593e+15 2.9593e+15 2.9593e+15 2.9593e+15 2.9593e+15 2.9593e+15 2.9593e+15 2.9593e+15 2.9593e+15 2.9593e+15 2.9593e+15 2.96e+15 2.9624e+15 2.9676e+15 2.9761e+15 2.9874e+15 3.0006e+15 3.0139e+15 3.026e+15 3.0361e+15 3.0436e+15 3.0483e+15 3.0502e+15 3.0494e+15 3.0465e+15 3.0418e+15
8.3065 3.0432e+15 3.0428e+15 3.0396e+15 3.0332e+15 3.0238e+15 3.0118e+15 2.9985e+15 2.9853e+15 2.974e+15 2.966e+15 2.9616e+15 2.9599e+15 2.9594e+15 2.9593e+15 2.9593e+15 2.9593e+15 2.9593e+15 2.9593e+15 2.9593e+15 2.9593e+15 2.9593e+15 2.9593e+15 2.9593e+15 2.9593e+15 2.9593e+15 2.9593e+15 2.9593e+15 2.9593e+15 2.9593e+15 2.9593e+15 2.9593e+15 2.9593e+15 2.9597e+15 2.9614e+15 2.9657e+15 2.973e+15 2.983e+15 2.9949e+15 3.0074e+15 3.0192e+15 3.0293e+15 3.0372e+15 3.0425e+15 3.0451e+15 3.0452e+15 3.043e+15 3.0392e+15
8.5195 3.0391e+15 3.038e+15 3.0342e+15 3.0274e+15 3.0178e+15 3.006e+15 2.9933e+15 2.9811e+15 2.9711e+15 2.9644e+15 2.961e+15 2.9597e+15 2.9593e+15 2.9593e+15 2.9593e+15 2.9593e+15 2.9593e+15 2.9593e+15 2.9593e+15 2.9593e+15 2.9593e+15 2.9593e+15 2.9593e+15 2.9593e+15 2.9593e+15 2.9593e+15 2.9593e+15 2.9593e+15 2.9593e+15 2.9593e+15 2.9593e+15 2.9593e+15 2.9595e+15 2.9607e+15 2.9642e+15 2.9704e+15 2.9792e+15 2.99e+15 3.0016e+15 3.013e+15 3.023e+15 3.0311e+15 3.0369e+15 3.0402e+15 3.041e+15 3.0396e+15 3.0365e+15
8.7325 3.0351e+15 3.0334e+15 3.029e+15 3.0219e+15 3.0122e+15 3.0007e+15 2.9886e+15 2.9774e+15 2.9687e+15 2.9632e+15 2.9605e+15 2.9596e+15 2.9593e+15 2.9593e+15 2.9593e+15 2.9593e+15 2.9593e+15 2.9593e+15 2.9593e+15 2.9593e+15 2.9593e+15 2.9593e+15 2.9593e+15 2.9593e+15 2.9593e+15 2.9593e+15 2.9593e+15 2.9593e+15 2.9593e+15 2.9593e+15 2.9593e+15 2.9593e+15 2.9594e+15 2.9602e+15 2.9629e+15 2.9682e+15 2.976e+15 2.9857e+15 2.9965e+15 3.0073e+15 3.0172e+15 3.0254e+15 3.0316e+15 3.0354e+15 3.037e+15 3.0363e+15 3.0338e+15
8.9455 3.0313e+15 3.029e+15 3.0242e+15 3.0168e+15 3.0071e+15 2.9959e+15 2.9844e+15 2.9743e+15 2.9667e+15 2.9622e+15 2.9602e+15 2.9594e+15 2.9593e+15 2.9593e+15 2.9593e+15 2.9593e+15 2.9593e+15 2.9593e+15 2.9593e+15 2.9593e+15 2.9593e+15 2.9593e+15 2.9593e+15 2.9593e+15 2.9593e+15 2.9593e+15 2.9593e+15 2.9593e+15 2.9593e+15 2.9593e+15 2.9593e+15 2.9593e+15 2.9594e+15 2.9599e+15 2.9619e+15 2.9664e+15 2.9733e+15 2.9821e+15 2.992e+15 3.0022e+15 3.0118e+15 3.02e+15 3.0265e+15 3.0308e+15 3.033e+15 3.033e+15 3.0311e+15
9.1584 3.0276e+15 3.0248e+15 3.0196e+15 3.012e+15 3.0023e+15 2.9915e+15 2.9808e+15 2.9716e+15 2.9652e+15 2.9615e+15 2.9599e+15 2.9594e+15 2.9593e+15 2.9593e+15 2.9593e+15 2.9593e+15 2.9593e+15 2.9593e+15 2.9593e+15 2.9593e+15 2.9593e+15 2.9593e+15 2.9593e+15 2.9593e+15 2.9593e+15 2.9593e+15 2.9593e+15 2.9593e+15 2.9593e+15 2.9593e+15 2.9593e+15 2.9593e+15 2.9593e+15 2.9597e+15 2.9612e+15 2.9648e+15 2.9709e+15 2.9789e+15 2.988e+15 2.9976e+15 3.0068e+15 3.015e+15 3.0217e+15 3.0264e+15 3.0291e+15 3.0297e+15 3.0284e+15
9.3714 3.024e+15 3.0208e+15 3.0152e+15 3.0075e+15 2.9979e+15 2.9875e+15 2.9775e+15 2.9694e+15 2.964e+15 2.961e+15 2.9597e+15 2.9593e+15 2.9593e+15 2.9593e+15 2.9593e+15 2.9593e+15 2.9593e+15 2.9593e+15 2.9593e+15 2.9593e+15 2.9593e+15 2.9593e+15 2.9593e+15 2.9593e+15 2.9593e+15 2.9593e+15 2.9593e+15 2.9593e+15 2.9593e+15 2.9593e+15 2.9593e+15 2.9593e+15 2.9593e+15 2.9596e+15 2.9606e+15 2.9636e+15 2.9689e+15 2.9761e+15 2.9845e+15 2.9935e+15 3.0023e+15 3.0104e+15 3.0171e+15 3.0222e+15 3.0253e+15 3.0264e+15 3.0257e+15
9.5844 3.0205e+15 3.017e+15 3.0111e+15 3.0032e+15 2.9938e+15 2.9839e+15 2.9747e+15 2.9676e+15 2.963e+15 2.9606e+15 2.9596e+15 2.9593e+15 2.9593e+15 2.9593e+15 2.9593e+15 2.9593e+15 2.9593e+15 2.9593e+15 2.9593e+15 2.9593e+15 2.9593e+15 2.9593e+15 2.9593e+15 2.9593e+15 2.9593e+15 2.9593e+15 2.9593e+15 2.9593e+15 2.9593e+15 2.9593e+15 2.9593e+15 2.9593e+15 2.9593e+15 2.9595e+15 2.9603e+15 2.9626e+15 2.9671e+15 2.9736e+15 2.9814e+15 2.9898e+15 2.9982e+15 3.006e+15 3.0128e+15 3.0181e+15 3.0216e+15 3.0233e+15 3.0231e+15
9.7974 3.0172e+15 3.0133e+15 3.0072e+15 2.9993e+15 2.9901e+15 2.9807e+15 2.9723e+15 2.9661e+15 2.9622e+15 2.9602e+15 2.9595e+15 2.9593e+15 2.9593e+15 2.9593e+15 2.9593e+15 2.9593e+15 2.9593e+15 2.9593e+15 2.9593e+15 2.9593e+15 2.9593e+15 2.9593e+15 2.9593e+15 2.9593e+15 2.9593e+15 2.9593e+15 2.9593e+15 2.9593e+15 2.9593e+15 2.9593e+15 2.9593e+15 2.9593e+15 2.9593e+15 2.9594e+15 2.96e+15 2.9618e+15 2.9656e+15 2.9715e+15 2.9787e+15 2.9865e+15 2.9945e+15 3.0021e+15 3.0088e+15 3.0142e+15 3.0181e+15 3.0202e+15 3.0205e+15
10.01 3.0141e+15 3.0098e+15 3.0035e+15 2.9956e+15 2.9866e+15 2.9778e+15 2.9703e+15 2.9649e+15 2.9616e+15 2.96e+15 2.9594e+15 2.9593e+15 2.9593e+15 2.9593e+15 2.9593e+15 2.9593e+15 2.9593e+15 2.9593e+15 2.9593e+15 2.9593e+15 2.9593e+15 2.9593e+15 2.9593e+15 2.9593e+15 2.9593e+15 2.9593e+15 2.9593e+15 2.9593e+15 2.9593e+15 2.9593e+15 2.9593e+15 2.9593e+15 2.9593e+15 2.9594e+15 2.9598e+15 2.9612e+15 2.9643e+15 2.9696e+15 2.9762e+15 2.9836e+15 2.9911e+15 2.9984e+15 3.005e+15 3.0105e+15 3.0146e+15 3.0171e+15 3.0179e+15
10.223 3.011e+15 3.0065e+15 3e+15 2.9921e+15 2.9835e+15 2.9753e+15 2.9686e+15 2.9638e+15 2.9611e+15 2.9598e+15 2.9593e+15 2.9593e+15 2.9593e+15 2.9593e+15 2.9593e+15 2.9593e+15 2.9593e+15 2.9593e+15 2.9593e+15 2.9593e+15 2.9593e+15 2.9593e+15 2.9593e+15 2.9593e+15 2.9593e+15 2.9593e+15 2.9593e+15 2.9593e+15 2.9593e+15 2.9593e+15 2.9593e+15 2.9593e+15 2.9593e+15 2.9593e+15 2.9596e+15 2.9607e+15 2.9633e+15 2.9679e+15 2.974e+15 2.9809e+15 2.9881e+15 2.9951e+15 3.0015e+15 3.0071e+15 3.0114e+15 3.0142e+15 3.0154e+15
10.436 3.008e+15 3.0033e+15 2.9967e+15 2.9889e+15 2.9807e+15 2.9731e+15 2.9671e+15 2.963e+15 2.9606e+15 2.9596e+15 2.9593e+15 2.9593e+15 2.9593e+15 2.9593e+15 2.9593e+15 2.9593e+15 2.9593e+15 2.9593e+15 2.9593e+15 2.9593e+15 2.9593e+15 2.9593e+15 2.9593e+15 2.9593e+15 2.9593e+15 2.9593e+15 2.9593e+15 2.9593e+15 2.9593e+15 2.9593e+15 2.9593e+15 2.9593e+15 2.9593e+15 2.9593e+15 2.9595e+15 2.9604e+15 2.9625e+15 2.9664e+15 2.972e+15 2.9785e+15 2.9853e+15 2.992e+15 2.9983e+15 3.0038e+15 3.0082e+15 3.0113e+15 3.0129e+15
10.649 3.0052e+15 3.0002e+15 2.9936e+15 2.986e+15 2.9782e+15 2.9712e+15 2.9658e+15 2.9623e+15 2.9603e+15 2.9595e+15 2.9593e+15 2.9593e+15 2.9593e+15 2.9593e+15 2.9593e+15 2.9593e+15 2.9593e+15 2.9593e+15 2.9593e+15 2.9593e+15 2.9593e+15 2.9593e+15 2.9593e+15 2.9593e+15 2.9593e+15 2.9593e+15 2.9593e+15 2.9593e+15 2.9593e+15 2.9593e+15 2.9593e+15 2.9593e+15 2.9593e+15 2.9593e+15 2.9594e+15 2.9601e+15 2.9618e+15 2.9652e+15 2.9702e+15 2.9764e+15 2.9828e+15 2.9892e+15 2.9953e+15 3.0007e+15 3.0052e+15 3.0085e+15 3.0104e+15
10.862 3.0025e+15 2.9973e+15 2.9907e+15 2.9833e+15 2.9759e+15 2.9696e+15 2.9648e+15 2.9617e+15 2.96e+15 2.9594e+15 2.9593e+15 2.9593e+15 2.9593e+15 2.9593e+15 2.9593e+15 2.9593e+15 2.9593e+15 2.9593e+15 2.9593e+15 2.9593e+15 2.9593e+15 2.9593e+15 2.9593e+15 2.9593e+15 2.9593e+15 2.9593e+15 2.9593e+15 2.9593e+15 2.9593e+15 2.9593e+15 2.9593e+15 2.9593e+15 2.9593e+15 2.9593e+15 2.9594e+15 2.9599e+15 2.9613e+15 2.9641e+15 2.9687e+15 2.9744e+15 2.9805e+15 2.9867e+15 2.9925e+15 2.9978e+15 3.0024e+15 3.0058e+15 3.008e+15
11.075 2.9998e+15 2.9945e+15 2.9879e+15 2.9808e+15 2.9739e+15 2.9681e+15 2.9638e+15 2.9612e+15 2.9598e+15 2.9594e+15 2.9593e+15 2.9593e+15 2.9593e+15 2.9593e+15 2.9593e+15 2.9593e+15 2.9593e+15 2.9593e+15 2.9593e+15 2.9593e+15 2.9593e+15 2.9593e+15 2.9593e+15 2.9593e+15 2.9593e+15 2.9593e+15 2.9593e+15 2.9593e+15 2.9593e+15 2.9593e+15 2.9593e+15 2.9593e+15 2.9593e+15 2.9593e+15 2.9593e+15 2.9597e+15 2.9608e+15 2.9632e+15 2.9673e+15 2.9726e+15 2.9784e+15 2.9843e+15 2.99e+15 2.9952e+15 2.9997e+15 3.0033e+15 3.0057e+15
11.288 2.9973e+15 2.9919e+15 2.9854e+15 2.9786e+15 2.9722e+15 2.9669e+15 2.9631e+15 2.9608e+15 2.9597e+15 2.9594e+15 2.9593e+15 2.9593e+15 2.9593e+15 2.9593e+15 2.9593e+15 2.9593e+15 2.9593e+15 2.9593e+15 2.9593e+15 2.9593e+15 2.9593e+15 2.9593e+15 2.9593e+15 2.9593e+15 2.9593e+15 2.9593e+15 2.9593e+15 2.9593e+15 2.9593e+15 2.9593e+15 2.9593e+15 2.9593e+15 2.9593e+15 2.9593e+15 2.9593e+15 2.9596e+15 2.9605e+15 2.9625e+15 2.966e+15 2.9709e+15 2.9765e+15 2.9822e+15 2.9876e+15 2.9927e+15 2.9971e+15 3.0008e+15 3.0034e+15
11.501 2.9948e+15 2.9894e+15 2.983e+15 2.9765e+15 2.9706e+15 2.9658e+15 2.9624e+15 2.9604e+15 2.9596e+15 2.9593e+15 2.9593e+15 2.9593e+15 2.9593e+15 2.9593e+15 2.9593e+15 2.9593e+15 2.9593e+15 2.9593e+15 2.9593e+15 2.9593e+15 2.9593e+15 2.9593e+15 2.9593e+15 2.9593e+15 2.9593e+15 2.9593e+15 2.9593e+15 2.9593e+15 2.9593e+15 2.9593e+15 2.9593e+15 2.9593e+15 2.9593e+15 2.9593e+15 2.9593e+15 2.9595e+15 2.9602e+15 2.9619e+15 2.965e+15 2.9694e+15 2.9747e+15 2.9802e+15 2.9854e+15 2.9904e+15 2.9948e+15 2.9985e+15 3.0012e+15
11.714 2.9925e+15 2.987e+15 2.9809e+15 2.9747e+15 2.9692e+15 2.9648e+15 2.9618e+15 2.9602e+15 2.9595e+15 2.9593e+15 2.9593e+15 2.9593e+15 2.9593e+15 2.9593e+15 2.9593e+15 2.9593e+15 2.9593e+15 2.9593e+15 2.9593e+15 2.9593e+15 2.9593e+15 2.9593e+15 2.9593e+15 2.9593e+15 2.9593e+15 2.9593e+15 2.9593e+15 2.9593e+15 2.9593e+15 2.9593e+15 2.9593e+15 2.9593e+15 2.9593e+15 2.9593e+15 2.9593e+15 2.9594e+15 2.96e+15 2.9614e+15 2.9641e+15 2.9681e+15 2.9731e+15 2.9783e+15 2.9834e+15 2.9882e+15 2.9925e+15 2.9962e+15 2.9991e+15
11.927 2.9903e+15 2.9849e+15 2.9789e+15 2.973e+15 2.9679e+15 2.9639e+15 2.9613e+15 2.96e+15 2.9595e+15 2.9593e+15 2.9593e+15 2.9593e+15 2.9593e+15 2.9593e+15 2.9593e+15 2.9593e+15 2.9593e+15 2.9593e+15 2.9593e+15 2.9593e+15 2.9593e+15 2.9593e+15 2.9593e+15 2.9593e+15 2.9593e+15 2.9593e+15 2.9593e+15 2.9593e+15 2.9593e+15 2.9593e+15 2.9593e+15 2.9593e+15 2.9593e+15 2.9593e+15 2.9593e+15 2.9594e+15 2.9598e+15 2.961e+15 2.9633e+15 2.9669e+15 2.9715e+15 2.9766e+15 2.9816e+15 2.9862e+15 2.9904e+15 2.9941e+15 2.9971e+15
12.14 2.9882e+15 2.9828e+15 2.9771e+15 2.9716e+15 2.9668e+15 2.9632e+15 2.9609e+15 2.9598e+15 2.9594e+15 2.9593e+15 2.9593e+15 2.9593e+15 2.9593e+15 2.9593e+15 2.9593e+15 2.9593e+15 2.9593e+15 2.9593e+15 2.9593e+15 2.9593e+15 2.9593e+15 2.9593e+15 2.9593e+15 2.9593e+15 2.9593e+15 2.9593e+15 2.9593e+15 2.9593e+15 2.9593e+15 2.9593e+15 2.9593e+15 2.9593e+15 2.9593e+15 2.9593e+15 2.9593e+15 2.9593e+15 2.9597e+15 2.9607e+15 2.9627e+15 2.9659e+15 2.9702e+15 2.975e+15 2.9798e+15 2.9843e+15 2.9885e+15 2.9921e+15 2.9951e+15
12.353 2.9862e+15 2.9809e+15 2.9754e+15 2.9702e+15 2.9658e+15 2.9626e+15 2.9606e+15 2.9597e+15 2.9594e+15 2.9593e+15 2.9593e+15 2.9593e+15 2.9593e+15 2.9593e+15 2.9593e+15 2.9593e+15 2.9593e+15 2.9593e+15 2.9593e+15 2.9593e+15 2.9593e+15 2.9593e+15 2.9593e+15 2.9593e+15 2.9593e+15 2.9593e+15 2.9593e+15 2.9593e+15 2.9593e+15 2.9593e+15 2.9593e+15 2.9593e+15 2.9593e+15 2.9593e+15 2.9593e+15 2.9593e+15 2.9596e+15 2.9604e+15 2.9621e+15 2.965e+15 2.9689e+15 2.9735e+15 2.9782e+15 2.9826e+15 2.9867e+15 2.9903e+15 2.9933e+15
12.566 2.9843e+15 2.9791e+15 2.9739e+15 2.969e+15 2.9649e+15 2.962e+15 2.9604e+15 2.9596e+15 2.9593e+15 2.9593e+15 2.9593e+15 2.9593e+15 2.9593e+15 2.9593e+15 2.9593e+15 2.9593e+15 2.9593e+15 2.9593e+15 2.9593e+15 2.9593e+15 2.9593e+15 2.9593e+15 2.9593e+15 2.9593e+15 2.9593e+15 2.9593e+15 2.9593e+15 2.9593e+15 2.9593e+15 2.9593e+15 2.9593e+15 2.9593e+15 2.9593e+15 2.9593e+15 2.9593e+15 2.9593e+15 2.9595e+15 2.9602e+15 2.9617e+15 2.9642e+15 2.9678e+15 2.9721e+15 2.9766e+15 2.981e+15 2.9849e+15 2.9885e+15 2.9915e+15
12.779 2.9825e+15 2.9775e+15 2.9725e+15 2.9678e+15 2.9641e+15 2.9616e+15 2.9602e+15 2.9595e+15 2.9593e+15 2.9593e+15 2.9593e+15 2.9593e+15 2.9593e+15 2.9593e+15 2.9593e+15 2.9593e+15 2.9593e+15 2.9593e+15 2.9593e+15 2.9593e+15 2.9593e+15 2.9593e+15 2.9593e+15 2.9593e+15 2.9593e+15 2.9593e+15 2.9593e+15 2.9593e+15 2.9593e+15 2.9593e+15 2.9593e+15 2.9593e+15 2.9593e+15 2.9593e+15 2.9593e+15 2.9593e+15 2.9594e+15 2.96e+15 2.9613e+15 2.9635e+15 2.9668e+15 2.9708e+15 2.9752e+15 2.9794e+15 2.9833e+15 2.9868e+15 2.9898e+15
12.992 2.9809e+15 2.976e+15 2.9712e+15 2.9668e+15 2.9634e+15 2.9612e+15 2.96e+15 2.9595e+15 2.9593e+15 2.9593e+15 2.9593e+15 2.9593e+15 2.9593e+15 2.9593e+15 2.9593e+15 2.9593e+15 2.9593e+15 2.9593e+15 2.9593e+15 2.9593e+15 2.9593e+15 2.9593e+15 2.9593e+15 2.9593e+15 2.9593e+15 2.9593e+15 2.9593e+15 2.9593e+15 2.9593e+15 2.9593e+15 2.9593e+15 2.9593e+15 2.9593e+15 2.9593e+15 2.9593e+15 2.9593e+15 2.9594e+15 2.9598e+15 2.9609e+15 2.9629e+15 2.9659e+15 2.9697e+15 2.9738e+15 2.978e+15 2.9818e+15 2.9853e+15 2.9882e+15
13.205 2.9793e+15 2.9746e+15 2.97e+15 2.9659e+15 2.9628e+15 2.9609e+15 2.9598e+15 2.9594e+15 2.9593e+15 2.9593e+15 2.9593e+15 2.9593e+15 2.9593e+15 2.9593e+15 2.9593e+15 2.9593e+15 2.9593e+15 2.9593e+15 2.9593e+15 2.9593e+15 2.9593e+15 2.9593e+15 2.9593e+15 2.9593e+15 2.9593e+15 2.9593e+15 2.9593e+15 2.9593e+15 2.9593e+15 2.9593e+15 2.9593e+15 2.9593e+15 2.9593e+15 2.9593e+15 2.9593e+15 2.9593e+15 2.9594e+15 2.9597e+15 2.9606e+15 2.9624e+15 2.9651e+15 2.9686e+15 2.9726e+15 2.9766e+15 2.9804e+15 2.9838e+15 2.9867e+15
13.418 2.9778e+15 2.9733e+15 2.9689e+15 2.9651e+15 2.9623e+15 2.9606e+15 2.9597e+15 2.9594e+15 2.9593e+15 2.9593e+15 2.9593e+15 2.9593e+15 2.9593e+15 2.9593e+15 2.9593e+15 2.9593e+15 2.9593e+15 2.9593e+15 2.9593e+15 2.9593e+15 2.9593e+15 2.9593e+15 2.9593e+15 2.9593e+15 2.9593e+15 2.9593e+15 2.9593e+15 2.9593e+15 2.9593e+15 2.9593e+15 2.9593e+15 2.9593e+15 2.9593e+15 2.9593e+15 2.9593e+15 2.9593e+15 2.9593e+15 2.9596e+15 2.9604e+15 2.9619e+15 2.9644e+15 2.9676e+15 2.9714e+15 2.9753e+15 2.979e+15 2.9824e+15 2.9853e+15
13.631 2.9765e+15 2.9721e+15 2.9679e+15 2.9644e+15 2.9619e+15 2.9604e+15 2.9596e+15 2.9593e+15 2.9593e+15 2.9593e+15 2.9593e+15 2.9593e+15 2.9593e+15 2.9593e+15 2.9593e+15 2.9593e+15 2.9593e+15 2.9593e+15 2.9593e+15 2.9593e+15 2.9593e+15 2.9593e+15 2.9593e+15 2.9593e+15 2.9593e+15 2.9593e+15 2.9593e+15 2.9593e+15 2.9593e+15 2.9593e+15 2.9593e+15 2.9593e+15 2.9593e+15 2.9593e+15 2.9593e+15 2.9593e+15 2.9593e+15 2.9595e+15 2.9602e+15 2.9615e+15 2.9638e+15 2.9668e+15 2.9703e+15 2.9741e+15 2.9778e+15 2.9811e+15 2.984e+15
13.844 2.9752e+15 2.9709e+15 2.967e+15 2.9637e+15 2.9615e+15 2.9602e+15 2.9595e+15 2.9593e+15 2.9593e+15 2.9593e+15 2.9593e+15 2.9593e+15 2.9593e+15 2.9593e+15 2.9593e+15 2.9593e+15 2.9593e+15 2.9593e+15 2.9593e+15 2.9593e+15 2.9593e+15 2.9593e+15 2.9593e+15 2.9593e+15 2.9593e+15 2.9593e+15 2.9593e+15 2.9593e+15 2.9593e+15 2.9593e+15 2.9593e+15 2.9593e+15 2.9593e+15 2.9593e+15 2.9593e+15 2.9593e+15 2.9593e+15 2.9595e+15 2.96e+15 2.9612e+15 2.9632e+15 2.966e+15 2.9693e+15 2.973e+15 2.9765e+15 2.9798e+15 2.9827e+15
14.057 2.974e+15 2.9699e+15 2.9661e+15 2.9632e+15 2.9612e+15 2.96e+15 2.9595e+15 2.9593e+15 2.9593e+15 2.9593e+15 2.9593e+15 2.9593e+15 2.9593e+15 2.9593e+15 2.9593e+15 2.9593e+15 2.9593e+15 2.9593e+15 2.9593e+15 2.9593e+15 2.9593e+15 2.9593e+15 2.9593e+15 2.9593e+15 2.9593e+15 2.9593e+15 2.9593e+15 2.9593e+15 2.9593e+15 2.9593e+15 2.9593e+15 2.9593e+15 2.9593e+15 2.9593e+15 2.9593e+15 2.9593e+15 2.9593e+15 2.9594e+15 2.9599e+15 2.9609e+15 2.9627e+15 2.9653e+15 2.9684e+15 2.9719e+15 2.9754e+15 2.9786e+15 2.9815e+15
14.27 2.9728e+15 2.9689e+15 2.9654e+15 2.9627e+15 2.9609e+15 2.9599e+15 2.9594e+15 2.9593e+15 2.9593e+15 2.9593e+15 2.9593e+15 2.9593e+15 2.9593e+15 2.9593e+15 2.9593e+15 2.9593e+15 2.9593e+15 2.9593e+15 2.9593e+15 2.9593e+15 2.9593e+15 2.9593e+15 2.9593e+15 2.9593e+15 2.9593e+15 2.9593e+15 2.9593e+15 2.9593e+15 2.9593e+15 2.9593e+15 2.9593e+15 2.9593e+15 2.9593e+15 2.9593e+15 2.9593e+15 2.9593e+15 2.9593e+15 2.9594e+15 2.9597e+15 2.9606e+15 2.9622e+15 2.9646e+15 2.9676e+15 2.9709e+15 2.9743e+15 2.9775e+15 2.9803e+15
14.483 2.9718e+15 2.968e+15 2.9647e+15 2.9622e+15 2.9606e+15 2.9598e+15 2.9594e+15 2.9593e+15 2.9593e+15 2.9593e+15 2.9593e+15 2.9593e+15 2.9593e+15 2.9593e+15 2.9593e+15 2.9593e+15 2.9593e+15 2.9593e+15 2.9593e+15 2.9593e+15 2.9593e+15 2.9593e+15 2.9593e+15 2.9593e+15 2.9593e+15 2.9593e+15 2.9593e+15 2.9593e+15 2.9593e+15 2.9593e+15 2.9593e+15 2.9593e+15 2.9593e+15 2.9593e+15 2.9593e+15 2.9593e+15 2.9593e+15 2.9593e+15 2.9596e+15 2.9604e+15 2.9618e+15 2.964e+15 2.9668e+15 2.97e+15 2.9732e+15 2.9764e+15 2.9792e+15
14.696 2.9707e+15 2.9671e+15 2.9641e+15 2.9619e+15 2.9604e+15 2.9597e+15 2.9594e+15 2.9593e+15 2.9593e+15 2.9593e+15 2.9593e+15 2.9593e+15 2.9593e+15 2.9593e+15 2.9593e+15 2.9593e+15 2.9593e+15 2.9593e+15 2.9593e+15 2.9593e+15 2.9593e+15 2.9593e+15 2.9593e+15 2.9593e+15 2.9593e+15 2.9593e+15 2.9593e+15 2.9593e+15 2.9593e+15 2.9593e+15 2.9593e+15 2.9593e+15 2.9593e+15 2.9593e+15 2.9593e+15 2.9593e+15 2.9593e+15 2.9593e+15 2.9596e+15 2.9602e+15 2.9615e+15 2.9635e+15 2.9661e+15 2.9691e+15 2.9723e+15 2.9754e+15 2.9782e+15
14.909 2.9698e+15 2.9664e+15 2.9635e+15 2.9615e+15 2.9602e+15 2.9596e+15 2.9593e+15 2.9593e+15 2.9593e+15 2.9593e+15 2.9593e+15 2.9593e+15 2.9593e+15 2.9593e+15 2.9593e+15 2.9593e+15 2.9593e+15 2.9593e+15 2.9593e+15 2.9593e+15 2.9593e+15 2.9593e+15 2.9593e+15 2.9593e+15 2.9593e+15 2.9593e+15 2.9593e+15 2.9593e+15 2.9593e+15 2.9593e+15 2.9593e+15 2.9593e+15 2.9593e+15 2.9593e+15 2.9593e+15 2.9593e+15 2.9593e+15 2.9593e+15 2.9595e+15 2.96e+15 2.9612e+15 2.963e+15 2.9655e+15 2.9683e+15 2.9714e+15 2.9744e+15 2.9772e+15
15.122 2.9689e+15 2.9657e+15 2.9631e+15 2.9612e+15 2.9601e+15 2.9595e+15 2.9593e+15 2.9593e+15 2.9593e+15 2.9593e+15 2.9593e+15 2.9593e+15 2.9593e+15 2.9593e+15 2.9593e+15 2.9593e+15 2.9593e+15 2.9593e+15 2.9593e+15 2.9593e+15 2.9593e+15 2.9593e+15 2.9593e+15 2.9593e+15 2.9593e+15 2.9593e+15 2.9593e+15 2.9593e+15 2.9593e+15 2.9593e+15 2.9593e+15 2.9593e+15 2.9593e+15 2.9593e+15 2.9593e+15 2.9593e+15 2.9593e+15 2.9593e+15 2.9594e+15 2.9599e+15 2.9609e+15 2.9625e+15 2.9649e+15 2.9676e+15 2.9705e+15 2.9734e+15 2.9762e+15
15.335 2.9681e+15 2.965e+15 2.9626e+15 2.9609e+15 2.9599e+15 2.9595e+15 2.9593e+15 2.9593e+15 2.9593e+15 2.9593e+15 2.9593e+15 2.9593e+15 2.9593e+15 2.9593e+15 2.9593e+15 2.9593e+15 2.9593e+15 2.9593e+15 2.9593e+15 2.9593e+15 2.9593e+15 2.9593e+15 2.9593e+15 2.9593e+15 2.9593e+15 2.9593e+15 2.9593e+15 2.9593e+15 2.9593e+15 2.9593e+15 2.9593e+15 2.9593e+15 2.9593e+15 2.9593e+15 2.9593e+15 2.9593e+15 2.9593e+15 2.9593e+15 2.9594e+15 2.9598e+15 2.9607e+15 2.9622e+15 2.9643e+15 2.9669e+15 2.9697e+15 2.9726e+15 2.9753e+15
15.548 2.9674e+15 2.9645e+15 2.9622e+15 2.9607e+15 2.9598e+15 2.9594e+15 2.9593e+15 2.9593e+15 2.9593e+15 2.9593e+15 2.9593e+15 2.9593e+15 2.9593e+15 2.9593e+15 2.9593e+15 2.9593e+15 2.9593e+15 2.9593e+15 2.9593e+15 2.9593e+15 2.9593e+15 2.9593e+15 2.9593e+15 2.9593e+15 2.9593e+15 2.9593e+15 2.9593e+15 2.9593e+15 2.9593e+15 2.9593e+15 2.9593e+15 2.9593e+15 2.9593e+15 2.9593e+15 2.9593e+15 2.9593e+15 2.9593e+15 2.9593e+15 2.9594e+15 2.9597e+15 2.9605e+15 2.9618e+15 2.9638e+15 2.9663e+15 2.969e+15 2.9717e+15 2.9744e+15
15.761 2.9667e+15 2.964e+15 2.9619e+15 2.9605e+15 2.9597e+15 2.9594e+15 2.9593e+15 2.9593e+15 2.9593e+15 2.9593e+15 2.9593e+15 2.9593e+15 2.9593e+15 2.9593e+15 2.9593e+15 2.9593e+15 2.9593e+15 2.9593e+15 2.9593e+15 2.9593e+15 2.9593e+15 2.9593e+15 2.9593e+15 2.9593e+15 2.9593e+15 2.9593e+15 2.9593e+15 2.9593e+15 2.9593e+15 2.9593e+15 2.9593e+15 2.9593e+15 2.9593e+15 2.9593e+15 2.9593e+15 2.9593e+15 2.9593e+15 2.9593e+15 2.9593e+15 2.9596e+15 2.9603e+15 2.9615e+15 2.9633e+15 2.9657e+15 2.9683e+15 2.9709e+15 2.9735e+15
15.974 2.966e+15 2.9635e+15 2.9616e+15 2.9603e+15 2.9597e+15 2.9594e+15 2.9593e+15 2.9593e+15 2.9593e+15 2.9593e+15 2.9593e+15 2.9593e+15 2.9593e+15 2.9593e+15 2.9593e+15 2.9593e+15 2.9593e+15 2.9593e+15 2.9593e+15 2.9593e+15 2.9593e+15 2.9593e+15 2.9593e+15 2.9593e+15 2.9593e+15 2.9593e+15 2.9593e+15 2.9593e+15 2.9593e+15 2.9593e+15 2.9593e+15 2.9593e+15 2.9593e+15 2.9593e+15 2.9593e+15 2.9593e+15 2.9593e+15 2.9593e+15 2.9593e+15 2.9596e+15 2.9601e+15 2.9612e+15 2.9629e+15 2.9651e+15 2.9676e+15 2.9702e+15 2.9727e+15
16.187 2.9654e+15 2.9631e+15 2.9613e+15 2.9602e+15 2.9596e+15 2.9593e+15 2.9593e+15 2.9593e+15 2.9593e+15 2.9593e+15 2.9593e+15 2.9593e+15 2.9593e+15 2.9593e+15 2.9593e+15 2.9593e+15 2.9593e+15 2.9593e+15 2.9593e+15 2.9593e+15 2.9593e+15 2.9593e+15 2.9593e+15 2.9593e+15 2.9593e+15 2.9593e+15 2.9593e+15 2.9593e+15 2.9593e+15 2.9593e+15 2.9593e+15 2.9593e+15 2.9593e+15 2.9593e+15 2.9593e+15 2.9593e+15 2.9593e+15 2.9593e+15 2.9593e+15 2.9595e+15 2.96e+15 2.961e+15 2.9625e+15 2.9646e+15 2.967e+15 2.9695e+15 2.972e+15
16.4 2.9649e+15 2.9627e+15 2.961e+15 2.96e+15 2.9595e+15 2.9593e+15 2.9593e+15 2.9593e+15 2.9593e+15 2.9593e+15 2.9593e+15 2.9593e+15 2.9593e+15 2.9593e+15 2.9593e+15 2.9593e+15 2.9593e+15 2.9593e+15 2.9593e+15 2.9593e+15 2.9593e+15 2.9593e+15 2.9593e+15 2.9593e+15 2.9593e+15 2.9593e+15 2.9593e+15 2.9593e+15 2.9593e+15 2.9593e+15 2.9593e+15 2.9593e+15 2.9593e+15 2.9593e+15 2.9593e+15 2.9593e+15 2.9593e+15 2.9593e+15 2.9593e+15 2.9595e+15 2.9599e+15 2.9608e+15 2.9622e+15 2.9641e+15 2.9664e+15 2.9688e+15 2.9712e+15
16.613 2.9644e+15 2.9623e+15 2.9608e+15 2.9599e+15 2.9595e+15 2.9593e+15 2.9593e+15 2.9593e+15 2.9593e+15 2.9593e+15 2.9593e+15 2.9593e+15 2.9593e+15 2.9593e+15 2.9593e+15 2.9593e+15 2.9593e+15 2.9593e+15 2.9593e+15 2.9593e+15 2.9593e+15 2.9593e+15 2.9593e+15 2.9593e+15 2.9593e+15 2.9593e+15 2.9593e+15 2.9593e+15 2.9593e+15 2.9593e+15 2.9593e+15 2.9593e+15 2.9593e+15 2.9593e+15 2.9593e+15 2.9593e+15 2.9593e+15 2.9593e+15 2.9593e+15 2.9594e+15 2.9598e+15 2.9606e+15 2.9618e+15 2.9637e+15 2.9659e+15 2.9682e+15 2.9706e+15
16.826 2.9639e+15 2.962e+15 2.9606e+15 2.9598e+15 2.9594e+15 2.9593e+15 2.9593e+15 2.9593e+15 2.9593e+15 2.9593e+15 2.9593e+15 2.9593e+15 2.9593e+15 2.9593e+15 2.9593e+15 2.9593e+15 2.9593e+15 2.9593e+15 2.9593e+15 2.9593e+15 2.9593e+15 2.9593e+15 2.9593e+15 2.9593e+15 2.9593e+15 2.9593e+15 2.9593e+15 2.9593e+15 2.9593e+15 2.9593e+15 2.9593e+15 2.9593e+15 2.9593e+15 2.9593e+15 2.9593e+15 2.9593e+15 2.9593e+15 2.9593e+15 2.9593e+15 2.9594e+15 2.9597e+15 2.9604e+15 2.9616e+15 2.9632e+15 2.9653e+15 2.9676e+15 2.9699e+15
17.039 2.9635e+15 2.9617e+15 2.9604e+15 2.9597e+15 2.9594e+15 2.9593e+15 2.9593e+15 2.9593e+15 2.9593e+15 2.9593e+15 2.9593e+15 2.9593e+15 2.9593e+15 2.9593e+15 2.9593e+15 2.9593e+15 2.9593e+15 2.9593e+15 2.9593e+15 2.9593e+15 2.9593e+15 2.9593e+15 2.9593e+15 2.9593e+15 2.9593e+15 2.9593e+15 2.9593e+15 2.9593e+15 2.9593e+15 2.9593e+15 2.9593e+15 2.9593e+15 2.9593e+15 2.9593e+15 2.9593e+15 2.9593e+15 2.9593e+15 2.9593e+15 2.9593e+15 2.9594e+15 2.9596e+15 2.9602e+15 2.9613e+15 2.9629e+15 2.9649e+15 2.9671e+15 2.9693e+15
17.252 2.9631e+15 2.9614e+15 2.9603e+15 2.9597e+15 2.9594e+15 2.9593e+15 2.9593e+15 2.9593e+15 2.9593e+15 2.9593e+15 2.9593e+15 2.9593e+15 2.9593e+15 2.9593e+15 2.9593e+15 2.9593e+15 2.9593e+15 2.9593e+15 2.9593e+15 2.9593e+15 2.9593e+15 2.9593e+15 2.9593e+15 2.9593e+15 2.9593e+15 2.9593e+15 2.9593e+15 2.9593e+15 2.9593e+15 2.9593e+15 2.9593e+15 2.9593e+15 2.9593e+15 2.9593e+15 2.9593e+15 2.9593e+15 2.9593e+15 2.9593e+15 2.9593e+15 2.9593e+15 2.9596e+15 2.9601e+15 2.9611e+15 2.9625e+15 2.9644e+15 2.9665e+15 2.9687e+15
17.465 2.9627e+15 2.9612e+15 2.9602e+15 2.9596e+15 2.9594e+15 2.9593e+15 2.9593e+15 2.9593e+15 2.9593e+15 2.9593e+15 2.9593e+15 2.9593e+15 2.9593e+15 2.9593e+15 2.9593e+15 2.9593e+15 2.9593e+15 2.9593e+15 2.9593e+15 2.9593e+15 2.9593e+15 2.9593e+15 2.9593e+15 2.9593e+15 2.9593e+15 2.9593e+15 2.9593e+15 2.9593e+15 2.9593e+15 2.9593e+15 2.9593e+15 2.9593e+15 2.9593e+15 2.9593e+15 2.9593e+15 2.9593e+15 2.9593e+15 2.9593e+15 2.9593e+15 2.9593e+15 2.9595e+15 2.96e+15 2.9609e+15 2.9622e+15 2.964e+15 2.966e+15 2.9682e+15
17.678 2.9624e+15 2.9609e+15 2.96e+15 2.9595e+15 2.9593e+15 2.9593e+15 2.9593e+15 2.9593e+15 2.9593e+15 2.9593e+15 2.9593e+15 2.9593e+15 2.9593e+15 2.9593e+15 2.9593e+15 2.9593e+15 2.9593e+15 2.9593e+15 2.9593e+15 2.9593e+15 2.9593e+15 2.9593e+15 2.9593e+15 2.9593e+15 2.9593e+15 2.9593e+15 2.9593e+15 2.9593e+15 2.9593e+15 2.9593e+15 2.9593e+15 2.9593e+15 2.9593e+15 2.9593e+15 2.9593e+15 2.9593e+15 2.9593e+15 2.9593e+15 2.9593e+15 2.9593e+15 2.9595e+15 2.9599e+15 2.9607e+15 2.9619e+15 2.9636e+15 2.9656e+15 2.9676e+15
17.891 2.9621e+15 2.9608e+15 2.9599e+15 2.9595e+15 2.9593e+15 2.9593e+15 2.9593e+15 2.9593e+15 2.9593e+15 2.9593e+15 2.9593e+15 2.9593e+15 2.9593e+15 2.9593e+15 2.9593e+15 2.9593e+15 2.9593e+15 2.9593e+15 2.9593e+15 2.9593e+15 2.9593e+15 2.9593e+15 2.9593e+15 2.9593e+15 2.9593e+15 2.9593e+15 2.9593e+15 2.9593e+15 2.9593e+15 2.9593e+15 2.9593e+15 2.9593e+15 2.9593e+15 2.9593e+15 2.9593e+15 2.9593e+15 2.9593e+15 2.9593e+15 2.9593e+15 2.9593e+15 2.9594e+15 2.9598e+15 2.9605e+15 2.9617e+15 2.9632e+15 2.9651e+15 2.9671e+15
18.104 2.9618e+15 2.9606e+15 2.9598e+15 2.9595e+15 2.9593e+15 2.9593e+15 2.9593e+15 2.9593e+15 2.9593e+15 2.9593e+15 2.9593e+15 2.9593e+15 2.9593e+15 2.9593e+15 2.9593e+15 2.9593e+15 2.9593e+15 2.9593e+15 2.9593e+15 2.9593e+15 2.9593e+15 2.9593e+15 2.9593e+15 2.9593e+15 2.9593e+15 2.9593e+15 2.9593e+15 2.9593e+15 2.9593e+15 2.9593e+15 2.9593e+15 2.9593e+15 2.9593e+15 2.9593e+15 2.9593e+15 2.9593e+15 2.9593e+15 2.9593e+15 2.9593e+15 2.9593e+15 2.9594e+15 2.9597e+15 2.9604e+15 2.9614e+15 2.9629e+15 2.9647e+15 2.9667e+15
18.317 2.9616e+15 2.9604e+15 2.9598e+15 2.9594e+15 2.9593e+15 2.9593e+15 2.9593e+15 2.9593e+15 2.9593e+15 2.9593e+15 2.9593e+15 2.9593e+15 2.9593e+15 2.9593e+15 2.9593e+15 2.9593e+15 2.9593e+15 2.9593e+15 2.9593e+15 2.9593e+15 2.9593e+15 2.9593e+15 2.9593e+15 2.9593e+15 2.9593e+15 2.9593e+15 2.9593e+15 2.9593e+15 2.9593e+15 2.9593e+15 2.9593e+15 2.9593e+15 2.9593e+15 2.9593e+15 2.9593e+15 2.9593e+15 2.9593e+15 2.9593e+15 2.9593e+15 2.9593e+15 2.9594e+15 2.9596e+15 2.9602e+15 2.9612e+15 2.9626e+15 2.9643e+15 2.9662e+15
18.53 2.9613e+15 2.9603e+15 2.9597e+15 2.9594e+15 2.9593e+15 2.9593e+15 2.9593e+15 2.9593e+15 2.9593e+15 2.9593e+15 2.9593e+15 2.9593e+15 2.9593e+15 2.9593e+15 2.9593e+15 2.9593e+15 2.9593e+15 2.9593e+15 2.9593e+15 2.9593e+15 2.9593e+15 2.9593e+15 2.9593e+15 2.9593e+15 2.9593e+15 2.9593e+15 2.9593e+15 2.9593e+15 2.9593e+15 2.9593e+15 2.9593e+15 2.9593e+15 2.9593e+15 2.9593e+15 2.9593e+15 2.9593e+15 2.9593e+15 2.9593e+15 2.9593e+15 2.9593e+15 2.9594e+15 2.9596e+15 2.9601e+15 2.961e+15 2.9623e+15 2.9639e+15 2.9658e+15
18.743 2.9611e+15 2.9602e+15 2.9596e+15 2.9594e+15 2.9593e+15 2.9593e+15 2.9593e+15 2.9593e+15 2.9593e+15 2.9593e+15 2.9593e+15 2.9593e+15 2.9593e+15 2.9593e+15 2.9593e+15 2.9593e+15 2.9593e+15 2.9593e+15 2.9593e+15 2.9593e+15 2.9593e+15 2.9593e+15 2.9593e+15 2.9593e+15 2.9593e+15 2.9593e+15 2.9593e+15 2.9593e+15 2.9593e+15 2.9593e+15 2.9593e+15 2.9593e+15 2.9593e+15 2.9593e+15 2.9593e+15 2.9593e+15 2.9593e+15 2.9593e+15 2.9593e+15 2.9593e+15 2.9593e+15 2.9595e+15 2.96e+15 2.9608e+15 2.9621e+15 2.9636e+15 2.9654e+15
18.956 2.9609e+15 2.9601e+15 2.9596e+15 2.9594e+15 2.9593e+15 2.9593e+15 2.9593e+15 2.9593e+15 2.9593e+15 2.9593e+15 2.9593e+15 2.9593e+15 2.9593e+15 2.9593e+15 2.9593e+15 2.9593e+15 2.9593e+15 2.9593e+15 2.9593e+15 2.9593e+15 2.9593e+15 2.9593e+15 2.9593e+15 2.9593e+15 2.9593e+15 2.9593e+15 2.9593e+15 2.9593e+15 2.9593e+15 2.9593e+15 2.9593e+15 2.9593e+15 2.9593e+15 2.9593e+15 2.9593e+15 2.9593e+15 2.9593e+15 2.9593e+15 2.9593e+15 2.9593e+15 2.9593e+15 2.9595e+15 2.9599e+15 2.9607e+15 2.9618e+15 2.9633e+15 2.965e+15
19.169 2.9608e+15 2.96e+15 2.9595e+15 2.9593e+15 2.9593e+15 2.9593e+15 2.9593e+15 2.9593e+15 2.9593e+15 2.9593e+15 2.9593e+15 2.9593e+15 2.9593e+15 2.9593e+15 2.9593e+15 2.9593e+15 2.9593e+15 2.9593e+15 2.9593e+15 2.9593e+15 2.9593e+15 2.9593e+15 2.9593e+15 2.9593e+15 2.9593e+15 2.9593e+15 2.9593e+15 2.9593e+15 2.9593e+15 2.9593e+15 2.9593e+15 2.9593e+15 2.9593e+15 2.9593e+15 2.9593e+15 2.9593e+15 2.9593e+15 2.9593e+15 2.9593e+15 2.9593e+15 2.9593e+15 2.9595e+15 2.9598e+15 2.9605e+15 2.9616e+15 2.963e+15 2.9646e+15
19.382 2.9606e+15 2.9599e+15 2.9595e+15 2.9593e+15 2.9593e+15 2.9593e+15 2.9593e+15 2.9593e+15 2.9593e+15 2.9593e+15 2.9593e+15 2.9593e+15 2.9593e+15 2.9593e+15 2.9593e+15 2.9593e+15 2.9593e+15 2.9593e+15 2.9593e+15 2.9593e+15 2.9593e+15 2.9593e+15 2.9593e+15 2.9593e+15 2.9593e+15 2.9593e+15 2.9593e+15 2.9593e+15 2.9593e+15 2.9593e+15 2.9593e+15 2.9593e+15 2.9593e+15 2.9593e+15 2.9593e+15 2.9593e+15 2.9593e+15 2.9593e+15 2.9593e+15 2.9593e+15 2.9593e+15 2.9594e+15 2.9598e+15 2.9604e+15 2.9614e+15 2.9627e+15 2.9643e+15
19.595 2.9605e+15 2.9598e+15 2.9595e+15 2.9593e+15 2.9593e+15 2.9593e+15 2.9593e+15 2.9593e+15 2.9593e+15 2.9593e+15 2.9593e+15 2.9593e+15 2.9593e+15 2.9593e+15 2.9593e+15 2.9593e+15 2.9593e+15 2.9593e+15 2.9593e+15 2.9593e+15 2.9593e+15 2.9593e+15 2.9593e+15 2.9593e+15 2.9593e+15 2.9593e+15 2.9593e+15 2.9593e+15 2.9593e+15 2.9593e+15 2.9593e+15 2.9593e+15 2.9593e+15 2.9593e+15 2.9593e+15 2.9593e+15 2.9593e+15 2.9593e+15 2.9593e+15 2.9593e+15 2.9593e+15 2.9594e+15 2.9597e+15 2.9603e+15 2.9612e+15 2.9624e+15 2.9639e+15
19.808 2.9603e+15 2.9597e+15 2.9594e+15 2.9593e+15 2.9593e+15 2.9593e+15 2.9593e+15 2.9593e+15 2.9593e+15 2.9593e+15 2.9593e+15 2.9593e+15 2.9593e+15 2.9593e+15 2.9593e+15 2.9593e+15 2.9593e+15 2.9593e+15 2.9593e+15 2.9593e+15 2.9593e+15 2.9593e+15 2.9593e+15 2.9593e+15 2.9593e+15 2.9593e+15 2.9593e+15 2.9593e+15 2.9593e+15 2.9593e+15 2.9593e+15 2.9593e+15 2.9593e+15 2.9593e+15 2.9593e+15 2.9593e+15 2.9593e+15 2.9593e+15 2.9593e+15 2.9593e+15 2.9593e+15 2.9594e+15 2.9596e+15 2.9601e+15 2.961e+15 2.9622e+15 2.9636e+15
20.021 2.9602e+15 2.9597e+15 2.9594e+15 2.9593e+15 2.9593e+15 2.9593e+15 2.9593e+15 2.9593e+15 2.9593e+15 2.9593e+15 2.9593e+15 2.9593e+15 2.9593e+15 2.9593e+15 2.9593e+15 2.9593e+15 2.9593e+15 2.9593e+15 2.9593e+15 2.9593e+15 2.9593e+15 2.9593e+15 2.9593e+15 2.9593e+15 2.9593e+15 2.9593e+15 2.9593e+15 2.9593e+15 2.9593e+15 2.9593e+15 2.9593e+15 2.9593e+15 2.9593e+15 2.9593e+15 2.9593e+15 2.9593e+15 2.9593e+15 2.9593e+15 2.9593e+15 2.9593e+15 2.9593e+15 2.9594e+15 2.9596e+15 2.96e+15 2.9608e+15 2.962e+15 2.9633e+15
20.234 2.9601e+15 2.9596e+15 2.9594e+15 2.9593e+15 2.9593e+15 2.9593e+15 2.9593e+15 2.9593e+15 2.9593e+15 2.9593e+15 2.9593e+15 2.9593e+15 2.9593e+15 2.9593e+15 2.9593e+15 2.9593e+15 2.9593e+15 2.9593e+15 2.9593e+15 2.9593e+15 2.9593e+15 2.9593e+15 2.9593e+15 2.9593e+15 2.9593e+15 2.9593e+15 2.9593e+15 2.9593e+15 2.9593e+15 2.9593e+15 2.9593e+15 2.9593e+15 2.9593e+15 2.9593e+15 2.9593e+15 2.9593e+15 2.9593e+15 2.9593e+15 2.9593e+15 2.9593e+15 2.9593e+15 2.9593e+15 2.9595e+15 2.96e+15 2.9607e+15 2.9617e+15 2.9631e+15
20.447 2.96e+15 2.9596e+15 2.9594e+15 2.9593e+15 2.9593e+15 2.9593e+15 2.9593e+15 2.9593e+15 2.9593e+15 2.9593e+15 2.9593e+15 2.9593e+15 2.9593e+15 2.9593e+15 2.9593e+15 2.9593e+15 2.9593e+15 2.9593e+15 2.9593e+15 2.9593e+15 2.9593e+15 2.9593e+15 2.9593e+15 2.9593e+15 2.9593e+15 2.9593e+15 2.9593e+15 2.9593e+15 2.9593e+15 2.9593e+15 2.9593e+15 2.9593e+15 2.9593e+15 2.9593e+15 2.9593e+15 2.9593e+15 2.9593e+15 2.9593e+15 2.9593e+15 2.9593e+15 2.9593e+15 2.9593e+15 2.9595e+15 2.9599e+15 2.9605e+15 2.9615e+15 2.9628e+15
20.66 2.9599e+15 2.9595e+15 2.9593e+15 2.9593e+15 2.9593e+15 2.9593e+15 2.9593e+15 2.9593e+15 2.9593e+15 2.9593e+15 2.9593e+15 2.9593e+15 2.9593e+15 2.9593e+15 2.9593e+15 2.9593e+15 2.9593e+15 2.9593e+15 2.9593e+15 2.9593e+15 2.9593e+15 2.9593e+15 2.9593e+15 2.9593e+15 2.9593e+15 2.9593e+15 2.9593e+15 2.9593e+15 2.9593e+15 2.9593e+15 2.9593e+15 2.9593e+15 2.9593e+15 2.9593e+15 2.9593e+15 2.9593e+15 2.9593e+15 2.9593e+15 2.9593e+15 2.9593e+15 2.9593e+15 2.9593e+15 2.9595e+15 2.9598e+15 2.9604e+15 2.9614e+15 2.9626e+15
20.873 2.9599e+15 2.9595e+15 2.9593e+15 2.9593e+15 2.9593e+15 2.9593e+15 2.9593e+15 2.9593e+15 2.9593e+15 2.9593e+15 2.9593e+15 2.9593e+15 2.9593e+15 2.9593e+15 2.9593e+15 2.9593e+15 2.9593e+15 2.9593e+15 2.9593e+15 2.9593e+15 2.9593e+15 2.9593e+15 2.9593e+15 2.9593e+15 2.9593e+15 2.9593e+15 2.9593e+15 2.9593e+15 2.9593e+15 2.9593e+15 2.9593e+15 2.9593e+15 2.9593e+15 2.9593e+15 2.9593e+15 2.9593e+15 2.9593e+15 2.9593e+15 2.9593e+15 2.9593e+15 2.9593e+15 2.9593e+15 2.9594e+15 2.9597e+15 2.9603e+15 2.9612e+15 2.9623e+15
21.086 2.9598e+15 2.9595e+15 2.9593e+15 2.9593e+15 2.9593e+15 2.9593e+15 2.9593e+15 2.9593e+15 2.9593e+15 2.9593e+15 2.9593e+15 2.9593e+15 2.9593e+15 2.9593e+15 2.9593e+15 2.9593e+15 2.9593e+15 2.9593e+15 2.9593e+15 2.9593e+15 2.9593e+15 2.9593e+15 2.9593e+15 2.9593e+15 2.9593e+15 2.9593e+15 2.9593e+15 2.9593e+15 2.9593e+15 2.9593e+15 2.9593e+15 2.9593e+15 2.9593e+15 2.9593e+15 2.9593e+15 2.9593e+15 2.9593e+15 2.9593e+15 2.9593e+15 2.9593e+15 2.9593e+15 2.9593e+15 2.9594e+15 2.9597e+15 2.9602e+15 2.961e+15 2.9621e+15
21.299 2.9597e+15 2.9594e+15 2.9593e+15 2.9593e+15 2.9593e+15 2.9593e+15 2.9593e+15 2.9593e+15 2.9593e+15 2.9593e+15 2.9593e+15 2.9593e+15 2.9593e+15 2.9593e+15 2.9593e+15 2.9593e+15 2.9593e+15 2.9593e+15 2.9593e+15 2.9593e+15 2.9593e+15 2.9593e+15 2.9593e+15 2.9593e+15 2.9593e+15 2.9593e+15 2.9593e+15 2.9593e+15 2.9593e+15 2.9593e+15 2.9593e+15 2.9593e+15 2.9593e+15 2.9593e+15 2.9593e+15 2.9593e+15 2.9593e+15 2.9593e+15 2.9593e+15 2.9593e+15 2.9593e+15 2.9593e+15 2.9594e+15 2.9596e+15 2.9601e+15 2.9609e+15 2.9619e+15
21.512 2.9597e+15 2.9594e+15 2.9593e+15 2.9593e+15 2.9593e+15 2.9593e+15 2.9593e+15 2.9593e+15 2.9593e+15 2.9593e+15 2.9593e+15 2.9593e+15 2.9593e+15 2.9593e+15 2.9593e+15 2.9593e+15 2.9593e+15 2.9593e+15 2.9593e+15 2.9593e+15 2.9593e+15 2.9593e+15 2.9593e+15 2.9593e+15 2.9593e+15 2.9593e+15 2.9593e+15 2.9593e+15 2.9593e+15 2.9593e+15 2.9593e+15 2.9593e+15 2.9593e+15 2.9593e+15 2.9593e+15 2.9593e+15 2.9593e+15 2.9593e+15 2.9593e+15 2.9593e+15 2.9593e+15 2.9593e+15 2.9594e+15 2.9596e+15 2.96e+15 2.9607e+15 2.9617e+15
21.725 2.9596e+15 2.9594e+15 2.9593e+15 2.9593e+15 2.9593e+15 2.9593e+15 2.9593e+15 2.9593e+15 2.9593e+15 2.9593e+15 2.9593e+15 2.9593e+15 2.9593e+15 2.9593e+15 2.9593e+15 2.9593e+15 2.9593e+15 2.9593e+15 2.9593e+15 2.9593e+15 2.9593e+15 2.9593e+15 2.9593e+15 2.9593e+15 2.9593e+15 2.9593e+15 2.9593e+15 2.9593e+15 2.9593e+15 2.9593e+15 2.9593e+15 2.9593e+15 2.9593e+15 2.9593e+15 2.9593e+15 2.9593e+15 2.9593e+15 2.9593e+15 2.9593e+15 2.9593e+15 2.9593e+15 2.9593e+15 2.9593e+15 2.9595e+15 2.9599e+15 2.9606e+15 2.9615e+15
21.938 2.9596e+15 2.9594e+15 2.9593e+15 2.9593e+15 2.9593e+15 2.9593e+15 2.9593e+15 2.9593e+15 2.9593e+15 2.9593e+15 2.9593e+15 2.9593e+15 2.9593e+15 2.9593e+15 2.9593e+15 2.9593e+15 2.9593e+15 2.9593e+15 2.9593e+15 2.9593e+15 2.9593e+15 2.9593e+15 2.9593e+15 2.9593e+15 2.9593e+15 2.9593e+15 2.9593e+15 2.9593e+15 2.9593e+15 2.9593e+15 2.9593e+15 2.9593e+15 2.9593e+15 2.9593e+15 2.9593e+15 2.9593e+15 2.9593e+15 2.9593e+15 2.9593e+15 2.9593e+15 2.9593e+15 2.9593e+15 2.9593e+15 2.9595e+15 2.9599e+15 2.9605e+15 2.9614e+15
22.151 2.9595e+15 2.9594e+15 2.9593e+15 2.9593e+15 2.9593e+15 2.9593e+15 2.9593e+15 2.9593e+15 2.9593e+15 2.9593e+15 2.9593e+15 2.9593e+15 2.9593e+15 2.9593e+15 2.9593e+15 2.9593e+15 2.9593e+15 2.9593e+15 2.9593e+15 2.9593e+15 2.9593e+15 2.9593e+15 2.9593e+15 2.9593e+15 2.9593e+15 2.9593e+15 2.9593e+15 2.9593e+15 2.9593e+15 2.9593e+15 2.9593e+15 2.9593e+15 2.9593e+15 2.9593e+15 2.9593e+15 2.9593e+15 2.9593e+15 2.9593e+15 2.9593e+15 2.9593e+15 2.9593e+15 2.9593e+15 2.9593e+15 2.9595e+15 2.9598e+15 2.9604e+15 2.9612e+15
22.364 2.9595e+15 2.9593e+15 2.9593e+15 2.9593e+15 2.9593e+15 2.9593e+15 2.9593e+15 2.9593e+15 2.9593e+15 2.9593e+15 2.9593e+15 2.9593e+15 2.9593e+15 2.9593e+15 2.9593e+15 2.9593e+15 2.9593e+15 2.9593e+15 2.9593e+15 2.9593e+15 2.9593e+15 2.9593e+15 2.9593e+15 2.9593e+15 2.9593e+15 2.9593e+15 2.9593e+15 2.9593e+15 2.9593e+15 2.9593e+15 2.9593e+15 2.9593e+15 2.9593e+15 2.9593e+15 2.9593e+15 2.9593e+15 2.9593e+15 2.9593e+15 2.9593e+15 2.9593e+15 2.9593e+15 2.9593e+15 2.9593e+15 2.9594e+15 2.9597e+15 2.9603e+15 2.9611e+15
22.577 2.9595e+15 2.9593e+15 2.9593e+15 2.9593e+15 2.9593e+15 2.9593e+15 2.9593e+15 2.9593e+15 2.9593e+15 2.9593e+15 2.9593e+15 2.9593e+15 2.9593e+15 2.9593e+15 2.9593e+15 2.9593e+15 2.9593e+15 2.9593e+15 2.9593e+15 2.9593e+15 2.9593e+15 2.9593e+15 2.9593e+15 2.9593e+15 2.9593e+15 2.9593e+15 2.9593e+15 2.9593e+15 2.9593e+15 2.9593e+15 2.9593e+15 2.9593e+15 2.9593e+15 2.9593e+15 2.9593e+15 2.9593e+15 2.9593e+15 2.9593e+15 2.9593e+15 2.9593e+15 2.9593e+15 2.9593e+15 2.9593e+15 2.9594e+15 2.9597e+15 2.9602e+15 2.9609e+15
22.79 2.9595e+15 2.9593e+15 2.9593e+15 2.9593e+15 2.9593e+15 2.9593e+15 2.9593e+15 2.9593e+15 2.9593e+15 2.9593e+15 2.9593e+15 2.9593e+15 2.9593e+15 2.9593e+15 2.9593e+15 2.9593e+15 2.9593e+15 2.9593e+15 2.9593e+15 2.9593e+15 2.9593e+15 2.9593e+15 2.9593e+15 2.9593e+15 2.9593e+15 2.9593e+15 2.9593e+15 2.9593e+15 2.9593e+15 2.9593e+15 2.9593e+15 2.9593e+15 2.9593e+15 2.9593e+15 2.9593e+15 2.9593e+15 2.9593e+15 2.9593e+15 2.9593e+15 2.9593e+15 2.9593e+15 2.9593e+15 2.9593e+15 2.9594e+15 2.9596e+15 2.9601e+15 2.9608e+15
23.003 2.9594e+15 2.9593e+15 2.9593e+15 2.9593e+15 2.9593e+15 2.9593e+15 2.9593e+15 2.9593e+15 2.9593e+15 2.9593e+15 2.9593e+15 2.9593e+15 2.9593e+15 2.9593e+15 2.9593e+15 2.9593e+15 2.9593e+15 2.9593e+15 2.9593e+15 2.9593e+15 2.9593e+15 2.9593e+15 2.9593e+15 2.9593e+15 2.9593e+15 2.9593e+15 2.9593e+15 2.9593e+15 2.9593e+15 2.9593e+15 2.9593e+15 2.9593e+15 2.9593e+15 2.9593e+15 2.9593e+15 2.9593e+15 2.9593e+15 2.9593e+15 2.9593e+15 2.9593e+15 2.9593e+15 2.9593e+15 2.9593e+15 2.9594e+15 2.9596e+15 2.96e+15 2.9607e+15
23.216 2.9594e+15 2.9593e+15 2.9593e+15 2.9593e+15 2.9593e+15 2.9593e+15 2.9593e+15 2.9593e+15 2.9593e+15 2.9593e+15 2.9593e+15 2.9593e+15 2.9593e+15 2.9593e+15 2.9593e+15 2.9593e+15 2.9593e+15 2.9593e+15 2.9593e+15 2.9593e+15 2.9593e+15 2.9593e+15 2.9593e+15 2.9593e+15 2.9593e+15 2.9593e+15 2.9593e+15 2.9593e+15 2.9593e+15 2.9593e+15 2.9593e+15 2.9593e+15 2.9593e+15 2.9593e+15 2.9593e+15 2.9593e+15 2.9593e+15 2.9593e+15 2.9593e+15 2.9593e+15 2.9593e+15 2.9593e+15 2.9593e+15 2.9594e+15 2.9596e+15 2.9599e+15 2.9606e+15
23.429 2.9594e+15 2.9593e+15 2.9593e+15 2.9593e+15 2.9593e+15 2.9593e+15 2.9593e+15 2.9593e+15 2.9593e+15 2.9593e+15 2.9593e+15 2.9593e+15 2.9593e+15 2.9593e+15 2.9593e+15 2.9593e+15 2.9593e+15 2.9593e+15 2.9593e+15 2.9593e+15 2.9593e+15 2.9593e+15 2.9593e+15 2.9593e+15 2.9593e+15 2.9593e+15 2.9593e+15 2.9593e+15 2.9593e+15 2.9593e+15 2.9593e+15 2.9593e+15 2.9593e+15 2.9593e+15 2.9593e+15 2.9593e+15 2.9593e+15 2.9593e+15 2.9593e+15 2.9593e+15 2.9593e+15 2.9593e+15 2.9593e+15 2.9593e+15 2.9595e+15 2.9599e+15 2.9605e+15
23.642 2.9594e+15 2.9593e+15 2.9593e+15 2.9593e+15 2.9593e+15 2.9593e+15 2.9593e+15 2.9593e+15 2.9593e+15 2.9593e+15 2.9593e+15 2.9593e+15 2.9593e+15 2.9593e+15 2.9593e+15 2.9593e+15 2.9593e+15 2.9593e+15 2.9593e+15 2.9593e+15 2.9593e+15 2.9593e+15 2.9593e+15 2.9593e+15 2.9593e+15 2.9593e+15 2.9593e+15 2.9593e+15 2.9593e+15 2.9593e+15 2.9593e+15 2.9593e+15 2.9593e+15 2.9593e+15 2.9593e+15 2.9593e+15 2.9593e+15 2.9593e+15 2.9593e+15 2.9593e+15 2.9593e+15 2.9593e+15 2.9593e+15 2.9593e+15 2.9595e+15 2.9598e+15 2.9604e+15
23.855 2.9594e+15 2.9593e+15 2.9593e+15 2.9593e+15 2.9593e+15 2.9593e+15 2.9593e+15 2.9593e+15 2.9593e+15 2.9593e+15 2.9593e+15 2.9593e+15 2.9593e+15 2.9593e+15 2.9593e+15 2.9593e+15 2.9593e+15 2.9593e+15 2.9593e+15 2.9593e+15 2.9593e+15 2.9593e+15 2.9593e+15 2.9593e+15 2.9593e+15 2.9593e+15 2.9593e+15 2.9593e+15 2.9593e+15 2.9593e+15 2.9593e+15 2.9593e+15 2.9593e+15 2.9593e+15 2.9593e+15 2.9593e+15 2.9593e+15 2.9593e+15 2.9593e+15 2.9593e+15 2.9593e+15 2.9593e+15 2.9593e+15 2.9593e+15 2.9595e+15 2.9598e+15 2.9603e+15
24.068 2.9593e+15 2.9593e+15 2.9593e+15 2.9593e+15 2.9593e+15 2.9593e+15 2.9593e+15 2.9593e+15 2.9593e+15 2.9593e+15 2.9593e+15 2.9593e+15 2.9593e+15 2.9593e+15 2.9593e+15 2.9593e+15 2.9593e+15 2.9593e+15 2.9593e+15 2.9593e+15 2.9593e+15 2.9593e+15 2.9593e+15 2.9593e+15 2.9593e+15 2.9593e+15 2.9593e+15 2.9593e+15 2.9593e+15 2.9593e+15 2.9593e+15 2.9593e+15 2.9593e+15 2.9593e+15 2.9593e+15 2.9593e+15 2.9593e+15 2.9593e+15 2.9593e+15 2.9593e+15 2.9593e+15 2.9593e+15 2.9593e+15 2.9593e+15 2.9594e+15 2.9597e+15 2.9602e+15
24.281 2.9593e+15 2.9593e+15 2.9593e+15 2.9593e+15 2.9593e+15 2.9593e+15 2.9593e+15 2.9593e+15 2.9593e+15 2.9593e+15 2.9593e+15 2.9593e+15 2.9593e+15 2.9593e+15 2.9593e+15 2.9593e+15 2.9593e+15 2.9593e+15 2.9593e+15 2.9593e+15 2.9593e+15 2.9593e+15 2.9593e+15 2.9593e+15 2.9593e+15 2.9593e+15 2.9593e+15 2.9593e+15 2.9593e+15 2.9593e+15 2.9593e+15 2.9593e+15 2.9593e+15 2.9593e+15 2.9593e+15 2.9593e+15 2.9593e+15 2.9593e+15 2.9593e+15 2.9593e+15 2.9593e+15 2.9593e+15 2.9593e+15 2.9593e+15 2.9594e+15 2.9597e+15 2.9601e+15
24.494 2.9593e+15 2.9593e+15 2.9593e+15 2.9593e+15 2.9593e+15 2.9593e+15 2.9593e+15 2.9593e+15 2.9593e+15 2.9593e+15 2.9593e+15 2.9593e+15 2.9593e+15 2.9593e+15 2.9593e+15 2.9593e+15 2.9593e+15 2.9593e+15 2.9593e+15 2.9593e+15 2.9593e+15 2.9593e+15 2.9593e+15 2.9593e+15 2.9593e+15 2.9593e+15 2.9593e+15 2.9593e+15 2.9593e+15 2.9593e+15 2.9593e+15 2.9593e+15 2.9593e+15 2.9593e+15 2.9593e+15 2.9593e+15 2.9593e+15 2.9593e+15 2.9593e+15 2.9593e+15 2.9593e+15 2.9593e+15 2.9593e+15 2.9593e+15 2.9594e+15 2.9596e+15 2.96e+15
24.706 2.9593e+15 2.9593e+15 2.9593e+15 2.9593e+15 2.9593e+15 2.9593e+15 2.9593e+15 2.9593e+15 2.9593e+15 2.9593e+15 2.9593e+15 2.9593e+15 2.9593e+15 2.9593e+15 2.9593e+15 2.9593e+15 2.9593e+15 2.9593e+15 2.9593e+15 2.9593e+15 2.9593e+15 2.9593e+15 2.9593e+15 2.9593e+15 2.9593e+15 2.9593e+15 2.9593e+15 2.9593e+15 2.9593e+15 2.9593e+15 2.9593e+15 2.9593e+15 2.9593e+15 2.9593e+15 2.9593e+15 2.9593e+15 2.9593e+15 2.9593e+15 2.9593e+15 2.9593e+15 2.9593e+15 2.9593e+15 2.9593e+15 2.9593e+15 2.9594e+15 2.9596e+15 2.96e+15
24.919 2.9593e+15 2.9593e+15 2.9593e+15 2.9593e+15 2.9593e+15 2.9593e+15 2.9593e+15 2.9593e+15 2.9593e+15 2.9593e+15 2.9593e+15 2.9593e+15 2.9593e+15 2.9593e+15 2.9593e+15 2.9593e+15 2.9593e+15 2.9593e+15 2.9593e+15 2.9593e+15 2.9593e+15 2.9593e+15 2.9593e+15 2.9593e+15 2.9593e+15 2.9593e+15 2.9593e+15 2.9593e+15 2.9593e+15 2.9593e+15 2.9593e+15 2.9593e+15 2.9593e+15 2.9593e+15 2.9593e+15 2.9593e+15 2.9593e+15 2.9593e+15 2.9593e+15 2.9593e+15 2.9593e+15 2.9593e+15 2.9593e+15 2.9593e+15 2.9594e+15 2.9596e+15 2.9599e+15
25.132 2.9593e+15 2.9593e+15 2.9593e+15 2.9593e+15 2.9593e+15 2.9593e+15 2.9593e+15 2.9593e+15 2.9593e+15 2.9593e+15 2.9593e+15 2.9593e+15 2.9593e+15 2.9593e+15 2.9593e+15 2.9593e+15 2.9593e+15 2.9593e+15 2.9593e+15 2.9593e+15 2.9593e+15 2.9593e+15 2.9593e+15 2.9593e+15 2.9593e+15 2.9593e+15 2.9593e+15 2.9593e+15 2.9593e+15 2.9593e+15 2.9593e+15 2.9593e+15 2.9593e+15 2.9593e+15 2.9593e+15 2.9593e+15 2.9593e+15 2.9593e+15 2.9593e+15 2.9593e+15 2.9593e+15 2.9593e+15 2.9593e+15 2.9593e+15 2.9594e+15 2.9595e+15 2.9599e+15
25.345 2.9593e+15 2.9593e+15 2.9593e+15 2.9593e+15 2.9593e+15 2.9593e+15 2.9593e+15 2.9593e+15 2.9593e+15 2.9593e+15 2.9593e+15 2.9593e+15 2.9593e+15 2.9593e+15 2.9593e+15 2.9593e+15 2.9593e+15 2.9593e+15 2.9593e+15 2.9593e+15 2.9593e+15 2.9593e+15 2.9593e+15 2.9593e+15 2.9593e+15 2.9593e+15 2.9593e+15 2.9593e+15 2.9593e+15 2.9593e+15 2.9593e+15 2.9593e+15 2.9593e+15 2.9593e+15 2.9593e+15 2.9593e+15 2.9593e+15 2.9593e+15 2.9593e+15 2.9593e+15 2.9593e+15 2.9593e+15 2.9593e+15 2.9593e+15 2.9593e+15 2.9595e+15 2.9598e+15
25.558 2.9593e+15 2.9593e+15 2.9593e+15 2.9593e+15 2.9593e+15 2.9593e+15 2.9593e+15 2.9593e+15 2.9593e+15 2.9593e+15 2.9593e+15 2.9593e+15 2.9593e+15 2.9593e+15 2.9593e+15 2.9593e+15 2.9593e+15 2.9593e+15 2.9593e+15 2.9593e+15 2.9593e+15 2.9593e+15 2.9593e+15 2.9593e+15 2.9593e+15 2.9593e+15 2.9593e+15 2.9593e+15 2.9593e+15 2.9593e+15 2.9593e+15 2.9593e+15 2.9593e+15 2.9593e+15 2.9593e+15 2.9593e+15 2.9593e+15 2.9593e+15 2.9593e+15 2.9593e+15 2.9593e+15 2.9593e+15 2.9593e+15 2.9593e+15 2.9593e+15 2.9595e+15 2.9598e+15
25.771 2.9593e+15 2.9593e+15 2.9593e+15 2.9593e+15 2.9593e+15 2.9593e+15 2.9593e+15 2.9593e+15 2.9593e+15 2.9593e+15 2.9593e+15 2.9593e+15 2.9593e+15 2.9593e+15 2.9593e+15 2.9593e+15 2.9593e+15 2.9593e+15 2.9593e+15 2.9593e+15 2.9593e+15 2.9593e+15 2.9593e+15 2.9593e+15 2.9593e+15 2.9593e+15 2.9593e+15 2.9593e+15 2.9593e+15 2.9593e+15 2.9593e+15 2.9593e+15 2.9593e+15 2.9593e+15 2.9593e+15 2.9593e+15 2.9593e+15 2.9593e+15 2.9593e+15 2.9593e+15 2.9593e+15 2.9593e+15 2.9593e+15 2.9593e+15 2.9593e+15 2.9594e+15 2.9597e+15
25.984 2.9593e+15 2.9593e+15 2.9593e+15 2.9593e+15 2.9593e+15 2.9593e+15 2.9593e+15 2.9593e+15 2.9593e+15 2.9593e+15 2.9593e+15 2.9593e+15 2.9593e+15 2.9593e+15 2.9593e+15 2.9593e+15 2.9593e+15 2.9593e+15 2.9593e+15 2.9593e+15 2.9593e+15 2.9593e+15 2.9593e+15 2.9593e+15 2.9593e+15 2.9593e+15 2.9593e+15 2.9593e+15 2.9593e+15 2.9593e+15 2.9593e+15 2.9593e+15 2.9593e+15 2.9593e+15 2.9593e+15 2.9593e+15 2.9593e+15 2.9593e+15 2.9593e+15 2.9593e+15 2.9593e+15 2.9593e+15 2.9593e+15 2.9593e+15 2.9593e+15 2.9594e+15 2.9597e+15
26.197 2.9593e+15 2.9593e+15 2.9593e+15 2.9593e+15 2.9593e+15 2.9593e+15 2.9593e+15 2.9593e+15 2.9593e+15 2.9593e+15 2.9593e+15 2.9593e+15 2.9593e+15 2.9593e+15 2.9593e+15 2.9593e+15 2.9593e+15 2.9593e+15 2.9593e+15 2.9593e+15 2.9593e+15 2.9593e+15 2.9593e+15 2.9593e+15 2.9593e+15 2.9593e+15 2.9593e+15 2.9593e+15 2.9593e+15 2.9593e+15 2.9593e+15 2.9593e+15 2.9593e+15 2.9593e+15 2.9593e+15 2.9593e+15 2.9593e+15 2.9593e+15 2.9593e+15 2.9593e+15 2.9593e+15 2.9593e+15 2.9593e+15 2.9593e+15 2.9593e+15 2.9594e+15 2.9596e+15
26.41 2.9593e+15 2.9593e+15 2.9593e+15 2.9593e+15 2.9593e+15 2.9593e+15 2.9593e+15 2.9593e+15 2.9593e+15 2.9593e+15 2.9593e+15 2.9593e+15 2.9593e+15 2.9593e+15 2.9593e+15 2.9593e+15 2.9593e+15 2.9593e+15 2.9593e+15 2.9593e+15 2.9593e+15 2.9593e+15 2.9593e+15 2.9593e+15 2.9593e+15 2.9593e+15 2.9593e+15 2.9593e+15 2.9593e+15 2.9593e+15 2.9593e+15 2.9593e+15 2.9593e+15 2.9593e+15 2.9593e+15 2.9593e+15 2.9593e+15 2.9593e+15 2.9593e+15 2.9593e+15 2.9593e+15 2.9593e+15 2.9593e+15 2.9593e+15 2.9593e+15 2.9594e+15 2.9596e+15
26.623 2.9593e+15 2.9593e+15 2.9593e+15 2.9593e+15 2.9593e+15 2.9593e+15 2.9593e+15 2.9593e+15 2.9593e+15 2.9593e+15 2.9593e+15 2.9593e+15 2.9593e+15 2.9593e+15 2.9593e+15 2.9593e+15 2.9593e+15 2.9593e+15 2.9593e+15 2.9593e+15 2.9593e+15 2.9593e+15 2.9593e+15 2.9593e+15 2.9593e+15 2.9593e+15 2.9593e+15 2.9593e+15 2.9593e+15 2.9593e+15 2.9593e+15 2.9593e+15 2.9593e+15 2.9593e+15 2.9593e+15 2.9593e+15 2.9593e+15 2.9593e+15 2.9593e+15 2.9593e+15 2.9593e+15 2.9593e+15 2.9593e+15 2.9593e+15 2.9593e+15 2.9594e+15 2.9596e+15
26.836 2.9593e+15 2.9593e+15 2.9593e+15 2.9593e+15 2.9593e+15 2.9593e+15 2.9593e+15 2.9593e+15 2.9593e+15 2.9593e+15 2.9593e+15 2.9593e+15 2.9593e+15 2.9593e+15 2.9593e+15 2.9593e+15 2.9593e+15 2.9593e+15 2.9593e+15 2.9593e+15 2.9593e+15 2.9593e+15 2.9593e+15 2.9593e+15 2.9593e+15 2.9593e+15 2.9593e+15 2.9593e+15 2.9593e+15 2.9593e+15 2.9593e+15 2.9593e+15 2.9593e+15 2.9593e+15 2.9593e+15 2.9593e+15 2.9593e+15 2.9593e+15 2.9593e+15 2.9593e+15 2.9593e+15 2.9593e+15 2.9593e+15 2.9593e+15 2.9593e+15 2.9594e+15 2.9595e+15
27.049 2.9593e+15 2.9593e+15 2.9593e+15 2.9593e+15 2.9593e+15 2.9593e+15 2.9593e+15 2.9593e+15 2.9593e+15 2.9593e+15 2.9593e+15 2.9593e+15 2.9593e+15 2.9593e+15 2.9593e+15 2.9593e+15 2.9593e+15 2.9593e+15 2.9593e+15 2.9593e+15 2.9593e+15 2.9593e+15 2.9593e+15 2.9593e+15 2.9593e+15 2.9593e+15 2.9593e+15 2.9593e+15 2.9593e+15 2.9593e+15 2.9593e+15 2.9593e+15 2.9593e+15 2.9593e+15 2.9593e+15 2.9593e+15 2.9593e+15 2.9593e+15 2.9593e+15 2.9593e+15 2.9593e+15 2.9593e+15 2.9593e+15 2.9593e+15 2.9593e+15 2.9594e+15 2.9595e+15
27.262 2.9593e+15 2.9593e+15 2.9593e+15 2.9593e+15 2.9593e+15 2.9593e+15 2.9593e+15 2.9593e+15 2.9593e+15 2.9593e+15 2.9593e+15 2.9593e+15 2.9593e+15 2.9593e+15 2.9593e+15 2.9593e+15 2.9593e+15 2.9593e+15 2.9593e+15 2.9593e+15 2.9593e+15 2.9593e+15 2.9593e+15 2.9593e+15 2.9593e+15 2.9593e+15 2.9593e+15 2.9593e+15 2.9593e+15 2.9593e+15 2.9593e+15 2.9593e+15 2.9593e+15 2.9593e+15 2.9593e+15 2.9593e+15 2.9593e+15 2.9593e+15 2.9593e+15 2.9593e+15 2.9593e+15 2.9593e+15 2.9593e+15 2.9593e+15 2.9593e+15 2.9593e+15 2.9595e+15
27.475 2.9593e+15 2.9593e+15 2.9593e+15 2.9593e+15 2.9593e+15 2.9593e+15 2.9593e+15 2.9593e+15 2.9593e+15 2.9593e+15 2.9593e+15 2.9593e+15 2.9593e+15 2.9593e+15 2.9593e+15 2.9593e+15 2.9593e+15 2.9593e+15 2.9593e+15 2.9593e+15 2.9593e+15 2.9593e+15 2.9593e+15 2.9593e+15 2.9593e+15 2.9593e+15 2.9593e+15 2.9593e+15 2.9593e+15 2.9593e+15 2.9593e+15 2.9593e+15 2.9593e+15 2.9593e+15 2.9593e+15 2.9593e+15 2.9593e+15 2.9593e+15 2.9593e+15 2.9593e+15 2.9593e+15 2.9593e+15 2.9593e+15 2.9593e+15 2.9593e+15 2.9593e+15 2.9595e+15
27.688 2.9593e+15 2.9593e+15 2.9593e+15 2.9593e+15 2.9593e+15 2.9593e+15 2.9593e+15 2.9593e+15 2.9593e+15 2.9593e+15 2.9593e+15 2.9593e+15 2.9593e+15 2.9593e+15 2.9593e+15 2.9593e+15 2.9593e+15 2.9593e+15 2.9593e+15 2.9593e+15 2.9593e+15 2.9593e+15 2.9593e+15 2.9593e+15 2.9593e+15 2.9593e+15 2.9593e+15 2.9593e+15 2.9593e+15 2.9593e+15 2.9593e+15 2.9593e+15 2.9593e+15 2.9593e+15 2.9593e+15 2.9593e+15 2.9593e+15 2.9593e+15 2.9593e+15 2.9593e+15 2.9593e+15 2.9593e+15 2.9593e+15 2.9593e+15 2.9593e+15 2.9593e+15 2.9594e+15
27.901 2.9593e+15 2.9593e+15 2.9593e+15 2.9593e+15 2.9593e+15 2.9593e+15 2.9593e+15 2.9593e+15 2.9593e+15 2.9593e+15 2.9593e+15 2.9593e+15 2.9593e+15 2.9593e+15 2.9593e+15 2.9593e+15 2.9593e+15 2.9593e+15 2.9593e+15 2.9593e+15 2.9593e+15 2.9593e+15 2.9593e+15 2.9593e+15 2.9593e+15 2.9593e+15 2.9593e+15 2.9593e+15 2.9593e+15 2.9593e+15 2.9593e+15 2.9593e+15 2.9593e+15 2.9593e+15 2.9593e+15 2.9593e+15 2.9593e+15 2.9593e+15 2.9593e+15 2.9593e+15 2.9593e+15 2.9593e+15 2.9593e+15 2.9593e+15 2.9593e+15 2.9593e+15 2.9594e+15
28.114 2.9593e+15 2.9593e+15 2.9593e+15 2.9593e+15 2.9593e+15 2.9593e+15 2.9593e+15 2.9593e+15 2.9593e+15 2.9593e+15 2.9593e+15 2.9593e+15 2.9593e+15 2.9593e+15 2.9593e+15 2.9593e+15 2.9593e+15 2.9593e+15 2.9593e+15 2.9593e+15 2.9593e+15 2.9593e+15 2.9593e+15 2.9593e+15 2.9593e+15 2.9593e+15 2.9593e+15 2.9593e+15 2.9593e+15 2.9593e+15 2.9593e+15 2.9593e+15 2.9593e+15 2.9593e+15 2.9593e+15 2.9593e+15 2.9593e+15 2.9593e+15 2.9593e+15 2.9593e+15 2.9593e+15 2.9593e+15 2.9593e+15 2.9593e+15 2.9593e+15 2.9593e+15 2.9594e+15
28.327 2.9593e+15 2.9593e+15 2.9593e+15 2.9593e+15 2.9593e+15 2.9593e+15 2.9593e+15 2.9593e+15 2.9593e+15 2.9593e+15 2.9593e+15 2.9593e+15 2.9593e+15 2.9593e+15 2.9593e+15 2.9593e+15 2.9593e+15 2.9593e+15 2.9593e+15 2.9593e+15 2.9593e+15 2.9593e+15 2.9593e+15 2.9593e+15 2.9593e+15 2.9593e+15 2.9593e+15 2.9593e+15 2.9593e+15 2.9593e+15 2.9593e+15 2.9593e+15 2.9593e+15 2.9593e+15 2.9593e+15 2.9593e+15 2.9593e+15 2.9593e+15 2.9593e+15 2.9593e+15 2.9593e+15 2.9593e+15 2.9593e+15 2.9593e+15 2.9593e+15 2.9593e+15 2.9594e+15
28.54 2.9593e+15 2.9593e+15 2.9593e+15 2.9593e+15 2.9593e+15 2.9593e+15 2.9593e+15 2.9593e+15 2.9593e+15 2.9593e+15 2.9593e+15 2.9593e+15 2.9593e+15 2.9593e+15 2.9593e+15 2.9593e+15 2.9593e+15 2.9593e+15 2.9593e+15 2.9593e+15 2.9593e+15 2.9593e+15 2.9593e+15 2.9593e+15 2.9593e+15 2.9593e+15 2.9593e+15 2.9593e+15 2.9593e+15 2.9593e+15 2.9593e+15 2.9593e+15 2.9593e+15 2.9593e+15 2.9593e+15 2.9593e+15 2.9593e+15 2.9593e+15 2.9593e+15 2.9593e+15 2.9593e+15 2.9593e+15 2.9593e+15 2.9593e+15 2.9593e+15 2.9593e+15 2.9594e+15
28.753 2.9593e+15 2.9593e+15 2.9593e+15 2.9593e+15 2.9593e+15 2.9593e+15 2.9593e+15 2.9593e+15 2.9593e+15 2.9593e+15 2.9593e+15 2.9593e+15 2.9593e+15 2.9593e+15 2.9593e+15 2.9593e+15 2.9593e+15 2.9593e+15 2.9593e+15 2.9593e+15 2.9593e+15 2.9593e+15 2.9593e+15 2.9593e+15 2.9593e+15 2.9593e+15 2.9593e+15 2.9593e+15 2.9593e+15 2.9593e+15 2.9593e+15 2.9593e+15 2.9593e+15 2.9593e+15 2.9593e+15 2.9593e+15 2.9593e+15 2.9593e+15 2.9593e+15 2.9593e+15 2.9593e+15 2.9593e+15 2.9593e+15 2.9593e+15 2.9593e+15 2.9593e+15 2.9594e+15
28.966 2.9593e+15 2.9593e+15 2.9593e+15 2.9593e+15 2.9593e+15 2.9593e+15 2.9593e+15 2.9593e+15 2.9593e+15 2.9593e+15 2.9593e+15 2.9593e+15 2.9593e+15 2.9593e+15 2.9593e+15 2.9593e+15 2.9593e+15 2.9593e+15 2.9593e+15 2.9593e+15 2.9593e+15 2.9593e+15 2.9593e+15 2.9593e+15 2.9593e+15 2.9593e+15 2.9593e+15 2.9593e+15 2.9593e+15 2.9593e+15 2.9593e+15 2.9593e+15 2.9593e+15 2.9593e+15 2.9593e+15 2.9593e+15 2.9593e+15 2.9593e+15 2.9593e+15 2.9593e+15 2.9593e+15 2.9593e+15 2.9593e+15 2.9593e+15 2.9593e+15 2.9593e+15 2.9594e+15
29.179 2.9593e+15 2.9593e+15 2.9593e+15 2.9593e+15 2.9593e+15 2.9593e+15 2.9593e+15 2.9593e+15 2.9593e+15 2.9593e+15 2.9593e+15 2.9593e+15 2.9593e+15 2.9593e+15 2.9593e+15 2.9593e+15 2.9593e+15 2.9593e+15 2.9593e+15 2.9593e+15 2.9593e+15 2.9593e+15 2.9593e+15 2.9593e+15 2.9593e+15 2.9593e+15 2.9593e+15 2.9593e+15 2.9593e+15 2.9593e+15 2.9593e+15 2.9593e+15 2.9593e+15 2.9593e+15 2.9593e+15 2.9593e+15 2.9593e+15 2.9593e+15 2.9593e+15 2.9593e+15 2.9593e+15 2.9593e+15 2.9593e+15 2.9593e+15 2.9593e+15 2.9593e+15 2.9593e+15
29.392 2.9593e+15 2.9593e+15 2.9593e+15 2.9593e+15 2.9593e+15 2.9593e+15 2.9593e+15 2.9593e+15 2.9593e+15 2.9593e+15 2.9593e+15 2.9593e+15 2.9593e+15 2.9593e+15 2.9593e+15 2.9593e+15 2.9593e+15 2.9593e+15 2.9593e+15 2.9593e+15 2.9593e+15 2.9593e+15 2.9593e+15 2.9593e+15 2.9593e+15 2.9593e+15 2.9593e+15 2.9593e+15 2.9593e+15 2.9593e+15 2.9593e+15 2.9593e+15 2.9593e+15 2.9593e+15 2.9593e+15 2.9593e+15 2.9593e+15 2.9593e+15 2.9593e+15 2.9593e+15 2.9593e+15 2.9593e+15 2.9593e+15 2.9593e+15 2.9593e+15 2.9593e+15 2.9593e+15
29.605 2.9593e+15 2.9593e+15 2.9593e+15 2.9593e+15 2.9593e+15 2.9593e+15 2.9593e+15 2.9593e+15 2.9593e+15 2.9593e+15 2.9593e+15 2.9593e+15 2.9593e+15 2.9593e+15 2.9593e+15 2.9593e+15 2.9593e+15 2.9593e+15 2.9593e+15 2.9593e+15 2.9593e+15 2.9593e+15 2.9593e+15 2.9593e+15 2.9593e+15 2.9593e+15 2.9593e+15 2.9593e+15 2.9593e+15 2.9593e+15 2.9593e+15 2.9593e+15 2.9593e+15 2.9593e+15 2.9593e+15 2.9593e+15 2.9593e+15 2.9593e+15 2.9593e+15 2.9593e+15 2.9593e+15 2.9593e+15 2.9593e+15 2.9593e+15 2.9593e+15 2.9593e+15 2.9593e+15
29.818 2.9593e+15 2.9593e+15 2.9593e+15 2.9593e+15 2.9593e+15 2.9593e+15 2.9593e+15 2.9593e+15 2.9593e+15 2.9593e+15 2.9593e+15 2.9593e+15 2.9593e+15 2.9593e+15 2.9593e+15 2.9593e+15 2.9593e+15 2.9593e+15 2.9593e+15 2.9593e+15 2.9593e+15 2.9593e+15 2.9593e+15 2.9593e+15 2.9593e+15 2.9593e+15 2.9593e+15 2.9593e+15 2.9593e+15 2.9593e+15 2.9593e+15 2.9593e+15 2.9593e+15 2.9593e+15 2.9593e+15 2.9593e+15 2.9593e+15 2.9593e+15 2.9593e+15 2.9593e+15 2.9593e+15 2.9593e+15 2.9593e+15 2.9593e+15 2.9593e+15 2.9593e+15 2.9593e+15
