NaN -14.212 -13.043 -11.95 -10.927 -9.9699 -9.0746 -8.2371 -7.4537 -6.7207 -6.035 -5.3936 -4.7935 -4.2321 -3.7069 -3.2156 -2.7559 -2.326 -1.9237 -1.5474 -1.1953 -0.86601 -0.55791 -0.26968 -3.9113e-05 0.2143 0.49871 0.80273 1.1277 1.4751 1.8464 2.2433 2.6676 3.1212 3.606 4.1242 4.6782 5.2703 5.9033 6.5799 7.3031 8.0762 8.9027 9.786 10.73 11.74 12.819 13.972
0 1.238e+16 1.8712e+16 2.8343e+16 4.286e+16 6.4491e+16 9.6271e+16 1.4216e+17 2.0705e+17 2.9658e+17 4.1662e+17 5.7238e+17 7.6723e+17 1.0014e+18 1.2709e+18 1.5678e+18 1.8811e+18 2.1995e+18 2.514e+18 2.82e+18 3.1152e+18 3.391e+18 3.619e+18 3.7501e+18 3.745e+18 3.639e+18 3.3886e+18 3.0525e+18 2.6857e+18 2.3229e+18 1.9787e+18 1.6585e+18 1.365e+18 1.1013e+18 8.7002e+17 6.7284e+17 5.0968e+17 3.7862e+17 2.7626e+17 1.9839e+17 1.405e+17 9.8339e+16 6.8176e+16 4.6917e+16 3.2121e+16 2.1931e+16 1.4972e+16 1.0252e+16
0.21299 1.181e+16 1.7703e+16 2.6569e+16 3.9773e+16 5.9188e+16 8.7295e+16 1.2723e+17 1.8274e+17 2.5791e+17 3.5676e+17 4.8247e+17 6.365e+17 8.1779e+17 1.0223e+18 1.2432e+18 1.4721e+18 1.7004e+18 1.9216e+18 2.1314e+18 2.3262e+18 2.4982e+18 2.63e+18 2.6982e+18 2.6884e+18 2.6241e+18 2.4744e+18 2.2661e+18 2.0273e+18 1.7804e+18 1.538e+18 1.3067e+18 1.0902e+18 8.9206e+17 7.1505e+17 5.6128e+17 4.3157e+17 3.2536e+17 2.4084e+17 1.7533e+17 1.2579e+17 8.9111e+16 6.2471e+16 4.3432e+16 3.0014e+16 2.0667e+16 1.4219e+16 9.8067e+15
0.42597 1.085e+16 1.602e+16 2.3644e+16 3.4746e+16 5.0663e+16 7.3071e+16 1.0394e+17 1.4542e+17 1.9957e+17 2.6805e+17 3.516e+17 4.497e+17 5.6027e+17 6.7976e+17 8.036e+17 9.2698e+17 1.0456e+18 1.1563e+18 1.2567e+18 1.3441e+18 1.4143e+18 1.4612e+18 1.4807e+18 1.473e+18 1.4482e+18 1.3917e+18 1.308e+18 1.2032e+18 1.0858e+18 9.6291e+17 8.3954e+17 7.1917e+17 6.0461e+17 4.983e+17 4.0234e+17 3.1822e+17 2.4664e+17 1.8752e+17 1.4004e+17 1.029e+17 7.453e+16 5.3328e+16 3.7776e+16 2.6554e+16 1.8571e+16 1.2959e+16 9.0535e+15
0.63896 9.6026e+15 1.3865e+16 1.9965e+16 2.8546e+16 4.0376e+16 5.6309e+16 7.7194e+16 1.0374e+17 1.3632e+17 1.7484e+17 2.1851e+17 2.6595e+17 3.1524e+17 3.6431e+17 4.1124e+17 4.5459e+17 4.9353e+17 5.2766e+17 5.5666e+17 5.7988e+17 5.9631e+17 6.0542e+17 6.081e+17 6.0605e+17 6.015e+17 5.9095e+17 5.7318e+17 5.4718e+17 5.1363e+17 4.7423e+17 4.3077e+17 3.848e+17 3.3769e+17 2.9073e+17 2.4528e+17 2.0262e+17 1.6384e+17 1.2973e+17 1.0068e+17 7.6674e+16 5.741e+16 4.2345e+16 3.0839e+16 2.223e+16 1.5906e+16 1.1332e+16 8.0686e+15
0.85195 8.1901e+15 1.148e+16 1.5992e+16 2.2034e+16 2.9903e+16 3.9825e+16 5.1876e+16 6.5899e+16 8.1447e+16 9.7786e+16 1.1397e+17 1.2903e+17 1.4216e+17 1.529e+17 1.6118e+17 1.673e+17 1.7177e+17 1.7506e+17 1.775e+17 1.7918e+17 1.8014e+17 1.8058e+17 1.8095e+17 1.8162e+17 1.8245e+17 1.8371e+17 1.8465e+17 1.8444e+17 1.8245e+17 1.7832e+17 1.7194e+17 1.6331e+17 1.5255e+17 1.3985e+17 1.256e+17 1.103e+17 9.4623e+16 7.9258e+16 6.4843e+16 5.1866e+16 4.0625e+16 3.1224e+16 2.3605e+16 1.7601e+16 1.2985e+16 9.5115e+15 6.9452e+15
1.0649 6.7388e+15 9.0986e+15 1.2153e+16 1.5972e+16 2.0555e+16 2.579e+16 3.1425e+16 3.7067e+16 4.2228e+16 4.6411e+16 4.9233e+16 5.0527e+16 5.0385e+16 4.9119e+16 4.716e+16 4.4938e+16 4.2798e+16 4.0956e+16 3.9509e+16 3.8472e+16 3.7839e+16 3.762e+16 3.7826e+16 3.8432e+16 3.9209e+16 4.0616e+16 4.2501e+16 4.4776e+16 4.7279e+16 4.979e+16 5.2054e+16 5.3792e+16 5.4737e+16 5.4654e+16 5.3379e+16 5.0854e+16 4.7161e+16 4.252e+16 3.726e+16 3.1754e+16 2.6358e+16 2.1355e+16 1.6932e+16 1.3181e+16 1.0109e+16 7.6685e+15 5.7802e+15
1.2779 5.3595e+15 6.9158e+15 8.7771e+15 1.0888e+16 1.3125e+16 1.5295e+16 1.7153e+16 1.8445e+16 1.8974e+16 1.8666e+16 1.7596e+16 1.5975e+16 1.4078e+16 1.2167e+16 1.0436e+16 8.9886e+15 7.8523e+15 7.0068e+15 6.4108e+15 6.0214e+15 5.8053e+15 5.7387e+15 5.8019e+15 5.9759e+15 6.1967e+15 6.6078e+15 7.2015e+15 8.0129e+15 9.072e+15 1.0394e+16 1.1962e+16 1.3715e+16 1.5539e+16 1.7281e+16 1.8762e+16 1.9799e+16 2.0239e+16 1.9998e+16 1.9082e+16 1.7588e+16 1.5681e+16 1.3555e+16 1.1395e+16 9.3487e+15 7.517e+15 5.9505e+15 4.661e+15
1.4909 4.1349e+15 5.061e+15 6.0499e+15 7.0123e+15 7.828e+15 8.3651e+15 8.5132e+15 8.2215e+15 7.5243e+15 6.5384e+15 5.4275e+15 4.3509e+15 3.4206e+15 2.686e+15 2.1452e+15 1.7669e+15 1.5112e+15 1.3421e+15 1.2322e+15 1.1636e+15 1.126e+15 1.1132e+15 1.1211e+15 1.1466e+15 1.1803e+15 1.2458e+15 1.3467e+15 1.4962e+15 1.7125e+15 2.0201e+15 2.4486e+15 3.0254e+15 3.7637e+15 4.6518e+15 5.6452e+15 6.6649e+15 7.6039e+15 8.3455e+15 8.7895e+15 8.8773e+15 8.6064e+15 8.0277e+15 7.2281e+15 6.3084e+15 5.3619e+15 4.4617e+15 3.6554e+15
1.7039 3.1137e+15 3.5925e+15 4.0171e+15 4.3185e+15 4.4311e+15 4.3132e+15 3.9672e+15 3.4458e+15 2.8393e+15 2.246e+15 1.7405e+15 1.3575e+15 1.0943e+15 9.2716e+14 8.2672e+14 7.6804e+14 7.3337e+14 7.1153e+14 6.9648e+14 6.8578e+14 6.7897e+14 6.7574e+14 6.754e+14 6.7725e+14 6.8031e+14 6.8703e+14 6.9864e+14 7.1764e+14 7.4722e+14 7.9251e+14 8.6286e+14 9.7351e+14 1.1447e+15 1.3973e+15 1.7464e+15 2.1925e+15 2.7147e+15 3.2672e+15 3.7849e+15 4.1976e+15 4.4478e+15 4.5061e+15 4.3764e+15 4.0915e+15 3.7005e+15 3.2565e+15 2.8057e+15
1.9169 2.3113e+15 2.5064e+15 2.6158e+15 2.6074e+15 2.4681e+15 2.2132e+15 1.8859e+15 1.5445e+15 1.2424e+15 1.0108e+15 8.55e+14 7.6175e+14 7.1128e+14 6.8604e+14 6.7388e+14 6.6751e+14 6.6299e+14 6.5855e+14 6.5399e+14 6.5007e+14 6.4751e+14 6.4625e+14 6.4579e+14 6.4575e+14 6.4593e+14 6.4656e+14 6.4809e+14 6.512e+14 6.5638e+14 6.6374e+14 6.7381e+14 6.8914e+14 7.1553e+14 7.6272e+14 8.4392e+14 9.7324e+14 1.1611e+15 1.4078e+15 1.6987e+15 2.0029e+15 2.2793e+15 2.4874e+15 2.5987e+15 2.6033e+15 2.5103e+15 2.3425e+15 2.1286e+15
2.1299 1.7163e+15 1.755e+15 1.7217e+15 1.6135e+15 1.4454e+15 1.2475e+15 1.0555e+15 8.9774e+14 7.8674e+14 7.1942e+14 6.8401e+14 6.678e+14 6.6134e+14 6.5903e+14 6.579e+14 6.5649e+14 6.5416e+14 6.5102e+14 6.4782e+14 6.4544e+14 6.4418e+14 6.4368e+14 6.4352e+14 6.4348e+14 6.4349e+14 6.4359e+14 6.4396e+14 6.4504e+14 6.4723e+14 6.5043e+14 6.5403e+14 6.5756e+14 6.6155e+14 6.6804e+14 6.8122e+14 7.0786e+14 7.5686e+14 8.3723e+14 9.5428e+14 1.1052e+15 1.2767e+15 1.4465e+15 1.5889e+15 1.6828e+15 1.7172e+15 1.6925e+15 1.6189e+15
2.3429 1.2998e+15 1.2687e+15 1.1935e+15 1.0856e+15 9.6494e+14 8.5331e+14 7.6634e+14 7.0902e+14 6.7709e+14 6.6216e+14 6.5644e+14 6.5486e+14 6.5469e+14 6.5463e+14 6.5402e+14 6.5252e+14 6.5016e+14 6.4744e+14 6.4514e+14 6.4377e+14 6.4321e+14 6.4305e+14 6.4302e+14 6.4302e+14 6.4303e+14 6.4304e+14 6.4314e+14 6.4356e+14 6.4472e+14 6.4682e+14 6.4949e+14 6.5204e+14 6.54e+14 6.5545e+14 6.5717e+14 6.6103e+14 6.7039e+14 6.9031e+14 7.2687e+14 7.8506e+14 8.658e+14 9.6349e+14 1.0661e+15 1.1581e+15 1.2252e+15 1.2584e+15 1.256e+15
2.5558 1.0246e+15 9.7436e+14 9.0496e+14 8.2948e+14 7.6159e+14 7.1047e+14 6.783e+14 6.6151e+14 6.5443e+14 6.5224e+14 6.5202e+14 6.5235e+14 6.5257e+14 6.5233e+14 6.5136e+14 6.4963e+14 6.474e+14 6.4525e+14 6.4376e+14 6.4307e+14 6.4287e+14 6.4284e+14 6.4285e+14 6.4286e+14 6.4286e+14 6.4286e+14 6.4287e+14 6.43e+14 6.4355e+14 6.4485e+14 6.4687e+14 6.4912e+14 6.5104e+14 6.5231e+14 6.5296e+14 6.534e+14 6.5453e+14 6.5811e+14 6.6704e+14 6.8516e+14 7.1616e+14 7.6163e+14 8.1918e+14 8.8207e+14 9.4081e+14 9.8605e+14 1.0114e+15
2.7688 8.5323e+14 8.0805e+14 7.5939e+14 7.1614e+14 6.8413e+14 6.6452e+14 6.5475e+14 6.5097e+14 6.5007e+14 6.5025e+14 6.5069e+14 6.5101e+14 6.5098e+14 6.5041e+14 6.4919e+14 6.4744e+14 6.4553e+14 6.4399e+14 6.4312e+14 6.4282e+14 6.4277e+14 6.4277e+14 6.4278e+14 6.4279e+14 6.428e+14 6.428e+14 6.4279e+14 6.4281e+14 6.4302e+14 6.4374e+14 6.4514e+14 6.47e+14 6.4884e+14 6.5026e+14 6.5108e+14 6.5136e+14 6.5137e+14 6.5162e+14 6.5311e+14 6.5757e+14 6.6747e+14 6.8533e+14 7.1252e+14 7.4792e+14 7.8751e+14 8.2531e+14 8.5522e+14
2.9818 7.5277e+14 7.2049e+14 6.9174e+14 6.705e+14 6.5761e+14 6.5134e+14 6.4907e+14 6.4868e+14 6.4897e+14 6.4941e+14 6.4977e+14 6.4987e+14 6.4958e+14 6.4877e+14 6.4746e+14 6.4585e+14 6.4434e+14 6.4332e+14 6.4286e+14 6.4275e+14 6.4274e+14 6.4275e+14 6.4276e+14 6.4276e+14 6.4277e+14 6.4277e+14 6.4276e+14 6.4276e+14 6.4281e+14 6.4316e+14 6.4405e+14 6.4547e+14 6.471e+14 6.4855e+14 6.4956e+14 6.5005e+14 6.5012e+14 6.4996e+14 6.499e+14 6.5057e+14 6.5308e+14 6.5904e+14 6.7017e+14 6.8745e+14 7.1022e+14 7.3591e+14 7.6058e+14
3.1948 6.9749e+14 6.7766e+14 6.6284e+14 6.5379e+14 6.494e+14 6.4787e+14 6.4767e+14 6.4797e+14 6.4838e+14 6.4875e+14 6.4894e+14 6.4884e+14 6.4834e+14 6.474e+14 6.4611e+14 6.4474e+14 6.4363e+14 6.43e+14 6.4278e+14 6.4274e+14 6.4274e+14 6.4274e+14 6.4275e+14 6.4275e+14 6.4275e+14 6.4276e+14 6.4275e+14 6.4275e+14 6.4275e+14 6.4289e+14 6.434e+14 6.4441e+14 6.4577e+14 6.4714e+14 6.4824e+14 6.4892e+14 6.4917e+14 6.4911e+14 6.4887e+14 6.487e+14 6.4903e+14 6.5061e+14 6.5456e+14 6.6202e+14 6.7364e+14 6.8891e+14 7.0606e+14
3.4078 6.69e+14 6.5822e+14 6.515e+14 6.4819e+14 6.4703e+14 6.4691e+14 6.4717e+14 6.4755e+14 6.479e+14 6.4814e+14 6.4817e+14 6.479e+14 6.4727e+14 6.4629e+14 6.4511e+14 6.44e+14 6.4322e+14 6.4286e+14 6.4275e+14 6.4274e+14 6.4274e+14 6.4274e+14 6.4274e+14 6.4274e+14 6.4275e+14 6.4275e+14 6.4275e+14 6.4275e+14 6.4274e+14 6.4279e+14 6.4305e+14 6.4372e+14 6.4477e+14 6.4599e+14 6.471e+14 6.4789e+14 6.4831e+14 6.484e+14 6.4825e+14 6.4798e+14 6.4778e+14 6.4797e+14 6.491e+14 6.5194e+14 6.5727e+14 6.6547e+14 6.7609e+14
3.6208 6.5527e+14 6.5004e+14 6.4738e+14 6.4641e+14 6.463e+14 6.4653e+14 6.4686e+14 6.4719e+14 6.4745e+14 6.4757e+14 6.4746e+14 6.4707e+14 6.4636e+14 6.454e+14 6.4437e+14 6.4352e+14 6.43e+14 6.4279e+14 6.4274e+14 6.4274e+14 6.4274e+14 6.4274e+14 6.4274e+14 6.4274e+14 6.4274e+14 6.4274e+14 6.4274e+14 6.4274e+14 6.4274e+14 6.4275e+14 6.4288e+14 6.4329e+14 6.4406e+14 6.4509e+14 6.4613e+14 6.4698e+14 6.4752e+14 6.4775e+14 6.4772e+14 6.4752e+14 6.4725e+14 6.4706e+14 6.472e+14 6.4809e+14 6.5028e+14 6.543e+14 6.6032e+14
3.8338 6.4907e+14 6.4682e+14 6.4595e+14 6.4582e+14 6.46e+14 6.4628e+14 6.4659e+14 6.4685e+14 6.4702e+14 6.4703e+14 6.4682e+14 6.4633e+14 6.456e+14 6.4471e+14 6.4385e+14 6.4321e+14 6.4288e+14 6.4276e+14 6.4274e+14 6.4274e+14 6.4274e+14 6.4274e+14 6.4274e+14 6.4274e+14 6.4274e+14 6.4274e+14 6.4274e+14 6.4274e+14 6.4274e+14 6.4274e+14 6.428e+14 6.4303e+14 6.4358e+14 6.444e+14 6.4533e+14 6.4618e+14 6.468e+14 6.4714e+14 6.4722e+14 6.4712e+14 6.4689e+14 6.4664e+14 6.4648e+14 6.4661e+14 6.4737e+14 6.4916e+14 6.5232e+14
4.0468 6.4643e+14 6.456e+14 6.4543e+14 6.4556e+14 6.458e+14 6.4608e+14 6.4633e+14 6.4653e+14 6.4662e+14 6.4653e+14 6.4623e+14 6.4569e+14 6.4497e+14 6.4417e+14 6.4348e+14 6.4302e+14 6.4281e+14 6.4275e+14 6.4274e+14 6.4274e+14 6.4274e+14 6.4274e+14 6.4274e+14 6.4274e+14 6.4274e+14 6.4274e+14 6.4274e+14 6.4274e+14 6.4274e+14 6.4274e+14 6.4277e+14 6.4289e+14 6.4325e+14 6.4388e+14 6.4468e+14 6.4549e+14 6.4614e+14 6.4657e+14 6.4675e+14 6.4674e+14 6.4658e+14 6.4635e+14 6.4613e+14 6.46e+14 6.4616e+14 6.4685e+14 6.4837e+14
4.2597 6.4533e+14 6.4512e+14 6.452e+14 6.454e+14 6.4564e+14 6.4588e+14 6.4609e+14 6.4622e+14 6.4623e+14 6.4607e+14 6.457e+14 6.4515e+14 6.4446e+14 6.4377e+14 6.4322e+14 6.429e+14 6.4277e+14 6.4274e+14 6.4274e+14 6.4274e+14 6.4274e+14 6.4274e+14 6.4274e+14 6.4274e+14 6.4274e+14 6.4274e+14 6.4274e+14 6.4274e+14 6.4274e+14 6.4274e+14 6.4275e+14 6.4282e+14 6.4305e+14 6.4351e+14 6.4418e+14 6.4491e+14 6.4556e+14 6.4604e+14 6.4631e+14 6.4638e+14 6.4629e+14 6.4611e+14 6.4589e+14 6.457e+14 6.4561e+14 6.458e+14 6.4645e+14
4.4727 6.4487e+14 6.449e+14 6.4506e+14 6.4527e+14 6.4549e+14 6.457e+14 6.4586e+14 6.4593e+14 6.4587e+14 6.4564e+14 6.4524e+14 6.4468e+14 6.4405e+14 6.4346e+14 6.4305e+14 6.4283e+14 6.4275e+14 6.4274e+14 6.4274e+14 6.4274e+14 6.4274e+14 6.4274e+14 6.4274e+14 6.4274e+14 6.4274e+14 6.4274e+14 6.4274e+14 6.4274e+14 6.4274e+14 6.4274e+14 6.4275e+14 6.4279e+14 6.4293e+14 6.4326e+14 6.4378e+14 6.4443e+14 6.4506e+14 6.4556e+14 6.4589e+14 6.4603e+14 6.4601e+14 6.4589e+14 6.457e+14 6.455e+14 6.4534e+14 6.453e+14 6.4552e+14
4.6857 6.4466e+14 6.4477e+14 6.4495e+14 6.4515e+14 6.4535e+14 6.4552e+14 6.4563e+14 6.4564e+14 6.4552e+14 6.4525e+14 6.4482e+14 6.4428e+14 6.4372e+14 6.4324e+14 6.4293e+14 6.4278e+14 6.4274e+14 6.4274e+14 6.4274e+14 6.4274e+14 6.4274e+14 6.4274e+14 6.4274e+14 6.4274e+14 6.4274e+14 6.4274e+14 6.4274e+14 6.4274e+14 6.4274e+14 6.4274e+14 6.4275e+14 6.4277e+14 6.4285e+14 6.4308e+14 6.4349e+14 6.4404e+14 6.4462e+14 6.4513e+14 6.455e+14 6.457e+14 6.4575e+14 6.4567e+14 6.4553e+14 6.4534e+14 6.4516e+14 6.4504e+14 6.4505e+14
4.8987 6.4453e+14 6.4468e+14 6.4486e+14 6.4504e+14 6.4521e+14 6.4534e+14 6.4541e+14 6.4537e+14 6.452e+14 6.449e+14 6.4446e+14 6.4395e+14 6.4346e+14 6.4308e+14 6.4285e+14 6.4276e+14 6.4274e+14 6.4274e+14 6.4274e+14 6.4274e+14 6.4274e+14 6.4274e+14 6.4274e+14 6.4274e+14 6.4274e+14 6.4274e+14 6.4274e+14 6.4274e+14 6.4274e+14 6.4274e+14 6.4274e+14 6.4276e+14 6.4281e+14 6.4296e+14 6.4327e+14 6.4373e+14 6.4425e+14 6.4475e+14 6.4514e+14 6.4539e+14 6.4549e+14 6.4547e+14 6.4536e+14 6.452e+14 6.4503e+14 6.4487e+14 6.4479e+14
5.1117 6.4445e+14 6.446e+14 6.4477e+14 6.4493e+14 6.4507e+14 6.4517e+14 6.4519e+14 6.4511e+14 6.4491e+14 6.4458e+14 6.4415e+14 6.4368e+14 6.4326e+14 6.4296e+14 6.4281e+14 6.4275e+14 6.4274e+14 6.4274e+14 6.4274e+14 6.4274e+14 6.4274e+14 6.4274e+14 6.4274e+14 6.4274e+14 6.4274e+14 6.4274e+14 6.4274e+14 6.4274e+14 6.4274e+14 6.4274e+14 6.4274e+14 6.4275e+14 6.4279e+14 6.4289e+14 6.4312e+14 6.4348e+14 6.4394e+14 6.4441e+14 6.4481e+14 6.4509e+14 6.4524e+14 6.4526e+14 6.452e+14 6.4507e+14 6.4491e+14 6.4476e+14 6.4463e+14
5.3247 6.4438e+14 6.4453e+14 6.4468e+14 6.4483e+14 6.4494e+14 6.45e+14 6.4498e+14 6.4486e+14 6.4463e+14 6.4429e+14 6.4388e+14 6.4346e+14 6.4311e+14 6.4289e+14 6.4278e+14 6.4274e+14 6.4274e+14 6.4274e+14 6.4274e+14 6.4274e+14 6.4274e+14 6.4274e+14 6.4274e+14 6.4274e+14 6.4274e+14 6.4274e+14 6.4274e+14 6.4274e+14 6.4274e+14 6.4274e+14 6.4274e+14 6.4275e+14 6.4277e+14 6.4284e+14 6.43e+14 6.433e+14 6.4369e+14 6.4412e+14 6.4452e+14 6.4482e+14 6.45e+14 6.4507e+14 6.4504e+14 6.4494e+14 6.4481e+14 6.4466e+14 6.4452e+14
5.5377 6.4432e+14 6.4446e+14 6.446e+14 6.4472e+14 6.4481e+14 6.4483e+14 6.4478e+14 6.4463e+14 6.4438e+14 6.4404e+14 6.4366e+14 6.4329e+14 6.4301e+14 6.4283e+14 6.4276e+14 6.4274e+14 6.4274e+14 6.4274e+14 6.4274e+14 6.4274e+14 6.4274e+14 6.4274e+14 6.4274e+14 6.4274e+14 6.4274e+14 6.4274e+14 6.4274e+14 6.4274e+14 6.4274e+14 6.4274e+14 6.4274e+14 6.4274e+14 6.4276e+14 6.4281e+14 6.4293e+14 6.4315e+14 6.4349e+14 6.4388e+14 6.4426e+14 6.4457e+14 6.4478e+14 6.4488e+14 6.4489e+14 6.4482e+14 6.4471e+14 6.4457e+14 6.4444e+14
5.7506 6.4426e+14 6.4439e+14 6.4452e+14 6.4462e+14 6.4468e+14 6.4467e+14 6.4459e+14 6.4442e+14 6.4416e+14 6.4383e+14 6.4347e+14 6.4316e+14 6.4293e+14 6.428e+14 6.4275e+14 6.4274e+14 6.4274e+14 6.4274e+14 6.4274e+14 6.4274e+14 6.4274e+14 6.4274e+14 6.4274e+14 6.4274e+14 6.4274e+14 6.4274e+14 6.4274e+14 6.4274e+14 6.4274e+14 6.4274e+14 6.4274e+14 6.4274e+14 6.4275e+14 6.4279e+14 6.4287e+14 6.4305e+14 6.4332e+14 6.4367e+14 6.4402e+14 6.4434e+14 6.4457e+14 6.447e+14 6.4474e+14 6.447e+14 6.4461e+14 6.4449e+14 6.4436e+14
5.9636 6.4421e+14 6.4433e+14 6.4443e+14 6.4451e+14 6.4455e+14 6.4452e+14 6.4441e+14 6.4422e+14 6.4396e+14 6.4364e+14 6.4332e+14 6.4305e+14 6.4287e+14 6.4278e+14 6.4274e+14 6.4274e+14 6.4274e+14 6.4274e+14 6.4274e+14 6.4274e+14 6.4274e+14 6.4274e+14 6.4274e+14 6.4274e+14 6.4274e+14 6.4274e+14 6.4274e+14 6.4274e+14 6.4274e+14 6.4274e+14 6.4274e+14 6.4274e+14 6.4275e+14 6.4277e+14 6.4283e+14 6.4297e+14 6.4319e+14 6.4349e+14 6.4382e+14 6.4413e+14 6.4437e+14 6.4453e+14 6.446e+14 6.4459e+14 6.4452e+14 6.4442e+14 6.443e+14
6.1766 6.4416e+14 6.4426e+14 6.4435e+14 6.4441e+14 6.4442e+14 6.4437e+14 6.4424e+14 6.4404e+14 6.4378e+14 6.4348e+14 6.432e+14 6.4297e+14 6.4283e+14 6.4276e+14 6.4274e+14 6.4274e+14 6.4274e+14 6.4274e+14 6.4274e+14 6.4274e+14 6.4274e+14 6.4274e+14 6.4274e+14 6.4274e+14 6.4274e+14 6.4274e+14 6.4274e+14 6.4274e+14 6.4274e+14 6.4274e+14 6.4274e+14 6.4274e+14 6.4274e+14 6.4276e+14 6.4281e+14 6.4291e+14 6.4309e+14 6.4334e+14 6.4364e+14 6.4394e+14 6.4419e+14 6.4437e+14 6.4446e+14 6.4447e+14 6.4443e+14 6.4434e+14 6.4424e+14
6.3896 6.441e+14 6.442e+14 6.4427e+14 6.4431e+14 6.443e+14 6.4423e+14 6.4409e+14 6.4388e+14 6.4362e+14 6.4335e+14 6.431e+14 6.4291e+14 6.428e+14 6.4275e+14 6.4274e+14 6.4274e+14 6.4274e+14 6.4274e+14 6.4274e+14 6.4274e+14 6.4274e+14 6.4274e+14 6.4274e+14 6.4274e+14 6.4274e+14 6.4274e+14 6.4274e+14 6.4274e+14 6.4274e+14 6.4274e+14 6.4274e+14 6.4274e+14 6.4274e+14 6.4275e+14 6.4279e+14 6.4286e+14 6.4301e+14 6.4322e+14 6.4349e+14 6.4377e+14 6.4402e+14 6.4421e+14 6.4432e+14 6.4436e+14 6.4434e+14 6.4427e+14 6.4418e+14
6.6026 6.4405e+14 6.4414e+14 6.4419e+14 6.4421e+14 6.4419e+14 6.441e+14 6.4394e+14 6.4373e+14 6.4348e+14 6.4323e+14 6.4302e+14 6.4287e+14 6.4278e+14 6.4275e+14 6.4274e+14 6.4274e+14 6.4274e+14 6.4274e+14 6.4274e+14 6.4274e+14 6.4274e+14 6.4274e+14 6.4274e+14 6.4274e+14 6.4274e+14 6.4274e+14 6.4274e+14 6.4274e+14 6.4274e+14 6.4274e+14 6.4274e+14 6.4274e+14 6.4274e+14 6.4275e+14 6.4277e+14 6.4283e+14 6.4295e+14 6.4313e+14 6.4336e+14 6.4362e+14 6.4387e+14 6.4406e+14 6.4419e+14 6.4425e+14 6.4425e+14 6.442e+14 6.4412e+14
6.8156 6.44e+14 6.4407e+14 6.4412e+14 6.4412e+14 6.4407e+14 6.4397e+14 6.4381e+14 6.436e+14 6.4337e+14 6.4314e+14 6.4296e+14 6.4283e+14 6.4277e+14 6.4274e+14 6.4274e+14 6.4274e+14 6.4274e+14 6.4274e+14 6.4274e+14 6.4274e+14 6.4274e+14 6.4274e+14 6.4274e+14 6.4274e+14 6.4274e+14 6.4274e+14 6.4274e+14 6.4274e+14 6.4274e+14 6.4274e+14 6.4274e+14 6.4274e+14 6.4274e+14 6.4274e+14 6.4276e+14 6.4281e+14 6.429e+14 6.4305e+14 6.4325e+14 6.4349e+14 6.4373e+14 6.4393e+14 6.4407e+14 6.4415e+14 6.4417e+14 6.4413e+14 6.4407e+14
7.0286 6.4395e+14 6.4401e+14 6.4404e+14 6.4403e+14 6.4397e+14 6.4385e+14 6.4369e+14 6.4348e+14 6.4327e+14 6.4306e+14 6.4291e+14 6.428e+14 6.4275e+14 6.4274e+14 6.4274e+14 6.4274e+14 6.4274e+14 6.4274e+14 6.4274e+14 6.4274e+14 6.4274e+14 6.4274e+14 6.4274e+14 6.4274e+14 6.4274e+14 6.4274e+14 6.4274e+14 6.4274e+14 6.4274e+14 6.4274e+14 6.4274e+14 6.4274e+14 6.4274e+14 6.4274e+14 6.4276e+14 6.4279e+14 6.4286e+14 6.4298e+14 6.4316e+14 6.4338e+14 6.436e+14 6.438e+14 6.4395e+14 6.4405e+14 6.4408e+14 6.4407e+14 6.4401e+14
7.2416 6.439e+14 6.4395e+14 6.4396e+14 6.4394e+14 6.4387e+14 6.4375e+14 6.4358e+14 6.4338e+14 6.4318e+14 6.43e+14 6.4286e+14 6.4278e+14 6.4275e+14 6.4274e+14 6.4274e+14 6.4274e+14 6.4274e+14 6.4274e+14 6.4274e+14 6.4274e+14 6.4274e+14 6.4274e+14 6.4274e+14 6.4274e+14 6.4274e+14 6.4274e+14 6.4274e+14 6.4274e+14 6.4274e+14 6.4274e+14 6.4274e+14 6.4274e+14 6.4274e+14 6.4274e+14 6.4275e+14 6.4278e+14 6.4284e+14 6.4294e+14 6.4309e+14 6.4328e+14 6.4349e+14 6.4369e+14 6.4384e+14 6.4395e+14 6.44e+14 6.44e+14 6.4396e+14
7.4545 6.4386e+14 6.4389e+14 6.4389e+14 6.4385e+14 6.4377e+14 6.4365e+14 6.4348e+14 6.4329e+14 6.4311e+14 6.4295e+14 6.4283e+14 6.4277e+14 6.4274e+14 6.4274e+14 6.4274e+14 6.4274e+14 6.4274e+14 6.4274e+14 6.4274e+14 6.4274e+14 6.4274e+14 6.4274e+14 6.4274e+14 6.4274e+14 6.4274e+14 6.4274e+14 6.4274e+14 6.4274e+14 6.4274e+14 6.4274e+14 6.4274e+14 6.4274e+14 6.4274e+14 6.4274e+14 6.4275e+14 6.4277e+14 6.4281e+14 6.429e+14 6.4302e+14 6.4319e+14 6.4339e+14 6.4358e+14 6.4374e+14 6.4386e+14 6.4392e+14 6.4393e+14 6.4391e+14
7.6675 6.4381e+14 6.4383e+14 6.4382e+14 6.4377e+14 6.4368e+14 6.4355e+14 6.4339e+14 6.4321e+14 6.4304e+14 6.429e+14 6.4281e+14 6.4276e+14 6.4274e+14 6.4274e+14 6.4274e+14 6.4274e+14 6.4274e+14 6.4274e+14 6.4274e+14 6.4274e+14 6.4274e+14 6.4274e+14 6.4274e+14 6.4274e+14 6.4274e+14 6.4274e+14 6.4274e+14 6.4274e+14 6.4274e+14 6.4274e+14 6.4274e+14 6.4274e+14 6.4274e+14 6.4274e+14 6.4274e+14 6.4276e+14 6.428e+14 6.4287e+14 6.4297e+14 6.4312e+14 6.433e+14 6.4348e+14 6.4364e+14 6.4377e+14 6.4384e+14 6.4387e+14 6.4386e+14
7.8805 6.4376e+14 6.4377e+14 6.4375e+14 6.437e+14 6.436e+14 6.4347e+14 6.4331e+14 6.4314e+14 6.4299e+14 6.4287e+14 6.4279e+14 6.4275e+14 6.4274e+14 6.4274e+14 6.4274e+14 6.4274e+14 6.4274e+14 6.4274e+14 6.4274e+14 6.4274e+14 6.4274e+14 6.4274e+14 6.4274e+14 6.4274e+14 6.4274e+14 6.4274e+14 6.4274e+14 6.4274e+14 6.4274e+14 6.4274e+14 6.4274e+14 6.4274e+14 6.4274e+14 6.4274e+14 6.4274e+14 6.4275e+14 6.4278e+14 6.4284e+14 6.4293e+14 6.4306e+14 6.4322e+14 6.4339e+14 6.4355e+14 6.4368e+14 6.4377e+14 6.438e+14 6.438e+14
8.0935 6.4371e+14 6.4372e+14 6.4369e+14 6.4363e+14 6.4353e+14 6.4339e+14 6.4324e+14 6.4308e+14 6.4294e+14 6.4284e+14 6.4277e+14 6.4275e+14 6.4274e+14 6.4274e+14 6.4274e+14 6.4274e+14 6.4274e+14 6.4274e+14 6.4274e+14 6.4274e+14 6.4274e+14 6.4274e+14 6.4274e+14 6.4274e+14 6.4274e+14 6.4274e+14 6.4274e+14 6.4274e+14 6.4274e+14 6.4274e+14 6.4274e+14 6.4274e+14 6.4274e+14 6.4274e+14 6.4274e+14 6.4275e+14 6.4277e+14 6.4282e+14 6.429e+14 6.4301e+14 6.4315e+14 6.4332e+14 6.4347e+14 6.436e+14 6.4369e+14 6.4374e+14 6.4375e+14
8.3065 6.4367e+14 6.4366e+14 6.4363e+14 6.4356e+14 6.4346e+14 6.4332e+14 6.4318e+14 6.4303e+14 6.429e+14 6.4281e+14 6.4276e+14 6.4274e+14 6.4274e+14 6.4274e+14 6.4274e+14 6.4274e+14 6.4274e+14 6.4274e+14 6.4274e+14 6.4274e+14 6.4274e+14 6.4274e+14 6.4274e+14 6.4274e+14 6.4274e+14 6.4274e+14 6.4274e+14 6.4274e+14 6.4274e+14 6.4274e+14 6.4274e+14 6.4274e+14 6.4274e+14 6.4274e+14 6.4274e+14 6.4274e+14 6.4276e+14 6.428e+14 6.4287e+14 6.4297e+14 6.431e+14 6.4324e+14 6.4339e+14 6.4353e+14 6.4362e+14 6.4368e+14 6.437e+14
8.5195 6.4362e+14 6.4361e+14 6.4357e+14 6.4349e+14 6.4339e+14 6.4326e+14 6.4312e+14 6.4298e+14 6.4287e+14 6.4279e+14 6.4276e+14 6.4274e+14 6.4274e+14 6.4274e+14 6.4274e+14 6.4274e+14 6.4274e+14 6.4274e+14 6.4274e+14 6.4274e+14 6.4274e+14 6.4274e+14 6.4274e+14 6.4274e+14 6.4274e+14 6.4274e+14 6.4274e+14 6.4274e+14 6.4274e+14 6.4274e+14 6.4274e+14 6.4274e+14 6.4274e+14 6.4274e+14 6.4274e+14 6.4274e+14 6.4276e+14 6.4279e+14 6.4285e+14 6.4293e+14 6.4304e+14 6.4318e+14 6.4332e+14 6.4345e+14 6.4356e+14 6.4362e+14 6.4365e+14
8.7325 6.4358e+14 6.4356e+14 6.4351e+14 6.4343e+14 6.4333e+14 6.432e+14 6.4307e+14 6.4294e+14 6.4284e+14 6.4278e+14 6.4275e+14 6.4274e+14 6.4274e+14 6.4274e+14 6.4274e+14 6.4274e+14 6.4274e+14 6.4274e+14 6.4274e+14 6.4274e+14 6.4274e+14 6.4274e+14 6.4274e+14 6.4274e+14 6.4274e+14 6.4274e+14 6.4274e+14 6.4274e+14 6.4274e+14 6.4274e+14 6.4274e+14 6.4274e+14 6.4274e+14 6.4274e+14 6.4274e+14 6.4274e+14 6.4275e+14 6.4278e+14 6.4283e+14 6.429e+14 6.43e+14 6.4313e+14 6.4326e+14 6.4339e+14 6.4349e+14 6.4357e+14 6.436e+14
8.9455 6.4354e+14 6.4351e+14 6.4346e+14 6.4338e+14 6.4327e+14 6.4315e+14 6.4302e+14 6.4291e+14 6.4282e+14 6.4277e+14 6.4275e+14 6.4274e+14 6.4274e+14 6.4274e+14 6.4274e+14 6.4274e+14 6.4274e+14 6.4274e+14 6.4274e+14 6.4274e+14 6.4274e+14 6.4274e+14 6.4274e+14 6.4274e+14 6.4274e+14 6.4274e+14 6.4274e+14 6.4274e+14 6.4274e+14 6.4274e+14 6.4274e+14 6.4274e+14 6.4274e+14 6.4274e+14 6.4274e+14 6.4274e+14 6.4275e+14 6.4277e+14 6.4281e+14 6.4288e+14 6.4296e+14 6.4308e+14 6.432e+14 6.4333e+14 6.4343e+14 6.4351e+14 6.4356e+14
9.1584 6.435e+14 6.4347e+14 6.4341e+14 6.4333e+14 6.4322e+14 6.431e+14 6.4298e+14 6.4288e+14 6.428e+14 6.4276e+14 6.4274e+14 6.4274e+14 6.4274e+14 6.4274e+14 6.4274e+14 6.4274e+14 6.4274e+14 6.4274e+14 6.4274e+14 6.4274e+14 6.4274e+14 6.4274e+14 6.4274e+14 6.4274e+14 6.4274e+14 6.4274e+14 6.4274e+14 6.4274e+14 6.4274e+14 6.4274e+14 6.4274e+14 6.4274e+14 6.4274e+14 6.4274e+14 6.4274e+14 6.4274e+14 6.4274e+14 6.4276e+14 6.428e+14 6.4285e+14 6.4293e+14 6.4303e+14 6.4315e+14 6.4327e+14 6.4338e+14 6.4346e+14 6.4351e+14
9.3714 6.4346e+14 6.4342e+14 6.4336e+14 6.4328e+14 6.4317e+14 6.4305e+14 6.4294e+14 6.4285e+14 6.4279e+14 6.4276e+14 6.4274e+14 6.4274e+14 6.4274e+14 6.4274e+14 6.4274e+14 6.4274e+14 6.4274e+14 6.4274e+14 6.4274e+14 6.4274e+14 6.4274e+14 6.4274e+14 6.4274e+14 6.4274e+14 6.4274e+14 6.4274e+14 6.4274e+14 6.4274e+14 6.4274e+14 6.4274e+14 6.4274e+14 6.4274e+14 6.4274e+14 6.4274e+14 6.4274e+14 6.4274e+14 6.4274e+14 6.4275e+14 6.4278e+14 6.4284e+14 6.4291e+14 6.43e+14 6.431e+14 6.4322e+14 6.4332e+14 6.4341e+14 6.4347e+14
9.5844 6.4342e+14 6.4338e+14 6.4332e+14 6.4323e+14 6.4312e+14 6.4301e+14 6.4291e+14 6.4283e+14 6.4278e+14 6.4275e+14 6.4274e+14 6.4274e+14 6.4274e+14 6.4274e+14 6.4274e+14 6.4274e+14 6.4274e+14 6.4274e+14 6.4274e+14 6.4274e+14 6.4274e+14 6.4274e+14 6.4274e+14 6.4274e+14 6.4274e+14 6.4274e+14 6.4274e+14 6.4274e+14 6.4274e+14 6.4274e+14 6.4274e+14 6.4274e+14 6.4274e+14 6.4274e+14 6.4274e+14 6.4274e+14 6.4274e+14 6.4275e+14 6.4277e+14 6.4282e+14 6.4288e+14 6.4296e+14 6.4306e+14 6.4317e+14 6.4327e+14 6.4336e+14 6.4342e+14
9.7974 6.4338e+14 6.4334e+14 6.4327e+14 6.4319e+14 6.4308e+14 6.4298e+14 6.4288e+14 6.4281e+14 6.4277e+14 6.4275e+14 6.4274e+14 6.4274e+14 6.4274e+14 6.4274e+14 6.4274e+14 6.4274e+14 6.4274e+14 6.4274e+14 6.4274e+14 6.4274e+14 6.4274e+14 6.4274e+14 6.4274e+14 6.4274e+14 6.4274e+14 6.4274e+14 6.4274e+14 6.4274e+14 6.4274e+14 6.4274e+14 6.4274e+14 6.4274e+14 6.4274e+14 6.4274e+14 6.4274e+14 6.4274e+14 6.4274e+14 6.4275e+14 6.4277e+14 6.428e+14 6.4286e+14 6.4294e+14 6.4303e+14 6.4313e+14 6.4323e+14 6.4331e+14 6.4338e+14
10.01 6.4335e+14 6.433e+14 6.4323e+14 6.4314e+14 6.4304e+14 6.4295e+14 6.4286e+14 6.428e+14 6.4276e+14 6.4274e+14 6.4274e+14 6.4274e+14 6.4274e+14 6.4274e+14 6.4274e+14 6.4274e+14 6.4274e+14 6.4274e+14 6.4274e+14 6.4274e+14 6.4274e+14 6.4274e+14 6.4274e+14 6.4274e+14 6.4274e+14 6.4274e+14 6.4274e+14 6.4274e+14 6.4274e+14 6.4274e+14 6.4274e+14 6.4274e+14 6.4274e+14 6.4274e+14 6.4274e+14 6.4274e+14 6.4274e+14 6.4274e+14 6.4276e+14 6.4279e+14 6.4284e+14 6.4291e+14 6.4299e+14 6.4309e+14 6.4318e+14 6.4327e+14 6.4334e+14
10.223 6.4332e+14 6.4327e+14 6.4319e+14 6.4311e+14 6.4301e+14 6.4292e+14 6.4284e+14 6.4279e+14 6.4276e+14 6.4274e+14 6.4274e+14 6.4274e+14 6.4274e+14 6.4274e+14 6.4274e+14 6.4274e+14 6.4274e+14 6.4274e+14 6.4274e+14 6.4274e+14 6.4274e+14 6.4274e+14 6.4274e+14 6.4274e+14 6.4274e+14 6.4274e+14 6.4274e+14 6.4274e+14 6.4274e+14 6.4274e+14 6.4274e+14 6.4274e+14 6.4274e+14 6.4274e+14 6.4274e+14 6.4274e+14 6.4274e+14 6.4274e+14 6.4275e+14 6.4278e+14 6.4283e+14 6.4289e+14 6.4297e+14 6.4305e+14 6.4314e+14 6.4323e+14 6.433e+14
10.436 6.4328e+14 6.4323e+14 6.4316e+14 6.4307e+14 6.4298e+14 6.4289e+14 6.4283e+14 6.4278e+14 6.4275e+14 6.4274e+14 6.4274e+14 6.4274e+14 6.4274e+14 6.4274e+14 6.4274e+14 6.4274e+14 6.4274e+14 6.4274e+14 6.4274e+14 6.4274e+14 6.4274e+14 6.4274e+14 6.4274e+14 6.4274e+14 6.4274e+14 6.4274e+14 6.4274e+14 6.4274e+14 6.4274e+14 6.4274e+14 6.4274e+14 6.4274e+14 6.4274e+14 6.4274e+14 6.4274e+14 6.4274e+14 6.4274e+14 6.4274e+14 6.4275e+14 6.4277e+14 6.4281e+14 6.4287e+14 6.4294e+14 6.4302e+14 6.4311e+14 6.4319e+14 6.4326e+14
10.649 6.4325e+14 6.432e+14 6.4312e+14 6.4304e+14 6.4295e+14 6.4287e+14 6.4281e+14 6.4277e+14 6.4275e+14 6.4274e+14 6.4274e+14 6.4274e+14 6.4274e+14 6.4274e+14 6.4274e+14 6.4274e+14 6.4274e+14 6.4274e+14 6.4274e+14 6.4274e+14 6.4274e+14 6.4274e+14 6.4274e+14 6.4274e+14 6.4274e+14 6.4274e+14 6.4274e+14 6.4274e+14 6.4274e+14 6.4274e+14 6.4274e+14 6.4274e+14 6.4274e+14 6.4274e+14 6.4274e+14 6.4274e+14 6.4274e+14 6.4274e+14 6.4275e+14 6.4277e+14 6.428e+14 6.4285e+14 6.4292e+14 6.4299e+14 6.4307e+14 6.4316e+14 6.4323e+14
10.862 6.4322e+14 6.4316e+14 6.4309e+14 6.4301e+14 6.4292e+14 6.4285e+14 6.428e+14 6.4276e+14 6.4275e+14 6.4274e+14 6.4274e+14 6.4274e+14 6.4274e+14 6.4274e+14 6.4274e+14 6.4274e+14 6.4274e+14 6.4274e+14 6.4274e+14 6.4274e+14 6.4274e+14 6.4274e+14 6.4274e+14 6.4274e+14 6.4274e+14 6.4274e+14 6.4274e+14 6.4274e+14 6.4274e+14 6.4274e+14 6.4274e+14 6.4274e+14 6.4274e+14 6.4274e+14 6.4274e+14 6.4274e+14 6.4274e+14 6.4274e+14 6.4274e+14 6.4276e+14 6.4279e+14 6.4284e+14 6.429e+14 6.4297e+14 6.4304e+14 6.4312e+14 6.4319e+14
11.075 6.4319e+14 6.4313e+14 6.4306e+14 6.4298e+14 6.429e+14 6.4284e+14 6.4279e+14 6.4276e+14 6.4274e+14 6.4274e+14 6.4274e+14 6.4274e+14 6.4274e+14 6.4274e+14 6.4274e+14 6.4274e+14 6.4274e+14 6.4274e+14 6.4274e+14 6.4274e+14 6.4274e+14 6.4274e+14 6.4274e+14 6.4274e+14 6.4274e+14 6.4274e+14 6.4274e+14 6.4274e+14 6.4274e+14 6.4274e+14 6.4274e+14 6.4274e+14 6.4274e+14 6.4274e+14 6.4274e+14 6.4274e+14 6.4274e+14 6.4274e+14 6.4274e+14 6.4276e+14 6.4278e+14 6.4282e+14 6.4288e+14 6.4294e+14 6.4302e+14 6.4309e+14 6.4316e+14
11.288 6.4316e+14 6.431e+14 6.4303e+14 6.4295e+14 6.4288e+14 6.4282e+14 6.4278e+14 6.4275e+14 6.4274e+14 6.4274e+14 6.4274e+14 6.4274e+14 6.4274e+14 6.4274e+14 6.4274e+14 6.4274e+14 6.4274e+14 6.4274e+14 6.4274e+14 6.4274e+14 6.4274e+14 6.4274e+14 6.4274e+14 6.4274e+14 6.4274e+14 6.4274e+14 6.4274e+14 6.4274e+14 6.4274e+14 6.4274e+14 6.4274e+14 6.4274e+14 6.4274e+14 6.4274e+14 6.4274e+14 6.4274e+14 6.4274e+14 6.4274e+14 6.4274e+14 6.4275e+14 6.4277e+14 6.4281e+14 6.4286e+14 6.4292e+14 6.4299e+14 6.4306e+14 6.4313e+14
11.501 6.4314e+14 6.4308e+14 6.43e+14 6.4293e+14 6.4286e+14 6.4281e+14 6.4277e+14 6.4275e+14 6.4274e+14 6.4274e+14 6.4274e+14 6.4274e+14 6.4274e+14 6.4274e+14 6.4274e+14 6.4274e+14 6.4274e+14 6.4274e+14 6.4274e+14 6.4274e+14 6.4274e+14 6.4274e+14 6.4274e+14 6.4274e+14 6.4274e+14 6.4274e+14 6.4274e+14 6.4274e+14 6.4274e+14 6.4274e+14 6.4274e+14 6.4274e+14 6.4274e+14 6.4274e+14 6.4274e+14 6.4274e+14 6.4274e+14 6.4274e+14 6.4274e+14 6.4275e+14 6.4277e+14 6.428e+14 6.4285e+14 6.429e+14 6.4297e+14 6.4304e+14 6.431e+14
11.714 6.4311e+14 6.4305e+14 6.4298e+14 6.4291e+14 6.4285e+14 6.428e+14 6.4277e+14 6.4275e+14 6.4274e+14 6.4274e+14 6.4274e+14 6.4274e+14 6.4274e+14 6.4274e+14 6.4274e+14 6.4274e+14 6.4274e+14 6.4274e+14 6.4274e+14 6.4274e+14 6.4274e+14 6.4274e+14 6.4274e+14 6.4274e+14 6.4274e+14 6.4274e+14 6.4274e+14 6.4274e+14 6.4274e+14 6.4274e+14 6.4274e+14 6.4274e+14 6.4274e+14 6.4274e+14 6.4274e+14 6.4274e+14 6.4274e+14 6.4274e+14 6.4274e+14 6.4275e+14 6.4276e+14 6.4279e+14 6.4283e+14 6.4289e+14 6.4295e+14 6.4301e+14 6.4308e+14
11.927 6.4309e+14 6.4303e+14 6.4296e+14 6.4289e+14 6.4283e+14 6.4279e+14 6.4276e+14 6.4274e+14 6.4274e+14 6.4274e+14 6.4274e+14 6.4274e+14 6.4274e+14 6.4274e+14 6.4274e+14 6.4274e+14 6.4274e+14 6.4274e+14 6.4274e+14 6.4274e+14 6.4274e+14 6.4274e+14 6.4274e+14 6.4274e+14 6.4274e+14 6.4274e+14 6.4274e+14 6.4274e+14 6.4274e+14 6.4274e+14 6.4274e+14 6.4274e+14 6.4274e+14 6.4274e+14 6.4274e+14 6.4274e+14 6.4274e+14 6.4274e+14 6.4274e+14 6.4274e+14 6.4276e+14 6.4278e+14 6.4282e+14 6.4287e+14 6.4293e+14 6.4299e+14 6.4305e+14
12.14 6.4306e+14 6.43e+14 6.4294e+14 6.4288e+14 6.4282e+14 6.4278e+14 6.4276e+14 6.4274e+14 6.4274e+14 6.4274e+14 6.4274e+14 6.4274e+14 6.4274e+14 6.4274e+14 6.4274e+14 6.4274e+14 6.4274e+14 6.4274e+14 6.4274e+14 6.4274e+14 6.4274e+14 6.4274e+14 6.4274e+14 6.4274e+14 6.4274e+14 6.4274e+14 6.4274e+14 6.4274e+14 6.4274e+14 6.4274e+14 6.4274e+14 6.4274e+14 6.4274e+14 6.4274e+14 6.4274e+14 6.4274e+14 6.4274e+14 6.4274e+14 6.4274e+14 6.4274e+14 6.4275e+14 6.4277e+14 6.4281e+14 6.4286e+14 6.4291e+14 6.4297e+14 6.4303e+14
12.353 6.4304e+14 6.4298e+14 6.4292e+14 6.4286e+14 6.4281e+14 6.4277e+14 6.4275e+14 6.4274e+14 6.4274e+14 6.4274e+14 6.4274e+14 6.4274e+14 6.4274e+14 6.4274e+14 6.4274e+14 6.4274e+14 6.4274e+14 6.4274e+14 6.4274e+14 6.4274e+14 6.4274e+14 6.4274e+14 6.4274e+14 6.4274e+14 6.4274e+14 6.4274e+14 6.4274e+14 6.4274e+14 6.4274e+14 6.4274e+14 6.4274e+14 6.4274e+14 6.4274e+14 6.4274e+14 6.4274e+14 6.4274e+14 6.4274e+14 6.4274e+14 6.4274e+14 6.4274e+14 6.4275e+14 6.4277e+14 6.428e+14 6.4284e+14 6.4289e+14 6.4295e+14 6.4301e+14
12.566 6.4302e+14 6.4296e+14 6.429e+14 6.4285e+14 6.428e+14 6.4277e+14 6.4275e+14 6.4274e+14 6.4274e+14 6.4274e+14 6.4274e+14 6.4274e+14 6.4274e+14 6.4274e+14 6.4274e+14 6.4274e+14 6.4274e+14 6.4274e+14 6.4274e+14 6.4274e+14 6.4274e+14 6.4274e+14 6.4274e+14 6.4274e+14 6.4274e+14 6.4274e+14 6.4274e+14 6.4274e+14 6.4274e+14 6.4274e+14 6.4274e+14 6.4274e+14 6.4274e+14 6.4274e+14 6.4274e+14 6.4274e+14 6.4274e+14 6.4274e+14 6.4274e+14 6.4274e+14 6.4275e+14 6.4276e+14 6.4279e+14 6.4283e+14 6.4288e+14 6.4293e+14 6.4299e+14
12.779 6.43e+14 6.4294e+14 6.4289e+14 6.4283e+14 6.4279e+14 6.4276e+14 6.4275e+14 6.4274e+14 6.4274e+14 6.4274e+14 6.4274e+14 6.4274e+14 6.4274e+14 6.4274e+14 6.4274e+14 6.4274e+14 6.4274e+14 6.4274e+14 6.4274e+14 6.4274e+14 6.4274e+14 6.4274e+14 6.4274e+14 6.4274e+14 6.4274e+14 6.4274e+14 6.4274e+14 6.4274e+14 6.4274e+14 6.4274e+14 6.4274e+14 6.4274e+14 6.4274e+14 6.4274e+14 6.4274e+14 6.4274e+14 6.4274e+14 6.4274e+14 6.4274e+14 6.4274e+14 6.4275e+14 6.4276e+14 6.4278e+14 6.4282e+14 6.4287e+14 6.4292e+14 6.4297e+14
12.992 6.4298e+14 6.4293e+14 6.4287e+14 6.4282e+14 6.4278e+14 6.4276e+14 6.4274e+14 6.4274e+14 6.4274e+14 6.4274e+14 6.4274e+14 6.4274e+14 6.4274e+14 6.4274e+14 6.4274e+14 6.4274e+14 6.4274e+14 6.4274e+14 6.4274e+14 6.4274e+14 6.4274e+14 6.4274e+14 6.4274e+14 6.4274e+14 6.4274e+14 6.4274e+14 6.4274e+14 6.4274e+14 6.4274e+14 6.4274e+14 6.4274e+14 6.4274e+14 6.4274e+14 6.4274e+14 6.4274e+14 6.4274e+14 6.4274e+14 6.4274e+14 6.4274e+14 6.4274e+14 6.4274e+14 6.4276e+14 6.4278e+14 6.4281e+14 6.4285e+14 6.429e+14 6.4295e+14
13.205 6.4296e+14 6.4291e+14 6.4286e+14 6.4281e+14 6.4278e+14 6.4275e+14 6.4274e+14 6.4274e+14 6.4274e+14 6.4274e+14 6.4274e+14 6.4274e+14 6.4274e+14 6.4274e+14 6.4274e+14 6.4274e+14 6.4274e+14 6.4274e+14 6.4274e+14 6.4274e+14 6.4274e+14 6.4274e+14 6.4274e+14 6.4274e+14 6.4274e+14 6.4274e+14 6.4274e+14 6.4274e+14 6.4274e+14 6.4274e+14 6.4274e+14 6.4274e+14 6.4274e+14 6.4274e+14 6.4274e+14 6.4274e+14 6.4274e+14 6.4274e+14 6.4274e+14 6.4274e+14 6.4274e+14 6.4275e+14 6.4277e+14 6.428e+14 6.4284e+14 6.4289e+14 6.4294e+14
13.418 6.4295e+14 6.429e+14 6.4285e+14 6.428e+14 6.4277e+14 6.4275e+14 6.4274e+14 6.4274e+14 6.4274e+14 6.4274e+14 6.4274e+14 6.4274e+14 6.4274e+14 6.4274e+14 6.4274e+14 6.4274e+14 6.4274e+14 6.4274e+14 6.4274e+14 6.4274e+14 6.4274e+14 6.4274e+14 6.4274e+14 6.4274e+14 6.4274e+14 6.4274e+14 6.4274e+14 6.4274e+14 6.4274e+14 6.4274e+14 6.4274e+14 6.4274e+14 6.4274e+14 6.4274e+14 6.4274e+14 6.4274e+14 6.4274e+14 6.4274e+14 6.4274e+14 6.4274e+14 6.4274e+14 6.4275e+14 6.4277e+14 6.4279e+14 6.4283e+14 6.4287e+14 6.4292e+14
13.631 6.4293e+14 6.4288e+14 6.4283e+14 6.4279e+14 6.4277e+14 6.4275e+14 6.4274e+14 6.4274e+14 6.4274e+14 6.4274e+14 6.4274e+14 6.4274e+14 6.4274e+14 6.4274e+14 6.4274e+14 6.4274e+14 6.4274e+14 6.4274e+14 6.4274e+14 6.4274e+14 6.4274e+14 6.4274e+14 6.4274e+14 6.4274e+14 6.4274e+14 6.4274e+14 6.4274e+14 6.4274e+14 6.4274e+14 6.4274e+14 6.4274e+14 6.4274e+14 6.4274e+14 6.4274e+14 6.4274e+14 6.4274e+14 6.4274e+14 6.4274e+14 6.4274e+14 6.4274e+14 6.4274e+14 6.4275e+14 6.4276e+14 6.4279e+14 6.4282e+14 6.4286e+14 6.4291e+14
13.844 6.4292e+14 6.4287e+14 6.4282e+14 6.4279e+14 6.4276e+14 6.4275e+14 6.4274e+14 6.4274e+14 6.4274e+14 6.4274e+14 6.4274e+14 6.4274e+14 6.4274e+14 6.4274e+14 6.4274e+14 6.4274e+14 6.4274e+14 6.4274e+14 6.4274e+14 6.4274e+14 6.4274e+14 6.4274e+14 6.4274e+14 6.4274e+14 6.4274e+14 6.4274e+14 6.4274e+14 6.4274e+14 6.4274e+14 6.4274e+14 6.4274e+14 6.4274e+14 6.4274e+14 6.4274e+14 6.4274e+14 6.4274e+14 6.4274e+14 6.4274e+14 6.4274e+14 6.4274e+14 6.4274e+14 6.4275e+14 6.4276e+14 6.4278e+14 6.4281e+14 6.4285e+14 6.429e+14
14.057 6.429e+14 6.4286e+14 6.4281e+14 6.4278e+14 6.4276e+14 6.4275e+14 6.4274e+14 6.4274e+14 6.4274e+14 6.4274e+14 6.4274e+14 6.4274e+14 6.4274e+14 6.4274e+14 6.4274e+14 6.4274e+14 6.4274e+14 6.4274e+14 6.4274e+14 6.4274e+14 6.4274e+14 6.4274e+14 6.4274e+14 6.4274e+14 6.4274e+14 6.4274e+14 6.4274e+14 6.4274e+14 6.4274e+14 6.4274e+14 6.4274e+14 6.4274e+14 6.4274e+14 6.4274e+14 6.4274e+14 6.4274e+14 6.4274e+14 6.4274e+14 6.4274e+14 6.4274e+14 6.4274e+14 6.4274e+14 6.4276e+14 6.4277e+14 6.428e+14 6.4284e+14 6.4288e+14
14.27 6.4289e+14 6.4285e+14 6.4281e+14 6.4278e+14 6.4276e+14 6.4274e+14 6.4274e+14 6.4274e+14 6.4274e+14 6.4274e+14 6.4274e+14 6.4274e+14 6.4274e+14 6.4274e+14 6.4274e+14 6.4274e+14 6.4274e+14 6.4274e+14 6.4274e+14 6.4274e+14 6.4274e+14 6.4274e+14 6.4274e+14 6.4274e+14 6.4274e+14 6.4274e+14 6.4274e+14 6.4274e+14 6.4274e+14 6.4274e+14 6.4274e+14 6.4274e+14 6.4274e+14 6.4274e+14 6.4274e+14 6.4274e+14 6.4274e+14 6.4274e+14 6.4274e+14 6.4274e+14 6.4274e+14 6.4274e+14 6.4275e+14 6.4277e+14 6.428e+14 6.4283e+14 6.4287e+14
14.483 6.4288e+14 6.4284e+14 6.428e+14 6.4277e+14 6.4275e+14 6.4274e+14 6.4274e+14 6.4274e+14 6.4274e+14 6.4274e+14 6.4274e+14 6.4274e+14 6.4274e+14 6.4274e+14 6.4274e+14 6.4274e+14 6.4274e+14 6.4274e+14 6.4274e+14 6.4274e+14 6.4274e+14 6.4274e+14 6.4274e+14 6.4274e+14 6.4274e+14 6.4274e+14 6.4274e+14 6.4274e+14 6.4274e+14 6.4274e+14 6.4274e+14 6.4274e+14 6.4274e+14 6.4274e+14 6.4274e+14 6.4274e+14 6.4274e+14 6.4274e+14 6.4274e+14 6.4274e+14 6.4274e+14 6.4274e+14 6.4275e+14 6.4277e+14 6.4279e+14 6.4282e+14 6.4286e+14
14.696 6.4287e+14 6.4283e+14 6.4279e+14 6.4277e+14 6.4275e+14 6.4274e+14 6.4274e+14 6.4274e+14 6.4274e+14 6.4274e+14 6.4274e+14 6.4274e+14 6.4274e+14 6.4274e+14 6.4274e+14 6.4274e+14 6.4274e+14 6.4274e+14 6.4274e+14 6.4274e+14 6.4274e+14 6.4274e+14 6.4274e+14 6.4274e+14 6.4274e+14 6.4274e+14 6.4274e+14 6.4274e+14 6.4274e+14 6.4274e+14 6.4274e+14 6.4274e+14 6.4274e+14 6.4274e+14 6.4274e+14 6.4274e+14 6.4274e+14 6.4274e+14 6.4274e+14 6.4274e+14 6.4274e+14 6.4274e+14 6.4275e+14 6.4276e+14 6.4278e+14 6.4281e+14 6.4285e+14
14.909 6.4286e+14 6.4282e+14 6.4279e+14 6.4276e+14 6.4275e+14 6.4274e+14 6.4274e+14 6.4274e+14 6.4274e+14 6.4274e+14 6.4274e+14 6.4274e+14 6.4274e+14 6.4274e+14 6.4274e+14 6.4274e+14 6.4274e+14 6.4274e+14 6.4274e+14 6.4274e+14 6.4274e+14 6.4274e+14 6.4274e+14 6.4274e+14 6.4274e+14 6.4274e+14 6.4274e+14 6.4274e+14 6.4274e+14 6.4274e+14 6.4274e+14 6.4274e+14 6.4274e+14 6.4274e+14 6.4274e+14 6.4274e+14 6.4274e+14 6.4274e+14 6.4274e+14 6.4274e+14 6.4274e+14 6.4274e+14 6.4275e+14 6.4276e+14 6.4278e+14 6.4281e+14 6.4284e+14
15.122 6.4285e+14 6.4281e+14 6.4278e+14 6.4276e+14 6.4275e+14 6.4274e+14 6.4274e+14 6.4274e+14 6.4274e+14 6.4274e+14 6.4274e+14 6.4274e+14 6.4274e+14 6.4274e+14 6.4274e+14 6.4274e+14 6.4274e+14 6.4274e+14 6.4274e+14 6.4274e+14 6.4274e+14 6.4274e+14 6.4274e+14 6.4274e+14 6.4274e+14 6.4274e+14 6.4274e+14 6.4274e+14 6.4274e+14 6.4274e+14 6.4274e+14 6.4274e+14 6.4274e+14 6.4274e+14 6.4274e+14 6.4274e+14 6.4274e+14 6.4274e+14 6.4274e+14 6.4274e+14 6.4274e+14 6.4274e+14 6.4274e+14 6.4276e+14 6.4277e+14 6.428e+14 6.4283e+14
15.335 6.4284e+14 6.428e+14 6.4277e+14 6.4276e+14 6.4274e+14 6.4274e+14 6.4274e+14 6.4274e+14 6.4274e+14 6.4274e+14 6.4274e+14 6.4274e+14 6.4274e+14 6.4274e+14 6.4274e+14 6.4274e+14 6.4274e+14 6.4274e+14 6.4274e+14 6.4274e+14 6.4274e+14 6.4274e+14 6.4274e+14 6.4274e+14 6.4274e+14 6.4274e+14 6.4274e+14 6.4274e+14 6.4274e+14 6.4274e+14 6.4274e+14 6.4274e+14 6.4274e+14 6.4274e+14 6.4274e+14 6.4274e+14 6.4274e+14 6.4274e+14 6.4274e+14 6.4274e+14 6.4274e+14 6.4274e+14 6.4274e+14 6.4275e+14 6.4277e+14 6.4279e+14 6.4282e+14
15.548 6.4283e+14 6.428e+14 6.4277e+14 6.4275e+14 6.4274e+14 6.4274e+14 6.4274e+14 6.4274e+14 6.4274e+14 6.4274e+14 6.4274e+14 6.4274e+14 6.4274e+14 6.4274e+14 6.4274e+14 6.4274e+14 6.4274e+14 6.4274e+14 6.4274e+14 6.4274e+14 6.4274e+14 6.4274e+14 6.4274e+14 6.4274e+14 6.4274e+14 6.4274e+14 6.4274e+14 6.4274e+14 6.4274e+14 6.4274e+14 6.4274e+14 6.4274e+14 6.4274e+14 6.4274e+14 6.4274e+14 6.4274e+14 6.4274e+14 6.4274e+14 6.4274e+14 6.4274e+14 6.4274e+14 6.4274e+14 6.4274e+14 6.4275e+14 6.4277e+14 6.4279e+14 6.4282e+14
15.761 6.4282e+14 6.4279e+14 6.4277e+14 6.4275e+14 6.4274e+14 6.4274e+14 6.4274e+14 6.4274e+14 6.4274e+14 6.4274e+14 6.4274e+14 6.4274e+14 6.4274e+14 6.4274e+14 6.4274e+14 6.4274e+14 6.4274e+14 6.4274e+14 6.4274e+14 6.4274e+14 6.4274e+14 6.4274e+14 6.4274e+14 6.4274e+14 6.4274e+14 6.4274e+14 6.4274e+14 6.4274e+14 6.4274e+14 6.4274e+14 6.4274e+14 6.4274e+14 6.4274e+14 6.4274e+14 6.4274e+14 6.4274e+14 6.4274e+14 6.4274e+14 6.4274e+14 6.4274e+14 6.4274e+14 6.4274e+14 6.4274e+14 6.4275e+14 6.4276e+14 6.4278e+14 6.4281e+14
15.974 6.4281e+14 6.4278e+14 6.4276e+14 6.4275e+14 6.4274e+14 6.4274e+14 6.4274e+14 6.4274e+14 6.4274e+14 6.4274e+14 6.4274e+14 6.4274e+14 6.4274e+14 6.4274e+14 6.4274e+14 6.4274e+14 6.4274e+14 6.4274e+14 6.4274e+14 6.4274e+14 6.4274e+14 6.4274e+14 6.4274e+14 6.4274e+14 6.4274e+14 6.4274e+14 6.4274e+14 6.4274e+14 6.4274e+14 6.4274e+14 6.4274e+14 6.4274e+14 6.4274e+14 6.4274e+14 6.4274e+14 6.4274e+14 6.4274e+14 6.4274e+14 6.4274e+14 6.4274e+14 6.4274e+14 6.4274e+14 6.4274e+14 6.4275e+14 6.4276e+14 6.4278e+14 6.428e+14
16.187 6.4281e+14 6.4278e+14 6.4276e+14 6.4275e+14 6.4274e+14 6.4274e+14 6.4274e+14 6.4274e+14 6.4274e+14 6.4274e+14 6.4274e+14 6.4274e+14 6.4274e+14 6.4274e+14 6.4274e+14 6.4274e+14 6.4274e+14 6.4274e+14 6.4274e+14 6.4274e+14 6.4274e+14 6.4274e+14 6.4274e+14 6.4274e+14 6.4274e+14 6.4274e+14 6.4274e+14 6.4274e+14 6.4274e+14 6.4274e+14 6.4274e+14 6.4274e+14 6.4274e+14 6.4274e+14 6.4274e+14 6.4274e+14 6.4274e+14 6.4274e+14 6.4274e+14 6.4274e+14 6.4274e+14 6.4274e+14 6.4274e+14 6.4275e+14 6.4276e+14 6.4277e+14 6.428e+14
16.4 6.428e+14 6.4278e+14 6.4276e+14 6.4275e+14 6.4274e+14 6.4274e+14 6.4274e+14 6.4274e+14 6.4274e+14 6.4274e+14 6.4274e+14 6.4274e+14 6.4274e+14 6.4274e+14 6.4274e+14 6.4274e+14 6.4274e+14 6.4274e+14 6.4274e+14 6.4274e+14 6.4274e+14 6.4274e+14 6.4274e+14 6.4274e+14 6.4274e+14 6.4274e+14 6.4274e+14 6.4274e+14 6.4274e+14 6.4274e+14 6.4274e+14 6.4274e+14 6.4274e+14 6.4274e+14 6.4274e+14 6.4274e+14 6.4274e+14 6.4274e+14 6.4274e+14 6.4274e+14 6.4274e+14 6.4274e+14 6.4274e+14 6.4274e+14 6.4275e+14 6.4277e+14 6.4279e+14
16.613 6.4279e+14 6.4277e+14 6.4275e+14 6.4274e+14 6.4274e+14 6.4274e+14 6.4274e+14 6.4274e+14 6.4274e+14 6.4274e+14 6.4274e+14 6.4274e+14 6.4274e+14 6.4274e+14 6.4274e+14 6.4274e+14 6.4274e+14 6.4274e+14 6.4274e+14 6.4274e+14 6.4274e+14 6.4274e+14 6.4274e+14 6.4274e+14 6.4274e+14 6.4274e+14 6.4274e+14 6.4274e+14 6.4274e+14 6.4274e+14 6.4274e+14 6.4274e+14 6.4274e+14 6.4274e+14 6.4274e+14 6.4274e+14 6.4274e+14 6.4274e+14 6.4274e+14 6.4274e+14 6.4274e+14 6.4274e+14 6.4274e+14 6.4274e+14 6.4275e+14 6.4277e+14 6.4279e+14
16.826 6.4279e+14 6.4277e+14 6.4275e+14 6.4274e+14 6.4274e+14 6.4274e+14 6.4274e+14 6.4274e+14 6.4274e+14 6.4274e+14 6.4274e+14 6.4274e+14 6.4274e+14 6.4274e+14 6.4274e+14 6.4274e+14 6.4274e+14 6.4274e+14 6.4274e+14 6.4274e+14 6.4274e+14 6.4274e+14 6.4274e+14 6.4274e+14 6.4274e+14 6.4274e+14 6.4274e+14 6.4274e+14 6.4274e+14 6.4274e+14 6.4274e+14 6.4274e+14 6.4274e+14 6.4274e+14 6.4274e+14 6.4274e+14 6.4274e+14 6.4274e+14 6.4274e+14 6.4274e+14 6.4274e+14 6.4274e+14 6.4274e+14 6.4274e+14 6.4275e+14 6.4276e+14 6.4278e+14
17.039 6.4278e+14 6.4276e+14 6.4275e+14 6.4274e+14 6.4274e+14 6.4274e+14 6.4274e+14 6.4274e+14 6.4274e+14 6.4274e+14 6.4274e+14 6.4274e+14 6.4274e+14 6.4274e+14 6.4274e+14 6.4274e+14 6.4274e+14 6.4274e+14 6.4274e+14 6.4274e+14 6.4274e+14 6.4274e+14 6.4274e+14 6.4274e+14 6.4274e+14 6.4274e+14 6.4274e+14 6.4274e+14 6.4274e+14 6.4274e+14 6.4274e+14 6.4274e+14 6.4274e+14 6.4274e+14 6.4274e+14 6.4274e+14 6.4274e+14 6.4274e+14 6.4274e+14 6.4274e+14 6.4274e+14 6.4274e+14 6.4274e+14 6.4274e+14 6.4275e+14 6.4276e+14 6.4278e+14
17.252 6.4278e+14 6.4276e+14 6.4275e+14 6.4274e+14 6.4274e+14 6.4274e+14 6.4274e+14 6.4274e+14 6.4274e+14 6.4274e+14 6.4274e+14 6.4274e+14 6.4274e+14 6.4274e+14 6.4274e+14 6.4274e+14 6.4274e+14 6.4274e+14 6.4274e+14 6.4274e+14 6.4274e+14 6.4274e+14 6.4274e+14 6.4274e+14 6.4274e+14 6.4274e+14 6.4274e+14 6.4274e+14 6.4274e+14 6.4274e+14 6.4274e+14 6.4274e+14 6.4274e+14 6.4274e+14 6.4274e+14 6.4274e+14 6.4274e+14 6.4274e+14 6.4274e+14 6.4274e+14 6.4274e+14 6.4274e+14 6.4274e+14 6.4274e+14 6.4275e+14 6.4276e+14 6.4277e+14
17.465 6.4278e+14 6.4276e+14 6.4275e+14 6.4274e+14 6.4274e+14 6.4274e+14 6.4274e+14 6.4274e+14 6.4274e+14 6.4274e+14 6.4274e+14 6.4274e+14 6.4274e+14 6.4274e+14 6.4274e+14 6.4274e+14 6.4274e+14 6.4274e+14 6.4274e+14 6.4274e+14 6.4274e+14 6.4274e+14 6.4274e+14 6.4274e+14 6.4274e+14 6.4274e+14 6.4274e+14 6.4274e+14 6.4274e+14 6.4274e+14 6.4274e+14 6.4274e+14 6.4274e+14 6.4274e+14 6.4274e+14 6.4274e+14 6.4274e+14 6.4274e+14 6.4274e+14 6.4274e+14 6.4274e+14 6.4274e+14 6.4274e+14 6.4274e+14 6.4275e+14 6.4276e+14 6.4277e+14
17.678 6.4277e+14 6.4276e+14 6.4275e+14 6.4274e+14 6.4274e+14 6.4274e+14 6.4274e+14 6.4274e+14 6.4274e+14 6.4274e+14 6.4274e+14 6.4274e+14 6.4274e+14 6.4274e+14 6.4274e+14 6.4274e+14 6.4274e+14 6.4274e+14 6.4274e+14 6.4274e+14 6.4274e+14 6.4274e+14 6.4274e+14 6.4274e+14 6.4274e+14 6.4274e+14 6.4274e+14 6.4274e+14 6.4274e+14 6.4274e+14 6.4274e+14 6.4274e+14 6.4274e+14 6.4274e+14 6.4274e+14 6.4274e+14 6.4274e+14 6.4274e+14 6.4274e+14 6.4274e+14 6.4274e+14 6.4274e+14 6.4274e+14 6.4274e+14 6.4274e+14 6.4275e+14 6.4277e+14
17.891 6.4277e+14 6.4275e+14 6.4274e+14 6.4274e+14 6.4274e+14 6.4274e+14 6.4274e+14 6.4274e+14 6.4274e+14 6.4274e+14 6.4274e+14 6.4274e+14 6.4274e+14 6.4274e+14 6.4274e+14 6.4274e+14 6.4274e+14 6.4274e+14 6.4274e+14 6.4274e+14 6.4274e+14 6.4274e+14 6.4274e+14 6.4274e+14 6.4274e+14 6.4274e+14 6.4274e+14 6.4274e+14 6.4274e+14 6.4274e+14 6.4274e+14 6.4274e+14 6.4274e+14 6.4274e+14 6.4274e+14 6.4274e+14 6.4274e+14 6.4274e+14 6.4274e+14 6.4274e+14 6.4274e+14 6.4274e+14 6.4274e+14 6.4274e+14 6.4274e+14 6.4275e+14 6.4276e+14
18.104 6.4277e+14 6.4275e+14 6.4274e+14 6.4274e+14 6.4274e+14 6.4274e+14 6.4274e+14 6.4274e+14 6.4274e+14 6.4274e+14 6.4274e+14 6.4274e+14 6.4274e+14 6.4274e+14 6.4274e+14 6.4274e+14 6.4274e+14 6.4274e+14 6.4274e+14 6.4274e+14 6.4274e+14 6.4274e+14 6.4274e+14 6.4274e+14 6.4274e+14 6.4274e+14 6.4274e+14 6.4274e+14 6.4274e+14 6.4274e+14 6.4274e+14 6.4274e+14 6.4274e+14 6.4274e+14 6.4274e+14 6.4274e+14 6.4274e+14 6.4274e+14 6.4274e+14 6.4274e+14 6.4274e+14 6.4274e+14 6.4274e+14 6.4274e+14 6.4274e+14 6.4275e+14 6.4276e+14
18.317 6.4276e+14 6.4275e+14 6.4274e+14 6.4274e+14 6.4274e+14 6.4274e+14 6.4274e+14 6.4274e+14 6.4274e+14 6.4274e+14 6.4274e+14 6.4274e+14 6.4274e+14 6.4274e+14 6.4274e+14 6.4274e+14 6.4274e+14 6.4274e+14 6.4274e+14 6.4274e+14 6.4274e+14 6.4274e+14 6.4274e+14 6.4274e+14 6.4274e+14 6.4274e+14 6.4274e+14 6.4274e+14 6.4274e+14 6.4274e+14 6.4274e+14 6.4274e+14 6.4274e+14 6.4274e+14 6.4274e+14 6.4274e+14 6.4274e+14 6.4274e+14 6.4274e+14 6.4274e+14 6.4274e+14 6.4274e+14 6.4274e+14 6.4274e+14 6.4274e+14 6.4275e+14 6.4276e+14
18.53 6.4276e+14 6.4275e+14 6.4274e+14 6.4274e+14 6.4274e+14 6.4274e+14 6.4274e+14 6.4274e+14 6.4274e+14 6.4274e+14 6.4274e+14 6.4274e+14 6.4274e+14 6.4274e+14 6.4274e+14 6.4274e+14 6.4274e+14 6.4274e+14 6.4274e+14 6.4274e+14 6.4274e+14 6.4274e+14 6.4274e+14 6.4274e+14 6.4274e+14 6.4274e+14 6.4274e+14 6.4274e+14 6.4274e+14 6.4274e+14 6.4274e+14 6.4274e+14 6.4274e+14 6.4274e+14 6.4274e+14 6.4274e+14 6.4274e+14 6.4274e+14 6.4274e+14 6.4274e+14 6.4274e+14 6.4274e+14 6.4274e+14 6.4274e+14 6.4274e+14 6.4275e+14 6.4276e+14
18.743 6.4276e+14 6.4275e+14 6.4274e+14 6.4274e+14 6.4274e+14 6.4274e+14 6.4274e+14 6.4274e+14 6.4274e+14 6.4274e+14 6.4274e+14 6.4274e+14 6.4274e+14 6.4274e+14 6.4274e+14 6.4274e+14 6.4274e+14 6.4274e+14 6.4274e+14 6.4274e+14 6.4274e+14 6.4274e+14 6.4274e+14 6.4274e+14 6.4274e+14 6.4274e+14 6.4274e+14 6.4274e+14 6.4274e+14 6.4274e+14 6.4274e+14 6.4274e+14 6.4274e+14 6.4274e+14 6.4274e+14 6.4274e+14 6.4274e+14 6.4274e+14 6.4274e+14 6.4274e+14 6.4274e+14 6.4274e+14 6.4274e+14 6.4274e+14 6.4274e+14 6.4275e+14 6.4276e+14
18.956 6.4276e+14 6.4275e+14 6.4274e+14 6.4274e+14 6.4274e+14 6.4274e+14 6.4274e+14 6.4274e+14 6.4274e+14 6.4274e+14 6.4274e+14 6.4274e+14 6.4274e+14 6.4274e+14 6.4274e+14 6.4274e+14 6.4274e+14 6.4274e+14 6.4274e+14 6.4274e+14 6.4274e+14 6.4274e+14 6.4274e+14 6.4274e+14 6.4274e+14 6.4274e+14 6.4274e+14 6.4274e+14 6.4274e+14 6.4274e+14 6.4274e+14 6.4274e+14 6.4274e+14 6.4274e+14 6.4274e+14 6.4274e+14 6.4274e+14 6.4274e+14 6.4274e+14 6.4274e+14 6.4274e+14 6.4274e+14 6.4274e+14 6.4274e+14 6.4274e+14 6.4274e+14 6.4275e+14
19.169 6.4275e+14 6.4274e+14 6.4274e+14 6.4274e+14 6.4274e+14 6.4274e+14 6.4274e+14 6.4274e+14 6.4274e+14 6.4274e+14 6.4274e+14 6.4274e+14 6.4274e+14 6.4274e+14 6.4274e+14 6.4274e+14 6.4274e+14 6.4274e+14 6.4274e+14 6.4274e+14 6.4274e+14 6.4274e+14 6.4274e+14 6.4274e+14 6.4274e+14 6.4274e+14 6.4274e+14 6.4274e+14 6.4274e+14 6.4274e+14 6.4274e+14 6.4274e+14 6.4274e+14 6.4274e+14 6.4274e+14 6.4274e+14 6.4274e+14 6.4274e+14 6.4274e+14 6.4274e+14 6.4274e+14 6.4274e+14 6.4274e+14 6.4274e+14 6.4274e+14 6.4274e+14 6.4275e+14
19.382 6.4275e+14 6.4274e+14 6.4274e+14 6.4274e+14 6.4274e+14 6.4274e+14 6.4274e+14 6.4274e+14 6.4274e+14 6.4274e+14 6.4274e+14 6.4274e+14 6.4274e+14 6.4274e+14 6.4274e+14 6.4274e+14 6.4274e+14 6.4274e+14 6.4274e+14 6.4274e+14 6.4274e+14 6.4274e+14 6.4274e+14 6.4274e+14 6.4274e+14 6.4274e+14 6.4274e+14 6.4274e+14 6.4274e+14 6.4274e+14 6.4274e+14 6.4274e+14 6.4274e+14 6.4274e+14 6.4274e+14 6.4274e+14 6.4274e+14 6.4274e+14 6.4274e+14 6.4274e+14 6.4274e+14 6.4274e+14 6.4274e+14 6.4274e+14 6.4274e+14 6.4274e+14 6.4275e+14
19.595 6.4275e+14 6.4274e+14 6.4274e+14 6.4274e+14 6.4274e+14 6.4274e+14 6.4274e+14 6.4274e+14 6.4274e+14 6.4274e+14 6.4274e+14 6.4274e+14 6.4274e+14 6.4274e+14 6.4274e+14 6.4274e+14 6.4274e+14 6.4274e+14 6.4274e+14 6.4274e+14 6.4274e+14 6.4274e+14 6.4274e+14 6.4274e+14 6.4274e+14 6.4274e+14 6.4274e+14 6.4274e+14 6.4274e+14 6.4274e+14 6.4274e+14 6.4274e+14 6.4274e+14 6.4274e+14 6.4274e+14 6.4274e+14 6.4274e+14 6.4274e+14 6.4274e+14 6.4274e+14 6.4274e+14 6.4274e+14 6.4274e+14 6.4274e+14 6.4274e+14 6.4274e+14 6.4275e+14
19.808 6.4275e+14 6.4274e+14 6.4274e+14 6.4274e+14 6.4274e+14 6.4274e+14 6.4274e+14 6.4274e+14 6.4274e+14 6.4274e+14 6.4274e+14 6.4274e+14 6.4274e+14 6.4274e+14 6.4274e+14 6.4274e+14 6.4274e+14 6.4274e+14 6.4274e+14 6.4274e+14 6.4274e+14 6.4274e+14 6.4274e+14 6.4274e+14 6.4274e+14 6.4274e+14 6.4274e+14 6.4274e+14 6.4274e+14 6.4274e+14 6.4274e+14 6.4274e+14 6.4274e+14 6.4274e+14 6.4274e+14 6.4274e+14 6.4274e+14 6.4274e+14 6.4274e+14 6.4274e+14 6.4274e+14 6.4274e+14 6.4274e+14 6.4274e+14 6.4274e+14 6.4274e+14 6.4275e+14
20.021 6.4275e+14 6.4274e+14 6.4274e+14 6.4274e+14 6.4274e+14 6.4274e+14 6.4274e+14 6.4274e+14 6.4274e+14 6.4274e+14 6.4274e+14 6.4274e+14 6.4274e+14 6.4274e+14 6.4274e+14 6.4274e+14 6.4274e+14 6.4274e+14 6.4274e+14 6.4274e+14 6.4274e+14 6.4274e+14 6.4274e+14 6.4274e+14 6.4274e+14 6.4274e+14 6.4274e+14 6.4274e+14 6.4274e+14 6.4274e+14 6.4274e+14 6.4274e+14 6.4274e+14 6.4274e+14 6.4274e+14 6.4274e+14 6.4274e+14 6.4274e+14 6.4274e+14 6.4274e+14 6.4274e+14 6.4274e+14 6.4274e+14 6.4274e+14 6.4274e+14 6.4274e+14 6.4275e+14
20.234 6.4275e+14 6.4274e+14 6.4274e+14 6.4274e+14 6.4274e+14 6.4274e+14 6.4274e+14 6.4274e+14 6.4274e+14 6.4274e+14 6.4274e+14 6.4274e+14 6.4274e+14 6.4274e+14 6.4274e+14 6.4274e+14 6.4274e+14 6.4274e+14 6.4274e+14 6.4274e+14 6.4274e+14 6.4274e+14 6.4274e+14 6.4274e+14 6.4274e+14 6.4274e+14 6.4274e+14 6.4274e+14 6.4274e+14 6.4274e+14 6.4274e+14 6.4274e+14 6.4274e+14 6.4274e+14 6.4274e+14 6.4274e+14 6.4274e+14 6.4274e+14 6.4274e+14 6.4274e+14 6.4274e+14 6.4274e+14 6.4274e+14 6.4274e+14 6.4274e+14 6.4274e+14 6.4275e+14
20.447 6.4275e+14 6.4274e+14 6.4274e+14 6.4274e+14 6.4274e+14 6.4274e+14 6.4274e+14 6.4274e+14 6.4274e+14 6.4274e+14 6.4274e+14 6.4274e+14 6.4274e+14 6.4274e+14 6.4274e+14 6.4274e+14 6.4274e+14 6.4274e+14 6.4274e+14 6.4274e+14 6.4274e+14 6.4274e+14 6.4274e+14 6.4274e+14 6.4274e+14 6.4274e+14 6.4274e+14 6.4274e+14 6.4274e+14 6.4274e+14 6.4274e+14 6.4274e+14 6.4274e+14 6.4274e+14 6.4274e+14 6.4274e+14 6.4274e+14 6.4274e+14 6.4274e+14 6.4274e+14 6.4274e+14 6.4274e+14 6.4274e+14 6.4274e+14 6.4274e+14 6.4274e+14 6.4274e+14
20.66 6.4274e+14 6.4274e+14 6.4274e+14 6.4274e+14 6.4274e+14 6.4274e+14 6.4274e+14 6.4274e+14 6.4274e+14 6.4274e+14 6.4274e+14 6.4274e+14 6.4274e+14 6.4274e+14 6.4274e+14 6.4274e+14 6.4274e+14 6.4274e+14 6.4274e+14 6.4274e+14 6.4274e+14 6.4274e+14 6.4274e+14 6.4274e+14 6.4274e+14 6.4274e+14 6.4274e+14 6.4274e+14 6.4274e+14 6.4274e+14 6.4274e+14 6.4274e+14 6.4274e+14 6.4274e+14 6.4274e+14 6.4274e+14 6.4274e+14 6.4274e+14 6.4274e+14 6.4274e+14 6.4274e+14 6.4274e+14 6.4274e+14 6.4274e+14 6.4274e+14 6.4274e+14 6.4274e+14
20.873 6.4274e+14 6.4274e+14 6.4274e+14 6.4274e+14 6.4274e+14 6.4274e+14 6.4274e+14 6.4274e+14 6.4274e+14 6.4274e+14 6.4274e+14 6.4274e+14 6.4274e+14 6.4274e+14 6.4274e+14 6.4274e+14 6.4274e+14 6.4274e+14 6.4274e+14 6.4274e+14 6.4274e+14 6.4274e+14 6.4274e+14 6.4274e+14 6.4274e+14 6.4274e+14 6.4274e+14 6.4274e+14 6.4274e+14 6.4274e+14 6.4274e+14 6.4274e+14 6.4274e+14 6.4274e+14 6.4274e+14 6.4274e+14 6.4274e+14 6.4274e+14 6.4274e+14 6.4274e+14 6.4274e+14 6.4274e+14 6.4274e+14 6.4274e+14 6.4274e+14 6.4274e+14 6.4274e+14
21.086 6.4274e+14 6.4274e+14 6.4274e+14 6.4274e+14 6.4274e+14 6.4274e+14 6.4274e+14 6.4274e+14 6.4274e+14 6.4274e+14 6.4274e+14 6.4274e+14 6.4274e+14 6.4274e+14 6.4274e+14 6.4274e+14 6.4274e+14 6.4274e+14 6.4274e+14 6.4274e+14 6.4274e+14 6.4274e+14 6.4274e+14 6.4274e+14 6.4274e+14 6.4274e+14 6.4274e+14 6.4274e+14 6.4274e+14 6.4274e+14 6.4274e+14 6.4274e+14 6.4274e+14 6.4274e+14 6.4274e+14 6.4274e+14 6.4274e+14 6.4274e+14 6.4274e+14 6.4274e+14 6.4274e+14 6.4274e+14 6.4274e+14 6.4274e+14 6.4274e+14 6.4274e+14 6.4274e+14
21.299 6.4274e+14 6.4274e+14 6.4274e+14 6.4274e+14 6.4274e+14 6.4274e+14 6.4274e+14 6.4274e+14 6.4274e+14 6.4274e+14 6.4274e+14 6.4274e+14 6.4274e+14 6.4274e+14 6.4274e+14 6.4274e+14 6.4274e+14 6.4274e+14 6.4274e+14 6.4274e+14 6.4274e+14 6.4274e+14 6.4274e+14 6.4274e+14 6.4274e+14 6.4274e+14 6.4274e+14 6.4274e+14 6.4274e+14 6.4274e+14 6.4274e+14 6.4274e+14 6.4274e+14 6.4274e+14 6.4274e+14 6.4274e+14 6.4274e+14 6.4274e+14 6.4274e+14 6.4274e+14 6.4274e+14 6.4274e+14 6.4274e+14 6.4274e+14 6.4274e+14 6.4274e+14 6.4274e+14
21.512 6.4274e+14 6.4274e+14 6.4274e+14 6.4274e+14 6.4274e+14 6.4274e+14 6.4274e+14 6.4274e+14 6.4274e+14 6.4274e+14 6.4274e+14 6.4274e+14 6.4274e+14 6.4274e+14 6.4274e+14 6.4274e+14 6.4274e+14 6.4274e+14 6.4274e+14 6.4274e+14 6.4274e+14 6.4274e+14 6.4274e+14 6.4274e+14 6.4274e+14 6.4274e+14 6.4274e+14 6.4274e+14 6.4274e+14 6.4274e+14 6.4274e+14 6.4274e+14 6.4274e+14 6.4274e+14 6.4274e+14 6.4274e+14 6.4274e+14 6.4274e+14 6.4274e+14 6.4274e+14 6.4274e+14 6.4274e+14 6.4274e+14 6.4274e+14 6.4274e+14 6.4274e+14 6.4274e+14
21.725 6.4274e+14 6.4274e+14 6.4274e+14 6.4274e+14 6.4274e+14 6.4274e+14 6.4274e+14 6.4274e+14 6.4274e+14 6.4274e+14 6.4274e+14 6.4274e+14 6.4274e+14 6.4274e+14 6.4274e+14 6.4274e+14 6.4274e+14 6.4274e+14 6.4274e+14 6.4274e+14 6.4274e+14 6.4274e+14 6.4274e+14 6.4274e+14 6.4274e+14 6.4274e+14 6.4274e+14 6.4274e+14 6.4274e+14 6.4274e+14 6.4274e+14 6.4274e+14 6.4274e+14 6.4274e+14 6.4274e+14 6.4274e+14 6.4274e+14 6.4274e+14 6.4274e+14 6.4274e+14 6.4274e+14 6.4274e+14 6.4274e+14 6.4274e+14 6.4274e+14 6.4274e+14 6.4274e+14
21.938 6.4274e+14 6.4274e+14 6.4274e+14 6.4274e+14 6.4274e+14 6.4274e+14 6.4274e+14 6.4274e+14 6.4274e+14 6.4274e+14 6.4274e+14 6.4274e+14 6.4274e+14 6.4274e+14 6.4274e+14 6.4274e+14 6.4274e+14 6.4274e+14 6.4274e+14 6.4274e+14 6.4274e+14 6.4274e+14 6.4274e+14 6.4274e+14 6.4274e+14 6.4274e+14 6.4274e+14 6.4274e+14 6.4274e+14 6.4274e+14 6.4274e+14 6.4274e+14 6.4274e+14 6.4274e+14 6.4274e+14 6.4274e+14 6.4274e+14 6.4274e+14 6.4274e+14 6.4274e+14 6.4274e+14 6.4274e+14 6.4274e+14 6.4274e+14 6.4274e+14 6.4274e+14 6.4274e+14
22.151 6.4274e+14 6.4274e+14 6.4274e+14 6.4274e+14 6.4274e+14 6.4274e+14 6.4274e+14 6.4274e+14 6.4274e+14 6.4274e+14 6.4274e+14 6.4274e+14 6.4274e+14 6.4274e+14 6.4274e+14 6.4274e+14 6.4274e+14 6.4274e+14 6.4274e+14 6.4274e+14 6.4274e+14 6.4274e+14 6.4274e+14 6.4274e+14 6.4274e+14 6.4274e+14 6.4274e+14 6.4274e+14 6.4274e+14 6.4274e+14 6.4274e+14 6.4274e+14 6.4274e+14 6.4274e+14 6.4274e+14 6.4274e+14 6.4274e+14 6.4274e+14 6.4274e+14 6.4274e+14 6.4274e+14 6.4274e+14 6.4274e+14 6.4274e+14 6.4274e+14 6.4274e+14 6.4274e+14
22.364 6.4274e+14 6.4274e+14 6.4274e+14 6.4274e+14 6.4274e+14 6.4274e+14 6.4274e+14 6.4274e+14 6.4274e+14 6.4274e+14 6.4274e+14 6.4274e+14 6.4274e+14 6.4274e+14 6.4274e+14 6.4274e+14 6.4274e+14 6.4274e+14 6.4274e+14 6.4274e+14 6.4274e+14 6.4274e+14 6.4274e+14 6.4274e+14 6.4274e+14 6.4274e+14 6.4274e+14 6.4274e+14 6.4274e+14 6.4274e+14 6.4274e+14 6.4274e+14 6.4274e+14 6.4274e+14 6.4274e+14 6.4274e+14 6.4274e+14 6.4274e+14 6.4274e+14 6.4274e+14 6.4274e+14 6.4274e+14 6.4274e+14 6.4274e+14 6.4274e+14 6.4274e+14 6.4274e+14
22.577 6.4274e+14 6.4274e+14 6.4274e+14 6.4274e+14 6.4274e+14 6.4274e+14 6.4274e+14 6.4274e+14 6.4274e+14 6.4274e+14 6.4274e+14 6.4274e+14 6.4274e+14 6.4274e+14 6.4274e+14 6.4274e+14 6.4274e+14 6.4274e+14 6.4274e+14 6.4274e+14 6.4274e+14 6.4274e+14 6.4274e+14 6.4274e+14 6.4274e+14 6.4274e+14 6.4274e+14 6.4274e+14 6.4274e+14 6.4274e+14 6.4274e+14 6.4274e+14 6.4274e+14 6.4274e+14 6.4274e+14 6.4274e+14 6.4274e+14 6.4274e+14 6.4274e+14 6.4274e+14 6.4274e+14 6.4274e+14 6.4274e+14 6.4274e+14 6.4274e+14 6.4274e+14 6.4274e+14
22.79 6.4274e+14 6.4274e+14 6.4274e+14 6.4274e+14 6.4274e+14 6.4274e+14 6.4274e+14 6.4274e+14 6.4274e+14 6.4274e+14 6.4274e+14 6.4274e+14 6.4274e+14 6.4274e+14 6.4274e+14 6.4274e+14 6.4274e+14 6.4274e+14 6.4274e+14 6.4274e+14 6.4274e+14 6.4274e+14 6.4274e+14 6.4274e+14 6.4274e+14 6.4274e+14 6.4274e+14 6.4274e+14 6.4274e+14 6.4274e+14 6.4274e+14 6.4274e+14 6.4274e+14 6.4274e+14 6.4274e+14 6.4274e+14 6.4274e+14 6.4274e+14 6.4274e+14 6.4274e+14 6.4274e+14 6.4274e+14 6.4274e+14 6.4274e+14 6.4274e+14 6.4274e+14 6.4274e+14
23.003 6.4274e+14 6.4274e+14 6.4274e+14 6.4274e+14 6.4274e+14 6.4274e+14 6.4274e+14 6.4274e+14 6.4274e+14 6.4274e+14 6.4274e+14 6.4274e+14 6.4274e+14 6.4274e+14 6.4274e+14 6.4274e+14 6.4274e+14 6.4274e+14 6.4274e+14 6.4274e+14 6.4274e+14 6.4274e+14 6.4274e+14 6.4274e+14 6.4274e+14 6.4274e+14 6.4274e+14 6.4274e+14 6.4274e+14 6.4274e+14 6.4274e+14 6.4274e+14 6.4274e+14 6.4274e+14 6.4274e+14 6.4274e+14 6.4274e+14 6.4274e+14 6.4274e+14 6.4274e+14 6.4274e+14 6.4274e+14 6.4274e+14 6.4274e+14 6.4274e+14 6.4274e+14 6.4274e+14
23.216 6.4274e+14 6.4274e+14 6.4274e+14 6.4274e+14 6.4274e+14 6.4274e+14 6.4274e+14 6.4274e+14 6.4274e+14 6.4274e+14 6.4274e+14 6.4274e+14 6.4274e+14 6.4274e+14 6.4274e+14 6.4274e+14 6.4274e+14 6.4274e+14 6.4274e+14 6.4274e+14 6.4274e+14 6.4274e+14 6.4274e+14 6.4274e+14 6.4274e+14 6.4274e+14 6.4274e+14 6.4274e+14 6.4274e+14 6.4274e+14 6.4274e+14 6.4274e+14 6.4274e+14 6.4274e+14 6.4274e+14 6.4274e+14 6.4274e+14 6.4274e+14 6.4274e+14 6.4274e+14 6.4274e+14 6.4274e+14 6.4274e+14 6.4274e+14 6.4274e+14 6.4274e+14 6.4274e+14
23.429 6.4274e+14 6.4274e+14 6.4274e+14 6.4274e+14 6.4274e+14 6.4274e+14 6.4274e+14 6.4274e+14 6.4274e+14 6.4274e+14 6.4274e+14 6.4274e+14 6.4274e+14 6.4274e+14 6.4274e+14 6.4274e+14 6.4274e+14 6.4274e+14 6.4274e+14 6.4274e+14 6.4274e+14 6.4274e+14 6.4274e+14 6.4274e+14 6.4274e+14 6.4274e+14 6.4274e+14 6.4274e+14 6.4274e+14 6.4274e+14 6.4274e+14 6.4274e+14 6.4274e+14 6.4274e+14 6.4274e+14 6.4274e+14 6.4274e+14 6.4274e+14 6.4274e+14 6.4274e+14 6.4274e+14 6.4274e+14 6.4274e+14 6.4274e+14 6.4274e+14 6.4274e+14 6.4274e+14
23.642 6.4274e+14 6.4274e+14 6.4274e+14 6.4274e+14 6.4274e+14 6.4274e+14 6.4274e+14 6.4274e+14 6.4274e+14 6.4274e+14 6.4274e+14 6.4274e+14 6.4274e+14 6.4274e+14 6.4274e+14 6.4274e+14 6.4274e+14 6.4274e+14 6.4274e+14 6.4274e+14 6.4274e+14 6.4274e+14 6.4274e+14 6.4274e+14 6.4274e+14 6.4274e+14 6.4274e+14 6.4274e+14 6.4274e+14 6.4274e+14 6.4274e+14 6.4274e+14 6.4274e+14 6.4274e+14 6.4274e+14 6.4274e+14 6.4274e+14 6.4274e+14 6.4274e+14 6.4274e+14 6.4274e+14 6.4274e+14 6.4274e+14 6.4274e+14 6.4274e+14 6.4274e+14 6.4274e+14
23.855 6.4274e+14 6.4274e+14 6.4274e+14 6.4274e+14 6.4274e+14 6.4274e+14 6.4274e+14 6.4274e+14 6.4274e+14 6.4274e+14 6.4274e+14 6.4274e+14 6.4274e+14 6.4274e+14 6.4274e+14 6.4274e+14 6.4274e+14 6.4274e+14 6.4274e+14 6.4274e+14 6.4274e+14 6.4274e+14 6.4274e+14 6.4274e+14 6.4274e+14 6.4274e+14 6.4274e+14 6.4274e+14 6.4274e+14 6.4274e+14 6.4274e+14 6.4274e+14 6.4274e+14 6.4274e+14 6.4274e+14 6.4274e+14 6.4274e+14 6.4274e+14 6.4274e+14 6.4274e+14 6.4274e+14 6.4274e+14 6.4274e+14 6.4274e+14 6.4274e+14 6.4274e+14 6.4274e+14
24.068 6.4274e+14 6.4274e+14 6.4274e+14 6.4274e+14 6.4274e+14 6.4274e+14 6.4274e+14 6.4274e+14 6.4274e+14 6.4274e+14 6.4274e+14 6.4274e+14 6.4274e+14 6.4274e+14 6.4274e+14 6.4274e+14 6.4274e+14 6.4274e+14 6.4274e+14 6.4274e+14 6.4274e+14 6.4274e+14 6.4274e+14 6.4274e+14 6.4274e+14 6.4274e+14 6.4274e+14 6.4274e+14 6.4274e+14 6.4274e+14 6.4274e+14 6.4274e+14 6.4274e+14 6.4274e+14 6.4274e+14 6.4274e+14 6.4274e+14 6.4274e+14 6.4274e+14 6.4274e+14 6.4274e+14 6.4274e+14 6.4274e+14 6.4274e+14 6.4274e+14 6.4274e+14 6.4274e+14
24.281 6.4274e+14 6.4274e+14 6.4274e+14 6.4274e+14 6.4274e+14 6.4274e+14 6.4274e+14 6.4274e+14 6.4274e+14 6.4274e+14 6.4274e+14 6.4274e+14 6.4274e+14 6.4274e+14 6.4274e+14 6.4274e+14 6.4274e+14 6.4274e+14 6.4274e+14 6.4274e+14 6.4274e+14 6.4274e+14 6.4274e+14 6.4274e+14 6.4274e+14 6.4274e+14 6.4274e+14 6.4274e+14 6.4274e+14 6.4274e+14 6.4274e+14 6.4274e+14 6.4274e+14 6.4274e+14 6.4274e+14 6.4274e+14 6.4274e+14 6.4274e+14 6.4274e+14 6.4274e+14 6.4274e+14 6.4274e+14 6.4274e+14 6.4274e+14 6.4274e+14 6.4274e+14 6.4274e+14
24.494 6.4274e+14 6.4274e+14 6.4274e+14 6.4274e+14 6.4274e+14 6.4274e+14 6.4274e+14 6.4274e+14 6.4274e+14 6.4274e+14 6.4274e+14 6.4274e+14 6.4274e+14 6.4274e+14 6.4274e+14 6.4274e+14 6.4274e+14 6.4274e+14 6.4274e+14 6.4274e+14 6.4274e+14 6.4274e+14 6.4274e+14 6.4274e+14 6.4274e+14 6.4274e+14 6.4274e+14 6.4274e+14 6.4274e+14 6.4274e+14 6.4274e+14 6.4274e+14 6.4274e+14 6.4274e+14 6.4274e+14 6.4274e+14 6.4274e+14 6.4274e+14 6.4274e+14 6.4274e+14 6.4274e+14 6.4274e+14 6.4274e+14 6.4274e+14 6.4274e+14 6.4274e+14 6.4274e+14
24.706 6.4274e+14 6.4274e+14 6.4274e+14 6.4274e+14 6.4274e+14 6.4274e+14 6.4274e+14 6.4274e+14 6.4274e+14 6.4274e+14 6.4274e+14 6.4274e+14 6.4274e+14 6.4274e+14 6.4274e+14 6.4274e+14 6.4274e+14 6.4274e+14 6.4274e+14 6.4274e+14 6.4274e+14 6.4274e+14 6.4274e+14 6.4274e+14 6.4274e+14 6.4274e+14 6.4274e+14 6.4274e+14 6.4274e+14 6.4274e+14 6.4274e+14 6.4274e+14 6.4274e+14 6.4274e+14 6.4274e+14 6.4274e+14 6.4274e+14 6.4274e+14 6.4274e+14 6.4274e+14 6.4274e+14 6.4274e+14 6.4274e+14 6.4274e+14 6.4274e+14 6.4274e+14 6.4274e+14
24.919 6.4274e+14 6.4274e+14 6.4274e+14 6.4274e+14 6.4274e+14 6.4274e+14 6.4274e+14 6.4274e+14 6.4274e+14 6.4274e+14 6.4274e+14 6.4274e+14 6.4274e+14 6.4274e+14 6.4274e+14 6.4274e+14 6.4274e+14 6.4274e+14 6.4274e+14 6.4274e+14 6.4274e+14 6.4274e+14 6.4274e+14 6.4274e+14 6.4274e+14 6.4274e+14 6.4274e+14 6.4274e+14 6.4274e+14 6.4274e+14 6.4274e+14 6.4274e+14 6.4274e+14 6.4274e+14 6.4274e+14 6.4274e+14 6.4274e+14 6.4274e+14 6.4274e+14 6.4274e+14 6.4274e+14 6.4274e+14 6.4274e+14 6.4274e+14 6.4274e+14 6.4274e+14 6.4274e+14
25.132 6.4274e+14 6.4274e+14 6.4274e+14 6.4274e+14 6.4274e+14 6.4274e+14 6.4274e+14 6.4274e+14 6.4274e+14 6.4274e+14 6.4274e+14 6.4274e+14 6.4274e+14 6.4274e+14 6.4274e+14 6.4274e+14 6.4274e+14 6.4274e+14 6.4274e+14 6.4274e+14 6.4274e+14 6.4274e+14 6.4274e+14 6.4274e+14 6.4274e+14 6.4274e+14 6.4274e+14 6.4274e+14 6.4274e+14 6.4274e+14 6.4274e+14 6.4274e+14 6.4274e+14 6.4274e+14 6.4274e+14 6.4274e+14 6.4274e+14 6.4274e+14 6.4274e+14 6.4274e+14 6.4274e+14 6.4274e+14 6.4274e+14 6.4274e+14 6.4274e+14 6.4274e+14 6.4274e+14
25.345 6.4274e+14 6.4274e+14 6.4274e+14 6.4274e+14 6.4274e+14 6.4274e+14 6.4274e+14 6.4274e+14 6.4274e+14 6.4274e+14 6.4274e+14 6.4274e+14 6.4274e+14 6.4274e+14 6.4274e+14 6.4274e+14 6.4274e+14 6.4274e+14 6.4274e+14 6.4274e+14 6.4274e+14 6.4274e+14 6.4274e+14 6.4274e+14 6.4274e+14 6.4274e+14 6.4274e+14 6.4274e+14 6.4274e+14 6.4274e+14 6.4274e+14 6.4274e+14 6.4274e+14 6.4274e+14 6.4274e+14 6.4274e+14 6.4274e+14 6.4274e+14 6.4274e+14 6.4274e+14 6.4274e+14 6.4274e+14 6.4274e+14 6.4274e+14 6.4274e+14 6.4274e+14 6.4274e+14
25.558 6.4274e+14 6.4274e+14 6.4274e+14 6.4274e+14 6.4274e+14 6.4274e+14 6.4274e+14 6.4274e+14 6.4274e+14 6.4274e+14 6.4274e+14 6.4274e+14 6.4274e+14 6.4274e+14 6.4274e+14 6.4274e+14 6.4274e+14 6.4274e+14 6.4274e+14 6.4274e+14 6.4274e+14 6.4274e+14 6.4274e+14 6.4274e+14 6.4274e+14 6.4274e+14 6.4274e+14 6.4274e+14 6.4274e+14 6.4274e+14 6.4274e+14 6.4274e+14 6.4274e+14 6.4274e+14 6.4274e+14 6.4274e+14 6.4274e+14 6.4274e+14 6.4274e+14 6.4274e+14 6.4274e+14 6.4274e+14 6.4274e+14 6.4274e+14 6.4274e+14 6.4274e+14 6.4274e+14
25.771 6.4274e+14 6.4274e+14 6.4274e+14 6.4274e+14 6.4274e+14 6.4274e+14 6.4274e+14 6.4274e+14 6.4274e+14 6.4274e+14 6.4274e+14 6.4274e+14 6.4274e+14 6.4274e+14 6.4274e+14 6.4274e+14 6.4274e+14 6.4274e+14 6.4274e+14 6.4274e+14 6.4274e+14 6.4274e+14 6.4274e+14 6.4274e+14 6.4274e+14 6.4274e+14 6.4274e+14 6.4274e+14 6.4274e+14 6.4274e+14 6.4274e+14 6.4274e+14 6.4274e+14 6.4274e+14 6.4274e+14 6.4274e+14 6.4274e+14 6.4274e+14 6.4274e+14 6.4274e+14 6.4274e+14 6.4274e+14 6.4274e+14 6.4274e+14 6.4274e+14 6.4274e+14 6.4274e+14
25.984 6.4274e+14 6.4274e+14 6.4274e+14 6.4274e+14 6.4274e+14 6.4274e+14 6.4274e+14 6.4274e+14 6.4274e+14 6.4274e+14 6.4274e+14 6.4274e+14 6.4274e+14 6.4274e+14 6.4274e+14 6.4274e+14 6.4274e+14 6.4274e+14 6.4274e+14 6.4274e+14 6.4274e+14 6.4274e+14 6.4274e+14 6.4274e+14 6.4274e+14 6.4274e+14 6.4274e+14 6.4274e+14 6.4274e+14 6.4274e+14 6.4274e+14 6.4274e+14 6.4274e+14 6.4274e+14 6.4274e+14 6.4274e+14 6.4274e+14 6.4274e+14 6.4274e+14 6.4274e+14 6.4274e+14 6.4274e+14 6.4274e+14 6.4274e+14 6.4274e+14 6.4274e+14 6.4274e+14
26.197 6.4274e+14 6.4274e+14 6.4274e+14 6.4274e+14 6.4274e+14 6.4274e+14 6.4274e+14 6.4274e+14 6.4274e+14 6.4274e+14 6.4274e+14 6.4274e+14 6.4274e+14 6.4274e+14 6.4274e+14 6.4274e+14 6.4274e+14 6.4274e+14 6.4274e+14 6.4274e+14 6.4274e+14 6.4274e+14 6.4274e+14 6.4274e+14 6.4274e+14 6.4274e+14 6.4274e+14 6.4274e+14 6.4274e+14 6.4274e+14 6.4274e+14 6.4274e+14 6.4274e+14 6.4274e+14 6.4274e+14 6.4274e+14 6.4274e+14 6.4274e+14 6.4274e+14 6.4274e+14 6.4274e+14 6.4274e+14 6.4274e+14 6.4274e+14 6.4274e+14 6.4274e+14 6.4274e+14
26.41 6.4274e+14 6.4274e+14 6.4274e+14 6.4274e+14 6.4274e+14 6.4274e+14 6.4274e+14 6.4274e+14 6.4274e+14 6.4274e+14 6.4274e+14 6.4274e+14 6.4274e+14 6.4274e+14 6.4274e+14 6.4274e+14 6.4274e+14 6.4274e+14 6.4274e+14 6.4274e+14 6.4274e+14 6.4274e+14 6.4274e+14 6.4274e+14 6.4274e+14 6.4274e+14 6.4274e+14 6.4274e+14 6.4274e+14 6.4274e+14 6.4274e+14 6.4274e+14 6.4274e+14 6.4274e+14 6.4274e+14 6.4274e+14 6.4274e+14 6.4274e+14 6.4274e+14 6.4274e+14 6.4274e+14 6.4274e+14 6.4274e+14 6.4274e+14 6.4274e+14 6.4274e+14 6.4274e+14
26.623 6.4274e+14 6.4274e+14 6.4274e+14 6.4274e+14 6.4274e+14 6.4274e+14 6.4274e+14 6.4274e+14 6.4274e+14 6.4274e+14 6.4274e+14 6.4274e+14 6.4274e+14 6.4274e+14 6.4274e+14 6.4274e+14 6.4274e+14 6.4274e+14 6.4274e+14 6.4274e+14 6.4274e+14 6.4274e+14 6.4274e+14 6.4274e+14 6.4274e+14 6.4274e+14 6.4274e+14 6.4274e+14 6.4274e+14 6.4274e+14 6.4274e+14 6.4274e+14 6.4274e+14 6.4274e+14 6.4274e+14 6.4274e+14 6.4274e+14 6.4274e+14 6.4274e+14 6.4274e+14 6.4274e+14 6.4274e+14 6.4274e+14 6.4274e+14 6.4274e+14 6.4274e+14 6.4274e+14
26.836 6.4274e+14 6.4274e+14 6.4274e+14 6.4274e+14 6.4274e+14 6.4274e+14 6.4274e+14 6.4274e+14 6.4274e+14 6.4274e+14 6.4274e+14 6.4274e+14 6.4274e+14 6.4274e+14 6.4274e+14 6.4274e+14 6.4274e+14 6.4274e+14 6.4274e+14 6.4274e+14 6.4274e+14 6.4274e+14 6.4274e+14 6.4274e+14 6.4274e+14 6.4274e+14 6.4274e+14 6.4274e+14 6.4274e+14 6.4274e+14 6.4274e+14 6.4274e+14 6.4274e+14 6.4274e+14 6.4274e+14 6.4274e+14 6.4274e+14 6.4274e+14 6.4274e+14 6.4274e+14 6.4274e+14 6.4274e+14 6.4274e+14 6.4274e+14 6.4274e+14 6.4274e+14 6.4274e+14
27.049 6.4274e+14 6.4274e+14 6.4274e+14 6.4274e+14 6.4274e+14 6.4274e+14 6.4274e+14 6.4274e+14 6.4274e+14 6.4274e+14 6.4274e+14 6.4274e+14 6.4274e+14 6.4274e+14 6.4274e+14 6.4274e+14 6.4274e+14 6.4274e+14 6.4274e+14 6.4274e+14 6.4274e+14 6.4274e+14 6.4274e+14 6.4274e+14 6.4274e+14 6.4274e+14 6.4274e+14 6.4274e+14 6.4274e+14 6.4274e+14 6.4274e+14 6.4274e+14 6.4274e+14 6.4274e+14 6.4274e+14 6.4274e+14 6.4274e+14 6.4274e+14 6.4274e+14 6.4274e+14 6.4274e+14 6.4274e+14 6.4274e+14 6.4274e+14 6.4274e+14 6.4274e+14 6.4274e+14
27.262 6.4274e+14 6.4274e+14 6.4274e+14 6.4274e+14 6.4274e+14 6.4274e+14 6.4274e+14 6.4274e+14 6.4274e+14 6.4274e+14 6.4274e+14 6.4274e+14 6.4274e+14 6.4274e+14 6.4274e+14 6.4274e+14 6.4274e+14 6.4274e+14 6.4274e+14 6.4274e+14 6.4274e+14 6.4274e+14 6.4274e+14 6.4274e+14 6.4274e+14 6.4274e+14 6.4274e+14 6.4274e+14 6.4274e+14 6.4274e+14 6.4274e+14 6.4274e+14 6.4274e+14 6.4274e+14 6.4274e+14 6.4274e+14 6.4274e+14 6.4274e+14 6.4274e+14 6.4274e+14 6.4274e+14 6.4274e+14 6.4274e+14 6.4274e+14 6.4274e+14 6.4274e+14 6.4274e+14
27.475 6.4274e+14 6.4274e+14 6.4274e+14 6.4274e+14 6.4274e+14 6.4274e+14 6.4274e+14 6.4274e+14 6.4274e+14 6.4274e+14 6.4274e+14 6.4274e+14 6.4274e+14 6.4274e+14 6.4274e+14 6.4274e+14 6.4274e+14 6.4274e+14 6.4274e+14 6.4274e+14 6.4274e+14 6.4274e+14 6.4274e+14 6.4274e+14 6.4274e+14 6.4274e+14 6.4274e+14 6.4274e+14 6.4274e+14 6.4274e+14 6.4274e+14 6.4274e+14 6.4274e+14 6.4274e+14 6.4274e+14 6.4274e+14 6.4274e+14 6.4274e+14 6.4274e+14 6.4274e+14 6.4274e+14 6.4274e+14 6.4274e+14 6.4274e+14 6.4274e+14 6.4274e+14 6.4274e+14
27.688 6.4274e+14 6.4274e+14 6.4274e+14 6.4274e+14 6.4274e+14 6.4274e+14 6.4274e+14 6.4274e+14 6.4274e+14 6.4274e+14 6.4274e+14 6.4274e+14 6.4274e+14 6.4274e+14 6.4274e+14 6.4274e+14 6.4274e+14 6.4274e+14 6.4274e+14 6.4274e+14 6.4274e+14 6.4274e+14 6.4274e+14 6.4274e+14 6.4274e+14 6.4274e+14 6.4274e+14 6.4274e+14 6.4274e+14 6.4274e+14 6.4274e+14 6.4274e+14 6.4274e+14 6.4274e+14 6.4274e+14 6.4274e+14 6.4274e+14 6.4274e+14 6.4274e+14 6.4274e+14 6.4274e+14 6.4274e+14 6.4274e+14 6.4274e+14 6.4274e+14 6.4274e+14 6.4274e+14
27.901 6.4274e+14 6.4274e+14 6.4274e+14 6.4274e+14 6.4274e+14 6.4274e+14 6.4274e+14 6.4274e+14 6.4274e+14 6.4274e+14 6.4274e+14 6.4274e+14 6.4274e+14 6.4274e+14 6.4274e+14 6.4274e+14 6.4274e+14 6.4274e+14 6.4274e+14 6.4274e+14 6.4274e+14 6.4274e+14 6.4274e+14 6.4274e+14 6.4274e+14 6.4274e+14 6.4274e+14 6.4274e+14 6.4274e+14 6.4274e+14 6.4274e+14 6.4274e+14 6.4274e+14 6.4274e+14 6.4274e+14 6.4274e+14 6.4274e+14 6.4274e+14 6.4274e+14 6.4274e+14 6.4274e+14 6.4274e+14 6.4274e+14 6.4274e+14 6.4274e+14 6.4274e+14 6.4274e+14
28.114 6.4274e+14 6.4274e+14 6.4274e+14 6.4274e+14 6.4274e+14 6.4274e+14 6.4274e+14 6.4274e+14 6.4274e+14 6.4274e+14 6.4274e+14 6.4274e+14 6.4274e+14 6.4274e+14 6.4274e+14 6.4274e+14 6.4274e+14 6.4274e+14 6.4274e+14 6.4274e+14 6.4274e+14 6.4274e+14 6.4274e+14 6.4274e+14 6.4274e+14 6.4274e+14 6.4274e+14 6.4274e+14 6.4274e+14 6.4274e+14 6.4274e+14 6.4274e+14 6.4274e+14 6.4274e+14 6.4274e+14 6.4274e+14 6.4274e+14 6.4274e+14 6.4274e+14 6.4274e+14 6.4274e+14 6.4274e+14 6.4274e+14 6.4274e+14 6.4274e+14 6.4274e+14 6.4274e+14
28.327 6.4274e+14 6.4274e+14 6.4274e+14 6.4274e+14 6.4274e+14 6.4274e+14 6.4274e+14 6.4274e+14 6.4274e+14 6.4274e+14 6.4274e+14 6.4274e+14 6.4274e+14 6.4274e+14 6.4274e+14 6.4274e+14 6.4274e+14 6.4274e+14 6.4274e+14 6.4274e+14 6.4274e+14 6.4274e+14 6.4274e+14 6.4274e+14 6.4274e+14 6.4274e+14 6.4274e+14 6.4274e+14 6.4274e+14 6.4274e+14 6.4274e+14 6.4274e+14 6.4274e+14 6.4274e+14 6.4274e+14 6.4274e+14 6.4274e+14 6.4274e+14 6.4274e+14 6.4274e+14 6.4274e+14 6.4274e+14 6.4274e+14 6.4274e+14 6.4274e+14 6.4274e+14 6.4274e+14
28.54 6.4274e+14 6.4274e+14 6.4274e+14 6.4274e+14 6.4274e+14 6.4274e+14 6.4274e+14 6.4274e+14 6.4274e+14 6.4274e+14 6.4274e+14 6.4274e+14 6.4274e+14 6.4274e+14 6.4274e+14 6.4274e+14 6.4274e+14 6.4274e+14 6.4274e+14 6.4274e+14 6.4274e+14 6.4274e+14 6.4274e+14 6.4274e+14 6.4274e+14 6.4274e+14 6.4274e+14 6.4274e+14 6.4274e+14 6.4274e+14 6.4274e+14 6.4274e+14 6.4274e+14 6.4274e+14 6.4274e+14 6.4274e+14 6.4274e+14 6.4274e+14 6.4274e+14 6.4274e+14 6.4274e+14 6.4274e+14 6.4274e+14 6.4274e+14 6.4274e+14 6.4274e+14 6.4274e+14
28.753 6.4274e+14 6.4274e+14 6.4274e+14 6.4274e+14 6.4274e+14 6.4274e+14 6.4274e+14 6.4274e+14 6.4274e+14 6.4274e+14 6.4274e+14 6.4274e+14 6.4274e+14 6.4274e+14 6.4274e+14 6.4274e+14 6.4274e+14 6.4274e+14 6.4274e+14 6.4274e+14 6.4274e+14 6.4274e+14 6.4274e+14 6.4274e+14 6.4274e+14 6.4274e+14 6.4274e+14 6.4274e+14 6.4274e+14 6.4274e+14 6.4274e+14 6.4274e+14 6.4274e+14 6.4274e+14 6.4274e+14 6.4274e+14 6.4274e+14 6.4274e+14 6.4274e+14 6.4274e+14 6.4274e+14 6.4274e+14 6.4274e+14 6.4274e+14 6.4274e+14 6.4274e+14 6.4274e+14
28.966 6.4274e+14 6.4274e+14 6.4274e+14 6.4274e+14 6.4274e+14 6.4274e+14 6.4274e+14 6.4274e+14 6.4274e+14 6.4274e+14 6.4274e+14 6.4274e+14 6.4274e+14 6.4274e+14 6.4274e+14 6.4274e+14 6.4274e+14 6.4274e+14 6.4274e+14 6.4274e+14 6.4274e+14 6.4274e+14 6.4274e+14 6.4274e+14 6.4274e+14 6.4274e+14 6.4274e+14 6.4274e+14 6.4274e+14 6.4274e+14 6.4274e+14 6.4274e+14 6.4274e+14 6.4274e+14 6.4274e+14 6.4274e+14 6.4274e+14 6.4274e+14 6.4274e+14 6.4274e+14 6.4274e+14 6.4274e+14 6.4274e+14 6.4274e+14 6.4274e+14 6.4274e+14 6.4274e+14
29.179 6.4274e+14 6.4274e+14 6.4274e+14 6.4274e+14 6.4274e+14 6.4274e+14 6.4274e+14 6.4274e+14 6.4274e+14 6.4274e+14 6.4274e+14 6.4274e+14 6.4274e+14 6.4274e+14 6.4274e+14 6.4274e+14 6.4274e+14 6.4274e+14 6.4274e+14 6.4274e+14 6.4274e+14 6.4274e+14 6.4274e+14 6.4274e+14 6.4274e+14 6.4274e+14 6.4274e+14 6.4274e+14 6.4274e+14 6.4274e+14 6.4274e+14 6.4274e+14 6.4274e+14 6.4274e+14 6.4274e+14 6.4274e+14 6.4274e+14 6.4274e+14 6.4274e+14 6.4274e+14 6.4274e+14 6.4274e+14 6.4274e+14 6.4274e+14 6.4274e+14 6.4274e+14 6.4274e+14
29.392 6.4274e+14 6.4274e+14 6.4274e+14 6.4274e+14 6.4274e+14 6.4274e+14 6.4274e+14 6.4274e+14 6.4274e+14 6.4274e+14 6.4274e+14 6.4274e+14 6.4274e+14 6.4274e+14 6.4274e+14 6.4274e+14 6.4274e+14 6.4274e+14 6.4274e+14 6.4274e+14 6.4274e+14 6.4274e+14 6.4274e+14 6.4274e+14 6.4274e+14 6.4274e+14 6.4274e+14 6.4274e+14 6.4274e+14 6.4274e+14 6.4274e+14 6.4274e+14 6.4274e+14 6.4274e+14 6.4274e+14 6.4274e+14 6.4274e+14 6.4274e+14 6.4274e+14 6.4274e+14 6.4274e+14 6.4274e+14 6.4274e+14 6.4274e+14 6.4274e+14 6.4274e+14 6.4274e+14
29.605 6.4274e+14 6.4274e+14 6.4274e+14 6.4274e+14 6.4274e+14 6.4274e+14 6.4274e+14 6.4274e+14 6.4274e+14 6.4274e+14 6.4274e+14 6.4274e+14 6.4274e+14 6.4274e+14 6.4274e+14 6.4274e+14 6.4274e+14 6.4274e+14 6.4274e+14 6.4274e+14 6.4274e+14 6.4274e+14 6.4274e+14 6.4274e+14 6.4274e+14 6.4274e+14 6.4274e+14 6.4274e+14 6.4274e+14 6.4274e+14 6.4274e+14 6.4274e+14 6.4274e+14 6.4274e+14 6.4274e+14 6.4274e+14 6.4274e+14 6.4274e+14 6.4274e+14 6.4274e+14 6.4274e+14 6.4274e+14 6.4274e+14 6.4274e+14 6.4274e+14 6.4274e+14 6.4274e+14
29.818 6.4274e+14 6.4274e+14 6.4274e+14 6.4274e+14 6.4274e+14 6.4274e+14 6.4274e+14 6.4274e+14 6.4274e+14 6.4274e+14 6.4274e+14 6.4274e+14 6.4274e+14 6.4274e+14 6.4274e+14 6.4274e+14 6.4274e+14 6.4274e+14 6.4274e+14 6.4274e+14 6.4274e+14 6.4274e+14 6.4274e+14 6.4274e+14 6.4274e+14 6.4274e+14 6.4274e+14 6.4274e+14 6.4274e+14 6.4274e+14 6.4274e+14 6.4274e+14 6.4274e+14 6.4274e+14 6.4274e+14 6.4274e+14 6.4274e+14 6.4274e+14 6.4274e+14 6.4274e+14 6.4274e+14 6.4274e+14 6.4274e+14 6.4274e+14 6.4274e+14 6.4274e+14 6.4274e+14
